"PreSens Measurement Studio 2","4.0.0.2353",""
"Date","Time","Channel","User","SensorID","Sensor_Name","delta_t","Time_Unit","Value","O2_Unit","Mode","Phase","Phase_Unit","Amplitude","Amplitude_Unit","Temp","Temp_Unit","Pressure","Pressure_Unit","Salinity","Salinity_Unit","Error","Cal0","Cal0_Unit","T0","T0_Unit","O2Cal2nd","O2_Unit","Cal2nd","Cal2nd_Unit","T2nd","T2nd_Unit","CalPressure","CalPressure_Unit","f1","dPhi1","dkSv1","dPhi2","dkSv2","m","Cal_Mode","SignalLEDCurrent","User_Signal_Intensity","ReferenceLEDCurrent","Reference_Amplitude","Device_Serial","FwVersion","SwVersion","Sensor_Type","BatchID","Calibration_Date","Sensor_Lot","PreSens_Calibr","Battery_Voltage","Battery_Voltage_Unit","Cal0_Amplitude","Cal0_Amplitude_Unit","Cal2nd_Amplitude","Cal2nd_Amplitude_Unit"
"07/08/2024","16:07:42","1","default","166358087","001","0.000","min","239.623","μmol/L","Humid","24.625","deg","36624","µV","27.000","°C","1024.000","hPa","38.4","pmil","0","59.850","deg","20.000","°C","100.000","%a.s.","26.990","deg","23.835","°C","1018.000","hPa","0.808","-0.065","0.00038","-0.00034","0","31","Humid","5.00","0","2500.00","34850.64","SADD0002000339 Box 1","ABF1.0.0.0","4.0.0.2353","PSt3","221014-001","6/4/2024 1:58:11 PM","0000-00","0","no battery","V","","µV","","µV"
"07/08/2024","16:07:43","1","default","166358087","001","0.017","min","239.720","μmol/L","Humid","24.621","deg","36633","µV","27.000","°C","1024.000","hPa","38.4","pmil","0","59.850","deg","20.000","°C","100.000","%a.s.","26.990","deg","23.835","°C","1018.000","hPa","0.808","-0.065","0.00038","-0.00034","0","31","Humid","5.00","0","2500.00","34852.12","SADD0002000339 Box 1","ABF1.0.0.0","4.0.0.2353","PSt3","221014-001","6/4/2024 1:58:11 PM","0000-00","0","no battery","V","","µV","","µV"
"07/08/2024","16:07:44","1","default","166358087","001","0.033","min","239.574","μmol/L","Humid","24.627","deg","36640","µV","27.000","°C","1024.000","hPa","38.4","pmil","0","59.850","deg","20.000","°C","100.000","%a.s.","26.990","deg","23.835","°C","1018.000","hPa","0.808","-0.065","0.00038","-0.00034","0","31","Humid","5.00","0","2500.00","34852.70","SADD0002000339 Box 1","ABF1.0.0.0","4.0.0.2353","PSt3","221014-001","6/4/2024 1:58:11 PM","0000-00","0","no battery","V","","µV","","µV"
"07/08/2024","16:07:45","1","default","166358087","001","0.050","min","239.598","μmol/L","Humid","24.626","deg","36637","µV","27.000","°C","1024.000","hPa","38.4","pmil","0","59.850","deg","20.000","°C","100.000","%a.s.","26.990","deg","23.835","°C","1018.000","hPa","0.808","-0.065","0.00038","-0.00034","0","31","Humid","5.00","0","2500.00","34858.41","SADD0002000339 Box 1","ABF1.0.0.0","4.0.0.2353","PSt3","221014-001","6/4/2024 1:58:11 PM","0000-00","0","no battery","V","","µV","","µV"
"07/08/2024","16:07:46","1","default","166358087","001","0.066","min","239.525","μmol/L","Humid","24.629","deg","36638","µV","27.000","°C","1024.000","hPa","38.4","pmil","0","59.850","deg","20.000","°C","100.000","%a.s.","26.990","deg","23.835","°C","1018.000","hPa","0.808","-0.065","0.00038","-0.00034","0","31","Humid","5.00","0","2500.00","34858.56","SADD0002000339 Box 1","ABF1.0.0.0","4.0.0.2353","PSt3","221014-001","6/4/2024 1:58:11 PM","0000-00","0","no battery","V","","µV","","µV"
"07/08/2024","16:07:47","1","default","166358087","001","0.083","min","239.574","μmol/L","Humid","24.627","deg","36635","µV","27.000","°C","1024.000","hPa","38.4","pmil","0","59.850","deg","20.000","°C","100.000","%a.s.","26.990","deg","23.835","°C","1018.000","hPa","0.808","-0.065","0.00038","-0.00034","0","31","Humid","5.00","0","2500.00","34855.76","SADD0002000339 Box 1","ABF1.0.0.0","4.0.0.2353","PSt3","221014-001","6/4/2024 1:58:11 PM","0000-00","0","no battery","V","","µV","","µV"
"07/08/2024","16:07:48","1","default","166358087","001","0.100","min","239.745","μmol/L","Humid","24.620","deg","36631","µV","27.000","°C","1024.000","hPa","38.4","pmil","0","59.850","deg","20.000","°C","100.000","%a.s.","26.990","deg","23.835","°C","1018.000","hPa","0.808","-0.065","0.00038","-0.00034","0","31","Humid","5.00","0","2500.00","34851.13","SADD0002000339 Box 1","ABF1.0.0.0","4.0.0.2353","PSt3","221014-001","6/4/2024 1:58:11 PM","0000-00","0","no battery","V","","µV","","µV"
"07/08/2024","16:07:49","1","default","166358087","001","0.116","min","239.672","μmol/L","Humid","24.623","deg","36637","µV","27.000","°C","1024.000","hPa","38.4","pmil","0","59.850","deg","20.000","°C","100.000","%a.s.","26.990","deg","23.835","°C","1018.000","hPa","0.808","-0.065","0.00038","-0.00034","0","31","Humid","5.00","0","2500.00","34855.93","SADD0002000339 Box 1","ABF1.0.0.0","4.0.0.2353","PSt3","221014-001","6/4/2024 1:58:11 PM","0000-00","0","no battery","V","","µV","","µV"
"07/08/2024","16:07:50","1","default","166358087","001","0.133","min","239.647","μmol/L","Humid","24.624","deg","36631","µV","27.000","°C","1024.000","hPa","38.4","pmil","0","59.850","deg","20.000","°C","100.000","%a.s.","26.990","deg","23.835","°C","1018.000","hPa","0.808","-0.065","0.00038","-0.00034","0","31","Humid","5.00","0","2500.00","34855.07","SADD0002000339 Box 1","ABF1.0.0.0","4.0.0.2353","PSt3","221014-001","6/4/2024 1:58:11 PM","0000-00","0","no battery","V","","µV","","µV"
"07/08/2024","16:07:51","1","default","166358087","001","0.150","min","239.477","μmol/L","Humid","24.631","deg","36627","µV","27.000","°C","1024.000","hPa","38.4","pmil","0","59.850","deg","20.000","°C","100.000","%a.s.","26.990","deg","23.835","°C","1018.000","hPa","0.808","-0.065","0.00038","-0.00034","0","31","Humid","5.00","0","2500.00","34853.68","SADD0002000339 Box 1","ABF1.0.0.0","4.0.0.2353","PSt3","221014-001","6/4/2024 1:58:11 PM","0000-00","0","no battery","V","","µV","","µV"
"07/08/2024","16:07:52","1","default","166358087","001","0.167","min","239.696","μmol/L","Humid","24.622","deg","36636","µV","27.000","°C","1024.000","hPa","38.4","pmil","0","59.850","deg","20.000","°C","100.000","%a.s.","26.990","deg","23.835","°C","1018.000","hPa","0.808","-0.065","0.00038","-0.00034","0","31","Humid","5.00","0","2500.00","34851.65","SADD0002000339 Box 1","ABF1.0.0.0","4.0.0.2353","PSt3","221014-001","6/4/2024 1:58:11 PM","0000-00","0","no battery","V","","µV","","µV"
"07/08/2024","16:07:53","1","default","166358087","001","0.183","min","239.794","μmol/L","Humid","24.618","deg","36631","µV","27.000","°C","1024.000","hPa","38.4","pmil","0","59.850","deg","20.000","°C","100.000","%a.s.","26.990","deg","23.835","°C","1018.000","hPa","0.808","-0.065","0.00038","-0.00034","0","31","Humid","5.00","0","2500.00","34855.00","SADD0002000339 Box 1","ABF1.0.0.0","4.0.0.2353","PSt3","221014-001","6/4/2024 1:58:11 PM","0000-00","0","no battery","V","","µV","","µV"
"07/08/2024","16:07:54","1","default","166358087","001","0.200","min","239.647","μmol/L","Humid","24.624","deg","36628","µV","27.000","°C","1024.000","hPa","38.4","pmil","0","59.850","deg","20.000","°C","100.000","%a.s.","26.990","deg","23.835","°C","1018.000","hPa","0.808","-0.065","0.00038","-0.00034","0","31","Humid","5.00","0","2500.00","34852.61","SADD0002000339 Box 1","ABF1.0.0.0","4.0.0.2353","PSt3","221014-001","6/4/2024 1:58:11 PM","0000-00","0","no battery","V","","µV","","µV"
"07/08/2024","16:07:55","1","default","166358087","001","0.217","min","239.745","μmol/L","Humid","24.620","deg","36621","µV","27.000","°C","1024.000","hPa","38.4","pmil","0","59.850","deg","20.000","°C","100.000","%a.s.","26.990","deg","23.835","°C","1018.000","hPa","0.808","-0.065","0.00038","-0.00034","0","31","Humid","5.00","0","2500.00","34857.51","SADD0002000339 Box 1","ABF1.0.0.0","4.0.0.2353","PSt3","221014-001","6/4/2024 1:58:11 PM","0000-00","0","no battery","V","","µV","","µV"
"07/08/2024","16:07:56","1","default","166358087","001","0.233","min","239.842","μmol/L","Humid","24.616","deg","36622","µV","27.000","°C","1024.000","hPa","38.4","pmil","0","59.850","deg","20.000","°C","100.000","%a.s.","26.990","deg","23.835","°C","1018.000","hPa","0.808","-0.065","0.00038","-0.00034","0","31","Humid","5.00","0","2500.00","34857.28","SADD0002000339 Box 1","ABF1.0.0.0","4.0.0.2353","PSt3","221014-001","6/4/2024 1:58:11 PM","0000-00","0","no battery","V","","µV","","µV"
"07/08/2024","16:07:57","1","default","166358087","001","0.250","min","239.818","μmol/L","Humid","24.617","deg","36626","µV","27.000","°C","1024.000","hPa","38.4","pmil","0","59.850","deg","20.000","°C","100.000","%a.s.","26.990","deg","23.835","°C","1018.000","hPa","0.808","-0.065","0.00038","-0.00034","0","31","Humid","5.00","0","2500.00","34852.22","SADD0002000339 Box 1","ABF1.0.0.0","4.0.0.2353","PSt3","221014-001","6/4/2024 1:58:11 PM","0000-00","0","no battery","V","","µV","","µV"
"07/08/2024","16:07:58","1","default","166358087","001","0.267","min","239.598","μmol/L","Humid","24.626","deg","36619","µV","27.000","°C","1024.000","hPa","38.4","pmil","0","59.850","deg","20.000","°C","100.000","%a.s.","26.990","deg","23.835","°C","1018.000","hPa","0.808","-0.065","0.00038","-0.00034","0","31","Humid","5.00","0","2500.00","34847.89","SADD0002000339 Box 1","ABF1.0.0.0","4.0.0.2353","PSt3","221014-001","6/4/2024 1:58:11 PM","0000-00","0","no battery","V","","µV","","µV"
"07/08/2024","16:07:59","1","default","166358087","001","0.283","min","239.916","μmol/L","Humid","24.613","deg","36620","µV","27.000","°C","1024.000","hPa","38.4","pmil","0","59.850","deg","20.000","°C","100.000","%a.s.","26.990","deg","23.835","°C","1018.000","hPa","0.808","-0.065","0.00038","-0.00034","0","31","Humid","5.00","0","2500.00","34851.91","SADD0002000339 Box 1","ABF1.0.0.0","4.0.0.2353","PSt3","221014-001","6/4/2024 1:58:11 PM","0000-00","0","no battery","V","","µV","","µV"
"07/08/2024","16:08:00","1","default","166358087","001","0.300","min","239.720","μmol/L","Humid","24.621","deg","36617","µV","27.000","°C","1024.000","hPa","38.4","pmil","0","59.850","deg","20.000","°C","100.000","%a.s.","26.990","deg","23.835","°C","1018.000","hPa","0.808","-0.065","0.00038","-0.00034","0","31","Humid","5.00","0","2500.00","34853.92","SADD0002000339 Box 1","ABF1.0.0.0","4.0.0.2353","PSt3","221014-001","6/4/2024 1:58:11 PM","0000-00","0","no battery","V","","µV","","µV"
"07/08/2024","16:08:01","1","default","166358087","001","0.316","min","239.282","μmol/L","Humid","24.639","deg","36610","µV","27.000","°C","1024.000","hPa","38.4","pmil","0","59.850","deg","20.000","°C","100.000","%a.s.","26.990","deg","23.835","°C","1018.000","hPa","0.808","-0.065","0.00038","-0.00034","0","31","Humid","5.00","0","2500.00","34851.34","SADD0002000339 Box 1","ABF1.0.0.0","4.0.0.2353","PSt3","221014-001","6/4/2024 1:58:11 PM","0000-00","0","no battery","V","","µV","","µV"
"07/08/2024","16:08:02","1","default","166358087","001","0.333","min","239.720","μmol/L","Humid","24.621","deg","36606","µV","27.000","°C","1024.000","hPa","38.4","pmil","0","59.850","deg","20.000","°C","100.000","%a.s.","26.990","deg","23.835","°C","1018.000","hPa","0.808","-0.065","0.00038","-0.00034","0","31","Humid","5.00","0","2500.00","34856.17","SADD0002000339 Box 1","ABF1.0.0.0","4.0.0.2353","PSt3","221014-001","6/4/2024 1:58:11 PM","0000-00","0","no battery","V","","µV","","µV"
"07/08/2024","16:08:03","1","default","166358087","001","0.350","min","240.111","μmol/L","Humid","24.605","deg","36609","µV","27.000","°C","1024.000","hPa","38.4","pmil","0","59.850","deg","20.000","°C","100.000","%a.s.","26.990","deg","23.835","°C","1018.000","hPa","0.808","-0.065","0.00038","-0.00034","0","31","Humid","5.00","0","2500.00","34854.43","SADD0002000339 Box 1","ABF1.0.0.0","4.0.0.2353","PSt3","221014-001","6/4/2024 1:58:11 PM","0000-00","0","no battery","V","","µV","","µV"
"07/08/2024","16:08:04","1","default","166358087","001","0.367","min","239.623","μmol/L","Humid","24.625","deg","36614","µV","27.000","°C","1024.000","hPa","38.4","pmil","0","59.850","deg","20.000","°C","100.000","%a.s.","26.990","deg","23.835","°C","1018.000","hPa","0.808","-0.065","0.00038","-0.00034","0","31","Humid","5.00","0","2500.00","34853.10","SADD0002000339 Box 1","ABF1.0.0.0","4.0.0.2353","PSt3","221014-001","6/4/2024 1:58:11 PM","0000-00","0","no battery","V","","µV","","µV"
"07/08/2024","16:08:05","1","default","166358087","001","0.383","min","240.038","μmol/L","Humid","24.608","deg","36614","µV","27.000","°C","1024.000","hPa","38.4","pmil","0","59.850","deg","20.000","°C","100.000","%a.s.","26.990","deg","23.835","°C","1018.000","hPa","0.808","-0.065","0.00038","-0.00034","0","31","Humid","5.00","0","2500.00","34852.62","SADD0002000339 Box 1","ABF1.0.0.0","4.0.0.2353","PSt3","221014-001","6/4/2024 1:58:11 PM","0000-00","0","no battery","V","","µV","","µV"
"07/08/2024","16:08:06","1","default","166358087","001","0.400","min","240.087","μmol/L","Humid","24.606","deg","36604","µV","27.000","°C","1024.000","hPa","38.4","pmil","0","59.850","deg","20.000","°C","100.000","%a.s.","26.990","deg","23.835","°C","1018.000","hPa","0.808","-0.065","0.00038","-0.00034","0","31","Humid","5.00","0","2500.00","34858.15","SADD0002000339 Box 1","ABF1.0.0.0","4.0.0.2353","PSt3","221014-001","6/4/2024 1:58:11 PM","0000-00","0","no battery","V","","µV","","µV"
"07/08/2024","16:08:07","1","default","166358087","001","0.417","min","239.574","μmol/L","Humid","24.627","deg","36607","µV","27.000","°C","1024.000","hPa","38.4","pmil","0","59.850","deg","20.000","°C","100.000","%a.s.","26.990","deg","23.835","°C","1018.000","hPa","0.808","-0.065","0.00038","-0.00034","0","31","Humid","5.00","0","2500.00","34856.31","SADD0002000339 Box 1","ABF1.0.0.0","4.0.0.2353","PSt3","221014-001","6/4/2024 1:58:11 PM","0000-00","0","no battery","V","","µV","","µV"
"07/08/2024","16:08:08","1","default","166358087","001","0.433","min","239.818","μmol/L","Humid","24.617","deg","36609","µV","27.000","°C","1024.000","hPa","38.4","pmil","0","59.850","deg","20.000","°C","100.000","%a.s.","26.990","deg","23.835","°C","1018.000","hPa","0.808","-0.065","0.00038","-0.00034","0","31","Humid","5.00","0","2500.00","34858.48","SADD0002000339 Box 1","ABF1.0.0.0","4.0.0.2353","PSt3","221014-001","6/4/2024 1:58:11 PM","0000-00","0","no battery","V","","µV","","µV"
"07/08/2024","16:08:09","1","default","166358087","001","0.450","min","239.940","μmol/L","Humid","24.612","deg","36600","µV","27.000","°C","1024.000","hPa","38.4","pmil","0","59.850","deg","20.000","°C","100.000","%a.s.","26.990","deg","23.835","°C","1018.000","hPa","0.808","-0.065","0.00038","-0.00034","0","31","Humid","5.00","0","2500.00","34854.57","SADD0002000339 Box 1","ABF1.0.0.0","4.0.0.2353","PSt3","221014-001","6/4/2024 1:58:11 PM","0000-00","0","no battery","V","","µV","","µV"
"07/08/2024","16:08:10","1","default","166358087","001","0.466","min","240.184","μmol/L","Humid","24.602","deg","36607","µV","27.000","°C","1024.000","hPa","38.4","pmil","0","59.850","deg","20.000","°C","100.000","%a.s.","26.990","deg","23.835","°C","1018.000","hPa","0.808","-0.065","0.00038","-0.00034","0","31","Humid","5.00","0","2500.00","34854.35","SADD0002000339 Box 1","ABF1.0.0.0","4.0.0.2353","PSt3","221014-001","6/4/2024 1:58:11 PM","0000-00","0","no battery","V","","µV","","µV"
"07/08/2024","16:08:11","1","default","166358087","001","0.483","min","239.842","μmol/L","Humid","24.616","deg","36598","µV","27.000","°C","1024.000","hPa","38.4","pmil","0","59.850","deg","20.000","°C","100.000","%a.s.","26.990","deg","23.835","°C","1018.000","hPa","0.808","-0.065","0.00038","-0.00034","0","31","Humid","5.00","0","2500.00","34850.51","SADD0002000339 Box 1","ABF1.0.0.0","4.0.0.2353","PSt3","221014-001","6/4/2024 1:58:11 PM","0000-00","0","no battery","V","","µV","","µV"
"07/08/2024","16:08:12","1","default","166358087","001","0.500","min","239.720","μmol/L","Humid","24.621","deg","36597","µV","27.000","°C","1024.000","hPa","38.4","pmil","0","59.850","deg","20.000","°C","100.000","%a.s.","26.990","deg","23.835","°C","1018.000","hPa","0.808","-0.065","0.00038","-0.00034","0","31","Humid","5.00","0","2500.00","34859.98","SADD0002000339 Box 1","ABF1.0.0.0","4.0.0.2353","PSt3","221014-001","6/4/2024 1:58:11 PM","0000-00","0","no battery","V","","µV","","µV"
"07/08/2024","16:08:13","1","default","166358087","001","0.516","min","239.647","μmol/L","Humid","24.624","deg","36596","µV","27.000","°C","1024.000","hPa","38.4","pmil","0","59.850","deg","20.000","°C","100.000","%a.s.","26.990","deg","23.835","°C","1018.000","hPa","0.808","-0.065","0.00038","-0.00034","0","31","Humid","5.00","0","2500.00","34851.60","SADD0002000339 Box 1","ABF1.0.0.0","4.0.0.2353","PSt3","221014-001","6/4/2024 1:58:11 PM","0000-00","0","no battery","V","","µV","","µV"
"07/08/2024","16:08:14","1","default","166358087","001","0.534","min","239.769","μmol/L","Humid","24.619","deg","36589","µV","27.000","°C","1024.000","hPa","38.4","pmil","0","59.850","deg","20.000","°C","100.000","%a.s.","26.990","deg","23.835","°C","1018.000","hPa","0.808","-0.065","0.00038","-0.00034","0","31","Humid","5.00","0","2500.00","34845.38","SADD0002000339 Box 1","ABF1.0.0.0","4.0.0.2353","PSt3","221014-001","6/4/2024 1:58:11 PM","0000-00","0","no battery","V","","µV","","µV"
"07/08/2024","16:08:15","1","default","166358087","001","0.550","min","239.696","μmol/L","Humid","24.622","deg","36592","µV","27.000","°C","1024.000","hPa","38.4","pmil","0","59.850","deg","20.000","°C","100.000","%a.s.","26.990","deg","23.835","°C","1018.000","hPa","0.808","-0.065","0.00038","-0.00034","0","31","Humid","5.00","0","2500.00","34853.92","SADD0002000339 Box 1","ABF1.0.0.0","4.0.0.2353","PSt3","221014-001","6/4/2024 1:58:11 PM","0000-00","0","no battery","V","","µV","","µV"
"07/08/2024","16:08:16","1","default","166358087","001","0.567","min","240.111","μmol/L","Humid","24.605","deg","36588","µV","27.000","°C","1024.000","hPa","38.4","pmil","0","59.850","deg","20.000","°C","100.000","%a.s.","26.990","deg","23.835","°C","1018.000","hPa","0.808","-0.065","0.00038","-0.00034","0","31","Humid","5.00","0","2500.00","34851.86","SADD0002000339 Box 1","ABF1.0.0.0","4.0.0.2353","PSt3","221014-001","6/4/2024 1:58:11 PM","0000-00","0","no battery","V","","µV","","µV"
"07/08/2024","16:08:17","1","default","166358087","001","0.583","min","240.233","μmol/L","Humid","24.600","deg","36584","µV","27.000","°C","1024.000","hPa","38.4","pmil","0","59.850","deg","20.000","°C","100.000","%a.s.","26.990","deg","23.835","°C","1018.000","hPa","0.808","-0.065","0.00038","-0.00034","0","31","Humid","5.00","0","2500.00","34854.76","SADD0002000339 Box 1","ABF1.0.0.0","4.0.0.2353","PSt3","221014-001","6/4/2024 1:58:11 PM","0000-00","0","no battery","V","","µV","","µV"
"07/08/2024","16:08:18","1","default","166358087","001","0.600","min","239.964","μmol/L","Humid","24.611","deg","36583","µV","27.000","°C","1024.000","hPa","38.4","pmil","0","59.850","deg","20.000","°C","100.000","%a.s.","26.990","deg","23.835","°C","1018.000","hPa","0.808","-0.065","0.00038","-0.00034","0","31","Humid","5.00","0","2500.00","34858.19","SADD0002000339 Box 1","ABF1.0.0.0","4.0.0.2353","PSt3","221014-001","6/4/2024 1:58:11 PM","0000-00","0","no battery","V","","µV","","µV"
"07/08/2024","16:08:19","1","default","166358087","001","0.616","min","239.842","μmol/L","Humid","24.616","deg","36578","µV","27.000","°C","1024.000","hPa","38.4","pmil","0","59.850","deg","20.000","°C","100.000","%a.s.","26.990","deg","23.835","°C","1018.000","hPa","0.808","-0.065","0.00038","-0.00034","0","31","Humid","5.00","0","2500.00","34852.69","SADD0002000339 Box 1","ABF1.0.0.0","4.0.0.2353","PSt3","221014-001","6/4/2024 1:58:11 PM","0000-00","0","no battery","V","","µV","","µV"
"07/08/2024","16:08:20","1","default","166358087","001","0.633","min","239.989","μmol/L","Humid","24.610","deg","36575","µV","27.000","°C","1024.000","hPa","38.4","pmil","0","59.850","deg","20.000","°C","100.000","%a.s.","26.990","deg","23.835","°C","1018.000","hPa","0.808","-0.065","0.00038","-0.00034","0","31","Humid","5.00","0","2500.00","34855.76","SADD0002000339 Box 1","ABF1.0.0.0","4.0.0.2353","PSt3","221014-001","6/4/2024 1:58:11 PM","0000-00","0","no battery","V","","µV","","µV"
"07/08/2024","16:08:21","1","default","166358087","001","0.650","min","239.769","μmol/L","Humid","24.619","deg","36576","µV","27.000","°C","1024.000","hPa","38.4","pmil","0","59.850","deg","20.000","°C","100.000","%a.s.","26.990","deg","23.835","°C","1018.000","hPa","0.808","-0.065","0.00038","-0.00034","0","31","Humid","5.00","0","2500.00","34850.87","SADD0002000339 Box 1","ABF1.0.0.0","4.0.0.2353","PSt3","221014-001","6/4/2024 1:58:11 PM","0000-00","0","no battery","V","","µV","","µV"
"07/08/2024","16:08:22","1","default","166358087","001","0.667","min","239.940","μmol/L","Humid","24.612","deg","36574","µV","27.000","°C","1024.000","hPa","38.4","pmil","0","59.850","deg","20.000","°C","100.000","%a.s.","26.990","deg","23.835","°C","1018.000","hPa","0.808","-0.065","0.00038","-0.00034","0","31","Humid","5.00","0","2500.00","34853.22","SADD0002000339 Box 1","ABF1.0.0.0","4.0.0.2353","PSt3","221014-001","6/4/2024 1:58:11 PM","0000-00","0","no battery","V","","µV","","µV"
"07/08/2024","16:08:23","1","default","166358087","001","0.683","min","240.209","μmol/L","Humid","24.601","deg","36578","µV","27.000","°C","1024.000","hPa","38.4","pmil","0","59.850","deg","20.000","°C","100.000","%a.s.","26.990","deg","23.835","°C","1018.000","hPa","0.808","-0.065","0.00038","-0.00034","0","31","Humid","5.00","0","2500.00","34856.25","SADD0002000339 Box 1","ABF1.0.0.0","4.0.0.2353","PSt3","221014-001","6/4/2024 1:58:11 PM","0000-00","0","no battery","V","","µV","","µV"
"07/08/2024","16:08:24","1","default","166358087","001","0.700","min","240.233","μmol/L","Humid","24.600","deg","36570","µV","27.000","°C","1024.000","hPa","38.4","pmil","0","59.850","deg","20.000","°C","100.000","%a.s.","26.990","deg","23.835","°C","1018.000","hPa","0.808","-0.065","0.00038","-0.00034","0","31","Humid","5.00","0","2500.00","34853.03","SADD0002000339 Box 1","ABF1.0.0.0","4.0.0.2353","PSt3","221014-001","6/4/2024 1:58:11 PM","0000-00","0","no battery","V","","µV","","µV"
"07/08/2024","16:08:25","1","default","166358087","001","0.717","min","240.111","μmol/L","Humid","24.605","deg","36572","µV","27.000","°C","1024.000","hPa","38.4","pmil","0","59.850","deg","20.000","°C","100.000","%a.s.","26.990","deg","23.835","°C","1018.000","hPa","0.808","-0.065","0.00038","-0.00034","0","31","Humid","5.00","0","2500.00","34851.43","SADD0002000339 Box 1","ABF1.0.0.0","4.0.0.2353","PSt3","221014-001","6/4/2024 1:58:11 PM","0000-00","0","no battery","V","","µV","","µV"
"07/08/2024","16:08:26","1","default","166358087","001","0.734","min","239.964","μmol/L","Humid","24.611","deg","36575","µV","27.000","°C","1024.000","hPa","38.4","pmil","0","59.850","deg","20.000","°C","100.000","%a.s.","26.990","deg","23.835","°C","1018.000","hPa","0.808","-0.065","0.00038","-0.00034","0","31","Humid","5.00","0","2500.00","34857.00","SADD0002000339 Box 1","ABF1.0.0.0","4.0.0.2353","PSt3","221014-001","6/4/2024 1:58:11 PM","0000-00","0","no battery","V","","µV","","µV"
"07/08/2024","16:08:27","1","default","166358087","001","0.750","min","240.111","μmol/L","Humid","24.605","deg","36568","µV","27.000","°C","1024.000","hPa","38.4","pmil","0","59.850","deg","20.000","°C","100.000","%a.s.","26.990","deg","23.835","°C","1018.000","hPa","0.808","-0.065","0.00038","-0.00034","0","31","Humid","5.00","0","2500.00","34856.42","SADD0002000339 Box 1","ABF1.0.0.0","4.0.0.2353","PSt3","221014-001","6/4/2024 1:58:11 PM","0000-00","0","no battery","V","","µV","","µV"
"07/08/2024","16:08:28","1","default","166358087","001","0.767","min","240.429","μmol/L","Humid","24.592","deg","36564","µV","27.000","°C","1024.000","hPa","38.4","pmil","0","59.850","deg","20.000","°C","100.000","%a.s.","26.990","deg","23.835","°C","1018.000","hPa","0.808","-0.065","0.00038","-0.00034","0","31","Humid","5.00","0","2500.00","34855.49","SADD0002000339 Box 1","ABF1.0.0.0","4.0.0.2353","PSt3","221014-001","6/4/2024 1:58:11 PM","0000-00","0","no battery","V","","µV","","µV"
"07/08/2024","16:08:29","1","default","166358087","001","0.784","min","240.135","μmol/L","Humid","24.604","deg","36561","µV","27.000","°C","1024.000","hPa","38.4","pmil","0","59.850","deg","20.000","°C","100.000","%a.s.","26.990","deg","23.835","°C","1018.000","hPa","0.808","-0.065","0.00038","-0.00034","0","31","Humid","5.00","0","2500.00","34851.46","SADD0002000339 Box 1","ABF1.0.0.0","4.0.0.2353","PSt3","221014-001","6/4/2024 1:58:11 PM","0000-00","0","no battery","V","","µV","","µV"
"07/08/2024","16:08:30","1","default","166358087","001","0.800","min","239.891","μmol/L","Humid","24.614","deg","36559","µV","27.000","°C","1024.000","hPa","38.4","pmil","0","59.850","deg","20.000","°C","100.000","%a.s.","26.990","deg","23.835","°C","1018.000","hPa","0.808","-0.065","0.00038","-0.00034","0","31","Humid","5.00","0","2500.00","34852.37","SADD0002000339 Box 1","ABF1.0.0.0","4.0.0.2353","PSt3","221014-001","6/4/2024 1:58:11 PM","0000-00","0","no battery","V","","µV","","µV"
"07/08/2024","16:08:31","1","default","166358087","001","0.817","min","240.404","μmol/L","Humid","24.593","deg","36565","µV","27.000","°C","1024.000","hPa","38.4","pmil","0","59.850","deg","20.000","°C","100.000","%a.s.","26.990","deg","23.835","°C","1018.000","hPa","0.808","-0.065","0.00038","-0.00034","0","31","Humid","5.00","0","2500.00","34853.83","SADD0002000339 Box 1","ABF1.0.0.0","4.0.0.2353","PSt3","221014-001","6/4/2024 1:58:11 PM","0000-00","0","no battery","V","","µV","","µV"
"07/08/2024","16:08:32","1","default","166358087","001","0.833","min","240.600","μmol/L","Humid","24.585","deg","36558","µV","27.000","°C","1024.000","hPa","38.4","pmil","0","59.850","deg","20.000","°C","100.000","%a.s.","26.990","deg","23.835","°C","1018.000","hPa","0.808","-0.065","0.00038","-0.00034","0","31","Humid","5.00","0","2500.00","34849.98","SADD0002000339 Box 1","ABF1.0.0.0","4.0.0.2353","PSt3","221014-001","6/4/2024 1:58:11 PM","0000-00","0","no battery","V","","µV","","µV"
"07/08/2024","16:08:33","1","default","166358087","001","0.850","min","239.891","μmol/L","Humid","24.614","deg","36568","µV","27.000","°C","1024.000","hPa","38.4","pmil","0","59.850","deg","20.000","°C","100.000","%a.s.","26.990","deg","23.835","°C","1018.000","hPa","0.808","-0.065","0.00038","-0.00034","0","31","Humid","5.00","0","2500.00","34852.74","SADD0002000339 Box 1","ABF1.0.0.0","4.0.0.2353","PSt3","221014-001","6/4/2024 1:58:11 PM","0000-00","0","no battery","V","","µV","","µV"
"07/08/2024","16:08:34","1","default","166358087","001","0.867","min","240.111","μmol/L","Humid","24.605","deg","36563","µV","27.000","°C","1024.000","hPa","38.4","pmil","0","59.850","deg","20.000","°C","100.000","%a.s.","26.990","deg","23.835","°C","1018.000","hPa","0.808","-0.065","0.00038","-0.00034","0","31","Humid","5.00","0","2500.00","34851.81","SADD0002000339 Box 1","ABF1.0.0.0","4.0.0.2353","PSt3","221014-001","6/4/2024 1:58:11 PM","0000-00","0","no battery","V","","µV","","µV"
"07/08/2024","16:08:35","1","default","166358087","001","0.884","min","240.307","μmol/L","Humid","24.597","deg","36556","µV","27.000","°C","1024.000","hPa","38.4","pmil","0","59.850","deg","20.000","°C","100.000","%a.s.","26.990","deg","23.835","°C","1018.000","hPa","0.808","-0.065","0.00038","-0.00034","0","31","Humid","5.00","0","2500.00","34849.52","SADD0002000339 Box 1","ABF1.0.0.0","4.0.0.2353","PSt3","221014-001","6/4/2024 1:58:11 PM","0000-00","0","no battery","V","","µV","","µV"
"07/08/2024","16:08:36","1","default","166358087","001","0.900","min","240.576","μmol/L","Humid","24.586","deg","36570","µV","27.000","°C","1024.000","hPa","38.4","pmil","0","59.850","deg","20.000","°C","100.000","%a.s.","26.990","deg","23.835","°C","1018.000","hPa","0.808","-0.065","0.00038","-0.00034","0","31","Humid","5.00","0","2500.00","34853.52","SADD0002000339 Box 1","ABF1.0.0.0","4.0.0.2353","PSt3","221014-001","6/4/2024 1:58:11 PM","0000-00","0","no battery","V","","µV","","µV"
"07/08/2024","16:08:37","1","default","166358087","001","0.917","min","240.111","μmol/L","Humid","24.605","deg","36555","µV","27.000","°C","1024.000","hPa","38.4","pmil","0","59.850","deg","20.000","°C","100.000","%a.s.","26.990","deg","23.835","°C","1018.000","hPa","0.808","-0.065","0.00038","-0.00034","0","31","Humid","5.00","0","2500.00","34851.71","SADD0002000339 Box 1","ABF1.0.0.0","4.0.0.2353","PSt3","221014-001","6/4/2024 1:58:11 PM","0000-00","0","no battery","V","","µV","","µV"
"07/08/2024","16:08:38","1","default","166358087","001","0.933","min","240.087","μmol/L","Humid","24.606","deg","36561","µV","27.000","°C","1024.000","hPa","38.4","pmil","0","59.850","deg","20.000","°C","100.000","%a.s.","26.990","deg","23.835","°C","1018.000","hPa","0.808","-0.065","0.00038","-0.00034","0","31","Humid","5.00","0","2500.00","34855.51","SADD0002000339 Box 1","ABF1.0.0.0","4.0.0.2353","PSt3","221014-001","6/4/2024 1:58:11 PM","0000-00","0","no battery","V","","µV","","µV"
"07/08/2024","16:08:39","1","default","166358087","001","0.950","min","240.356","μmol/L","Humid","24.595","deg","36559","µV","27.000","°C","1024.000","hPa","38.4","pmil","0","59.850","deg","20.000","°C","100.000","%a.s.","26.990","deg","23.835","°C","1018.000","hPa","0.808","-0.065","0.00038","-0.00034","0","31","Humid","5.00","0","2500.00","34849.54","SADD0002000339 Box 1","ABF1.0.0.0","4.0.0.2353","PSt3","221014-001","6/4/2024 1:58:11 PM","0000-00","0","no battery","V","","µV","","µV"
"07/08/2024","16:08:40","1","default","166358087","001","0.967","min","240.380","μmol/L","Humid","24.594","deg","36556","µV","27.000","°C","1024.000","hPa","38.4","pmil","0","59.850","deg","20.000","°C","100.000","%a.s.","26.990","deg","23.835","°C","1018.000","hPa","0.808","-0.065","0.00038","-0.00034","0","31","Humid","5.00","0","2500.00","34853.20","SADD0002000339 Box 1","ABF1.0.0.0","4.0.0.2353","PSt3","221014-001","6/4/2024 1:58:11 PM","0000-00","0","no battery","V","","µV","","µV"
"07/08/2024","16:08:41","1","default","166358087","001","0.983","min","240.282","μmol/L","Humid","24.598","deg","36559","µV","27.000","°C","1024.000","hPa","38.4","pmil","0","59.850","deg","20.000","°C","100.000","%a.s.","26.990","deg","23.835","°C","1018.000","hPa","0.808","-0.065","0.00038","-0.00034","0","31","Humid","5.00","0","2500.00","34854.54","SADD0002000339 Box 1","ABF1.0.0.0","4.0.0.2353","PSt3","221014-001","6/4/2024 1:58:11 PM","0000-00","0","no battery","V","","µV","","µV"
"07/08/2024","16:08:42","1","default","166358087","001","1.000","min","240.209","μmol/L","Humid","24.601","deg","36556","µV","27.000","°C","1024.000","hPa","38.4","pmil","0","59.850","deg","20.000","°C","100.000","%a.s.","26.990","deg","23.835","°C","1018.000","hPa","0.808","-0.065","0.00038","-0.00034","0","31","Humid","5.00","0","2500.00","34857.60","SADD0002000339 Box 1","ABF1.0.0.0","4.0.0.2353","PSt3","221014-001","6/4/2024 1:58:11 PM","0000-00","0","no battery","V","","µV","","µV"
"07/08/2024","16:08:43","1","default","166358087","001","1.017","min","240.429","μmol/L","Humid","24.592","deg","36559","µV","27.000","°C","1024.000","hPa","38.4","pmil","0","59.850","deg","20.000","°C","100.000","%a.s.","26.990","deg","23.835","°C","1018.000","hPa","0.808","-0.065","0.00038","-0.00034","0","31","Humid","5.00","0","2500.00","34846.36","SADD0002000339 Box 1","ABF1.0.0.0","4.0.0.2353","PSt3","221014-001","6/4/2024 1:58:11 PM","0000-00","0","no battery","V","","µV","","µV"
"07/08/2024","16:08:44","1","default","166358087","001","1.033","min","240.404","μmol/L","Humid","24.593","deg","36551","µV","27.000","°C","1024.000","hPa","38.4","pmil","0","59.850","deg","20.000","°C","100.000","%a.s.","26.990","deg","23.835","°C","1018.000","hPa","0.808","-0.065","0.00038","-0.00034","0","31","Humid","5.00","0","2500.00","34846.07","SADD0002000339 Box 1","ABF1.0.0.0","4.0.0.2353","PSt3","221014-001","6/4/2024 1:58:11 PM","0000-00","0","no battery","V","","µV","","µV"
"07/08/2024","16:08:45","1","default","166358087","001","1.050","min","240.258","μmol/L","Humid","24.599","deg","36554","µV","27.000","°C","1024.000","hPa","38.4","pmil","0","59.850","deg","20.000","°C","100.000","%a.s.","26.990","deg","23.835","°C","1018.000","hPa","0.808","-0.065","0.00038","-0.00034","0","31","Humid","5.00","0","2500.00","34852.14","SADD0002000339 Box 1","ABF1.0.0.0","4.0.0.2353","PSt3","221014-001","6/4/2024 1:58:11 PM","0000-00","0","no battery","V","","µV","","µV"
"07/08/2024","16:08:46","1","default","166358087","001","1.067","min","239.989","μmol/L","Humid","24.610","deg","36551","µV","27.000","°C","1024.000","hPa","38.4","pmil","0","59.850","deg","20.000","°C","100.000","%a.s.","26.990","deg","23.835","°C","1018.000","hPa","0.808","-0.065","0.00038","-0.00034","0","31","Humid","5.00","0","2500.00","34855.45","SADD0002000339 Box 1","ABF1.0.0.0","4.0.0.2353","PSt3","221014-001","6/4/2024 1:58:11 PM","0000-00","0","no battery","V","","µV","","µV"
"07/08/2024","16:08:47","1","default","166358087","001","1.083","min","240.282","μmol/L","Humid","24.598","deg","36550","µV","27.000","°C","1024.000","hPa","38.4","pmil","0","59.850","deg","20.000","°C","100.000","%a.s.","26.990","deg","23.835","°C","1018.000","hPa","0.808","-0.065","0.00038","-0.00034","0","31","Humid","5.00","0","2500.00","34848.81","SADD0002000339 Box 1","ABF1.0.0.0","4.0.0.2353","PSt3","221014-001","6/4/2024 1:58:11 PM","0000-00","0","no battery","V","","µV","","µV"
"07/08/2024","16:08:48","1","default","166358087","001","1.100","min","240.111","μmol/L","Humid","24.605","deg","36545","µV","27.000","°C","1024.000","hPa","38.4","pmil","0","59.850","deg","20.000","°C","100.000","%a.s.","26.990","deg","23.835","°C","1018.000","hPa","0.808","-0.065","0.00038","-0.00034","0","31","Humid","5.00","0","2500.00","34852.69","SADD0002000339 Box 1","ABF1.0.0.0","4.0.0.2353","PSt3","221014-001","6/4/2024 1:58:11 PM","0000-00","0","no battery","V","","µV","","µV"
"07/08/2024","16:08:49","1","default","166358087","001","1.117","min","240.038","μmol/L","Humid","24.608","deg","36544","µV","27.000","°C","1024.000","hPa","38.4","pmil","0","59.850","deg","20.000","°C","100.000","%a.s.","26.990","deg","23.835","°C","1018.000","hPa","0.808","-0.065","0.00038","-0.00034","0","31","Humid","5.00","0","2500.00","34850.84","SADD0002000339 Box 1","ABF1.0.0.0","4.0.0.2353","PSt3","221014-001","6/4/2024 1:58:11 PM","0000-00","0","no battery","V","","µV","","µV"
"07/08/2024","16:08:50","1","default","166358087","001","1.133","min","240.429","μmol/L","Humid","24.592","deg","36544","µV","27.000","°C","1024.000","hPa","38.4","pmil","0","59.850","deg","20.000","°C","100.000","%a.s.","26.990","deg","23.835","°C","1018.000","hPa","0.808","-0.065","0.00038","-0.00034","0","31","Humid","5.00","0","2500.00","34853.88","SADD0002000339 Box 1","ABF1.0.0.0","4.0.0.2353","PSt3","221014-001","6/4/2024 1:58:11 PM","0000-00","0","no battery","V","","µV","","µV"
"07/08/2024","16:08:51","1","default","166358087","001","1.150","min","240.551","μmol/L","Humid","24.587","deg","36541","µV","27.000","°C","1024.000","hPa","38.4","pmil","0","59.850","deg","20.000","°C","100.000","%a.s.","26.990","deg","23.835","°C","1018.000","hPa","0.808","-0.065","0.00038","-0.00034","0","31","Humid","5.00","0","2500.00","34856.29","SADD0002000339 Box 1","ABF1.0.0.0","4.0.0.2353","PSt3","221014-001","6/4/2024 1:58:11 PM","0000-00","0","no battery","V","","µV","","µV"
"07/08/2024","16:08:52","1","default","166358087","001","1.167","min","240.429","μmol/L","Humid","24.592","deg","36533","µV","27.000","°C","1024.000","hPa","38.4","pmil","0","59.850","deg","20.000","°C","100.000","%a.s.","26.990","deg","23.835","°C","1018.000","hPa","0.808","-0.065","0.00038","-0.00034","0","31","Humid","5.00","0","2500.00","34850.08","SADD0002000339 Box 1","ABF1.0.0.0","4.0.0.2353","PSt3","221014-001","6/4/2024 1:58:11 PM","0000-00","0","no battery","V","","µV","","µV"
"07/08/2024","16:08:53","1","default","166358087","001","1.183","min","240.429","μmol/L","Humid","24.592","deg","36537","µV","27.000","°C","1024.000","hPa","38.4","pmil","0","59.850","deg","20.000","°C","100.000","%a.s.","26.990","deg","23.835","°C","1018.000","hPa","0.808","-0.065","0.00038","-0.00034","0","31","Humid","5.00","0","2500.00","34854.92","SADD0002000339 Box 1","ABF1.0.0.0","4.0.0.2353","PSt3","221014-001","6/4/2024 1:58:11 PM","0000-00","0","no battery","V","","µV","","µV"
"07/08/2024","16:08:54","1","default","166358087","001","1.200","min","240.380","μmol/L","Humid","24.594","deg","36532","µV","27.000","°C","1024.000","hPa","38.4","pmil","0","59.850","deg","20.000","°C","100.000","%a.s.","26.990","deg","23.835","°C","1018.000","hPa","0.808","-0.065","0.00038","-0.00034","0","31","Humid","5.00","0","2500.00","34852.80","SADD0002000339 Box 1","ABF1.0.0.0","4.0.0.2353","PSt3","221014-001","6/4/2024 1:58:11 PM","0000-00","0","no battery","V","","µV","","µV"
"07/08/2024","16:08:55","1","default","166358087","001","1.216","min","240.404","μmol/L","Humid","24.593","deg","36542","µV","27.000","°C","1024.000","hPa","38.4","pmil","0","59.850","deg","20.000","°C","100.000","%a.s.","26.990","deg","23.835","°C","1018.000","hPa","0.808","-0.065","0.00038","-0.00034","0","31","Humid","5.00","0","2500.00","34852.17","SADD0002000339 Box 1","ABF1.0.0.0","4.0.0.2353","PSt3","221014-001","6/4/2024 1:58:11 PM","0000-00","0","no battery","V","","µV","","µV"
"07/08/2024","16:08:56","1","default","166358087","001","1.233","min","240.380","μmol/L","Humid","24.594","deg","36534","µV","27.000","°C","1024.000","hPa","38.4","pmil","0","59.850","deg","20.000","°C","100.000","%a.s.","26.990","deg","23.835","°C","1018.000","hPa","0.808","-0.065","0.00038","-0.00034","0","31","Humid","5.00","0","2500.00","34851.83","SADD0002000339 Box 1","ABF1.0.0.0","4.0.0.2353","PSt3","221014-001","6/4/2024 1:58:11 PM","0000-00","0","no battery","V","","µV","","µV"
"07/08/2024","16:08:57","1","default","166358087","001","1.250","min","240.404","μmol/L","Humid","24.593","deg","36538","µV","27.000","°C","1024.000","hPa","38.4","pmil","0","59.850","deg","20.000","°C","100.000","%a.s.","26.990","deg","23.835","°C","1018.000","hPa","0.808","-0.065","0.00038","-0.00034","0","31","Humid","5.00","0","2500.00","34855.24","SADD0002000339 Box 1","ABF1.0.0.0","4.0.0.2353","PSt3","221014-001","6/4/2024 1:58:11 PM","0000-00","0","no battery","V","","µV","","µV"
"07/08/2024","16:08:58","1","default","166358087","001","1.266","min","240.013","μmol/L","Humid","24.609","deg","36529","µV","27.000","°C","1024.000","hPa","38.4","pmil","0","59.850","deg","20.000","°C","100.000","%a.s.","26.990","deg","23.835","°C","1018.000","hPa","0.808","-0.065","0.00038","-0.00034","0","31","Humid","5.00","0","2500.00","34856.07","SADD0002000339 Box 1","ABF1.0.0.0","4.0.0.2353","PSt3","221014-001","6/4/2024 1:58:11 PM","0000-00","0","no battery","V","","µV","","µV"
"07/08/2024","16:08:59","1","default","166358087","001","1.283","min","240.453","μmol/L","Humid","24.591","deg","36531","µV","27.000","°C","1024.000","hPa","38.4","pmil","0","59.850","deg","20.000","°C","100.000","%a.s.","26.990","deg","23.835","°C","1018.000","hPa","0.808","-0.065","0.00038","-0.00034","0","31","Humid","5.00","0","2500.00","34850.98","SADD0002000339 Box 1","ABF1.0.0.0","4.0.0.2353","PSt3","221014-001","6/4/2024 1:58:11 PM","0000-00","0","no battery","V","","µV","","µV"
"07/08/2024","16:09:00","1","default","166358087","001","1.300","min","240.723","μmol/L","Humid","24.580","deg","36538","µV","27.000","°C","1024.000","hPa","38.4","pmil","0","59.850","deg","20.000","°C","100.000","%a.s.","26.990","deg","23.835","°C","1018.000","hPa","0.808","-0.065","0.00038","-0.00034","0","31","Humid","5.00","0","2500.00","34850.50","SADD0002000339 Box 1","ABF1.0.0.0","4.0.0.2353","PSt3","221014-001","6/4/2024 1:58:11 PM","0000-00","0","no battery","V","","µV","","µV"
"07/08/2024","16:09:01","1","default","166358087","001","1.316","min","240.698","μmol/L","Humid","24.581","deg","36537","µV","27.000","°C","1024.000","hPa","38.4","pmil","0","59.850","deg","20.000","°C","100.000","%a.s.","26.990","deg","23.835","°C","1018.000","hPa","0.808","-0.065","0.00038","-0.00034","0","31","Humid","5.00","0","2500.00","34849.51","SADD0002000339 Box 1","ABF1.0.0.0","4.0.0.2353","PSt3","221014-001","6/4/2024 1:58:11 PM","0000-00","0","no battery","V","","µV","","µV"
"07/08/2024","16:09:02","1","default","166358087","001","1.333","min","240.502","μmol/L","Humid","24.589","deg","36533","µV","27.000","°C","1024.000","hPa","38.4","pmil","0","59.850","deg","20.000","°C","100.000","%a.s.","26.990","deg","23.835","°C","1018.000","hPa","0.808","-0.065","0.00038","-0.00034","0","31","Humid","5.00","0","2500.00","34850.73","SADD0002000339 Box 1","ABF1.0.0.0","4.0.0.2353","PSt3","221014-001","6/4/2024 1:58:11 PM","0000-00","0","no battery","V","","µV","","µV"
"07/08/2024","16:09:03","1","default","166358087","001","1.350","min","240.258","μmol/L","Humid","24.599","deg","36531","µV","27.000","°C","1024.000","hPa","38.4","pmil","0","59.850","deg","20.000","°C","100.000","%a.s.","26.990","deg","23.835","°C","1018.000","hPa","0.808","-0.065","0.00038","-0.00034","0","31","Humid","5.00","0","2500.00","34856.27","SADD0002000339 Box 1","ABF1.0.0.0","4.0.0.2353","PSt3","221014-001","6/4/2024 1:58:11 PM","0000-00","0","no battery","V","","µV","","µV"
"07/08/2024","16:09:04","1","default","166358087","001","1.366","min","240.747","μmol/L","Humid","24.579","deg","36536","µV","27.000","°C","1024.000","hPa","38.4","pmil","0","59.850","deg","20.000","°C","100.000","%a.s.","26.990","deg","23.835","°C","1018.000","hPa","0.808","-0.065","0.00038","-0.00034","0","31","Humid","5.00","0","2500.00","34850.13","SADD0002000339 Box 1","ABF1.0.0.0","4.0.0.2353","PSt3","221014-001","6/4/2024 1:58:11 PM","0000-00","0","no battery","V","","µV","","µV"
"07/08/2024","16:09:05","1","default","166358087","001","1.383","min","240.723","μmol/L","Humid","24.580","deg","36533","µV","27.000","°C","1024.000","hPa","38.4","pmil","0","59.850","deg","20.000","°C","100.000","%a.s.","26.990","deg","23.835","°C","1018.000","hPa","0.808","-0.065","0.00038","-0.00034","0","31","Humid","5.00","0","2500.00","34847.51","SADD0002000339 Box 1","ABF1.0.0.0","4.0.0.2353","PSt3","221014-001","6/4/2024 1:58:11 PM","0000-00","0","no battery","V","","µV","","µV"
"07/08/2024","16:09:06","1","default","166358087","001","1.399","min","240.551","μmol/L","Humid","24.587","deg","36533","µV","27.000","°C","1024.000","hPa","38.4","pmil","0","59.850","deg","20.000","°C","100.000","%a.s.","26.990","deg","23.835","°C","1018.000","hPa","0.808","-0.065","0.00038","-0.00034","0","31","Humid","5.00","0","2500.00","34858.45","SADD0002000339 Box 1","ABF1.0.0.0","4.0.0.2353","PSt3","221014-001","6/4/2024 1:58:11 PM","0000-00","0","no battery","V","","µV","","µV"
"07/08/2024","16:09:07","1","default","166358087","001","1.416","min","240.453","μmol/L","Humid","24.591","deg","36534","µV","27.000","°C","1024.000","hPa","38.4","pmil","0","59.850","deg","20.000","°C","100.000","%a.s.","26.990","deg","23.835","°C","1018.000","hPa","0.808","-0.065","0.00038","-0.00034","0","31","Humid","5.00","0","2500.00","34844.03","SADD0002000339 Box 1","ABF1.0.0.0","4.0.0.2353","PSt3","221014-001","6/4/2024 1:58:11 PM","0000-00","0","no battery","V","","µV","","µV"
"07/08/2024","16:09:08","1","default","166358087","001","1.433","min","240.600","μmol/L","Humid","24.585","deg","36531","µV","27.000","°C","1024.000","hPa","38.4","pmil","0","59.850","deg","20.000","°C","100.000","%a.s.","26.990","deg","23.835","°C","1018.000","hPa","0.808","-0.065","0.00038","-0.00034","0","31","Humid","5.00","0","2500.00","34854.15","SADD0002000339 Box 1","ABF1.0.0.0","4.0.0.2353","PSt3","221014-001","6/4/2024 1:58:11 PM","0000-00","0","no battery","V","","µV","","µV"
"07/08/2024","16:09:09","1","default","166358087","001","1.450","min","240.258","μmol/L","Humid","24.599","deg","36535","µV","27.000","°C","1024.000","hPa","38.4","pmil","0","59.850","deg","20.000","°C","100.000","%a.s.","26.990","deg","23.835","°C","1018.000","hPa","0.808","-0.065","0.00038","-0.00034","0","31","Humid","5.00","0","2500.00","34856.11","SADD0002000339 Box 1","ABF1.0.0.0","4.0.0.2353","PSt3","221014-001","6/4/2024 1:58:11 PM","0000-00","0","no battery","V","","µV","","µV"
"07/08/2024","16:09:10","1","default","166358087","001","1.466","min","240.527","μmol/L","Humid","24.588","deg","36532","µV","27.000","°C","1024.000","hPa","38.4","pmil","0","59.850","deg","20.000","°C","100.000","%a.s.","26.990","deg","23.835","°C","1018.000","hPa","0.808","-0.065","0.00038","-0.00034","0","31","Humid","5.00","0","2500.00","34851.55","SADD0002000339 Box 1","ABF1.0.0.0","4.0.0.2353","PSt3","221014-001","6/4/2024 1:58:11 PM","0000-00","0","no battery","V","","µV","","µV"
"07/08/2024","16:09:11","1","default","166358087","001","1.483","min","240.478","μmol/L","Humid","24.590","deg","36533","µV","27.000","°C","1024.000","hPa","38.4","pmil","0","59.850","deg","20.000","°C","100.000","%a.s.","26.990","deg","23.835","°C","1018.000","hPa","0.808","-0.065","0.00038","-0.00034","0","31","Humid","5.00","0","2500.00","34850.22","SADD0002000339 Box 1","ABF1.0.0.0","4.0.0.2353","PSt3","221014-001","6/4/2024 1:58:11 PM","0000-00","0","no battery","V","","µV","","µV"
"07/08/2024","16:09:12","1","default","166358087","001","1.499","min","240.723","μmol/L","Humid","24.580","deg","36529","µV","27.000","°C","1024.000","hPa","38.4","pmil","0","59.850","deg","20.000","°C","100.000","%a.s.","26.990","deg","23.835","°C","1018.000","hPa","0.808","-0.065","0.00038","-0.00034","0","31","Humid","5.00","0","2500.00","34852.90","SADD0002000339 Box 1","ABF1.0.0.0","4.0.0.2353","PSt3","221014-001","6/4/2024 1:58:11 PM","0000-00","0","no battery","V","","µV","","µV"
"07/08/2024","16:09:13","1","default","166358087","001","1.516","min","240.797","μmol/L","Humid","24.577","deg","36536","µV","27.000","°C","1024.000","hPa","38.4","pmil","0","59.850","deg","20.000","°C","100.000","%a.s.","26.990","deg","23.835","°C","1018.000","hPa","0.808","-0.065","0.00038","-0.00034","0","31","Humid","5.00","0","2500.00","34852.34","SADD0002000339 Box 1","ABF1.0.0.0","4.0.0.2353","PSt3","221014-001","6/4/2024 1:58:11 PM","0000-00","0","no battery","V","","µV","","µV"
"07/08/2024","16:09:14","1","default","166358087","001","1.533","min","240.551","μmol/L","Humid","24.587","deg","36533","µV","27.000","°C","1024.000","hPa","38.4","pmil","0","59.850","deg","20.000","°C","100.000","%a.s.","26.990","deg","23.835","°C","1018.000","hPa","0.808","-0.065","0.00038","-0.00034","0","31","Humid","5.00","0","2500.00","34851.95","SADD0002000339 Box 1","ABF1.0.0.0","4.0.0.2353","PSt3","221014-001","6/4/2024 1:58:11 PM","0000-00","0","no battery","V","","µV","","µV"
"07/08/2024","16:09:15","1","default","166358087","001","1.550","min","240.502","μmol/L","Humid","24.589","deg","36534","µV","27.000","°C","1024.000","hPa","38.4","pmil","0","59.850","deg","20.000","°C","100.000","%a.s.","26.990","deg","23.835","°C","1018.000","hPa","0.808","-0.065","0.00038","-0.00034","0","31","Humid","5.00","0","2500.00","34853.57","SADD0002000339 Box 1","ABF1.0.0.0","4.0.0.2353","PSt3","221014-001","6/4/2024 1:58:11 PM","0000-00","0","no battery","V","","µV","","µV"
"07/08/2024","16:09:16","1","default","166358087","001","1.567","min","240.797","μmol/L","Humid","24.577","deg","36532","µV","27.000","°C","1024.000","hPa","38.4","pmil","0","59.850","deg","20.000","°C","100.000","%a.s.","26.990","deg","23.835","°C","1018.000","hPa","0.808","-0.065","0.00038","-0.00034","0","31","Humid","5.00","0","2500.00","34847.76","SADD0002000339 Box 1","ABF1.0.0.0","4.0.0.2353","PSt3","221014-001","6/4/2024 1:58:11 PM","0000-00","0","no battery","V","","µV","","µV"
"07/08/2024","16:09:17","1","default","166358087","001","1.583","min","240.576","μmol/L","Humid","24.586","deg","36526","µV","27.000","°C","1024.000","hPa","38.4","pmil","0","59.850","deg","20.000","°C","100.000","%a.s.","26.990","deg","23.835","°C","1018.000","hPa","0.808","-0.065","0.00038","-0.00034","0","31","Humid","5.00","0","2500.00","34852.41","SADD0002000339 Box 1","ABF1.0.0.0","4.0.0.2353","PSt3","221014-001","6/4/2024 1:58:11 PM","0000-00","0","no battery","V","","µV","","µV"
"07/08/2024","16:09:18","1","default","166358087","001","1.600","min","240.282","μmol/L","Humid","24.598","deg","36536","µV","27.000","°C","1024.000","hPa","38.4","pmil","0","59.850","deg","20.000","°C","100.000","%a.s.","26.990","deg","23.835","°C","1018.000","hPa","0.808","-0.065","0.00038","-0.00034","0","31","Humid","5.00","0","2500.00","34852.74","SADD0002000339 Box 1","ABF1.0.0.0","4.0.0.2353","PSt3","221014-001","6/4/2024 1:58:11 PM","0000-00","0","no battery","V","","µV","","µV"
"07/08/2024","16:09:19","1","default","166358087","001","1.616","min","240.772","μmol/L","Humid","24.578","deg","36525","µV","27.000","°C","1024.000","hPa","38.4","pmil","0","59.850","deg","20.000","°C","100.000","%a.s.","26.990","deg","23.835","°C","1018.000","hPa","0.808","-0.065","0.00038","-0.00034","0","31","Humid","5.00","0","2500.00","34853.50","SADD0002000339 Box 1","ABF1.0.0.0","4.0.0.2353","PSt3","221014-001","6/4/2024 1:58:11 PM","0000-00","0","no battery","V","","µV","","µV"
"07/08/2024","16:09:20","1","default","166358087","001","1.633","min","240.478","μmol/L","Humid","24.590","deg","36524","µV","27.000","°C","1024.000","hPa","38.4","pmil","0","59.850","deg","20.000","°C","100.000","%a.s.","26.990","deg","23.835","°C","1018.000","hPa","0.808","-0.065","0.00038","-0.00034","0","31","Humid","5.00","0","2500.00","34856.05","SADD0002000339 Box 1","ABF1.0.0.0","4.0.0.2353","PSt3","221014-001","6/4/2024 1:58:11 PM","0000-00","0","no battery","V","","µV","","µV"
"07/08/2024","16:09:21","1","default","166358087","001","1.650","min","240.649","μmol/L","Humid","24.583","deg","36528","µV","27.000","°C","1024.000","hPa","38.4","pmil","0","59.850","deg","20.000","°C","100.000","%a.s.","26.990","deg","23.835","°C","1018.000","hPa","0.808","-0.065","0.00038","-0.00034","0","31","Humid","5.00","0","2500.00","34850.75","SADD0002000339 Box 1","ABF1.0.0.0","4.0.0.2353","PSt3","221014-001","6/4/2024 1:58:11 PM","0000-00","0","no battery","V","","µV","","µV"
"07/08/2024","16:09:22","1","default","166358087","001","1.666","min","240.944","μmol/L","Humid","24.571","deg","36526","µV","27.000","°C","1024.000","hPa","38.4","pmil","0","59.850","deg","20.000","°C","100.000","%a.s.","26.990","deg","23.835","°C","1018.000","hPa","0.808","-0.065","0.00038","-0.00034","0","31","Humid","5.00","0","2500.00","34849.63","SADD0002000339 Box 1","ABF1.0.0.0","4.0.0.2353","PSt3","221014-001","6/4/2024 1:58:11 PM","0000-00","0","no battery","V","","µV","","µV"
"07/08/2024","16:09:23","1","default","166358087","001","1.683","min","240.772","μmol/L","Humid","24.578","deg","36525","µV","27.000","°C","1024.000","hPa","38.4","pmil","0","59.850","deg","20.000","°C","100.000","%a.s.","26.990","deg","23.835","°C","1018.000","hPa","0.808","-0.065","0.00038","-0.00034","0","31","Humid","5.00","0","2500.00","34848.51","SADD0002000339 Box 1","ABF1.0.0.0","4.0.0.2353","PSt3","221014-001","6/4/2024 1:58:11 PM","0000-00","0","no battery","V","","µV","","µV"
"07/08/2024","16:09:24","1","default","166358087","001","1.700","min","240.747","μmol/L","Humid","24.579","deg","36520","µV","27.000","°C","1024.000","hPa","38.4","pmil","0","59.850","deg","20.000","°C","100.000","%a.s.","26.990","deg","23.835","°C","1018.000","hPa","0.808","-0.065","0.00038","-0.00034","0","31","Humid","5.00","0","2500.00","34848.03","SADD0002000339 Box 1","ABF1.0.0.0","4.0.0.2353","PSt3","221014-001","6/4/2024 1:58:11 PM","0000-00","0","no battery","V","","µV","","µV"
"07/08/2024","16:09:25","1","default","166358087","001","1.716","min","240.331","μmol/L","Humid","24.596","deg","36523","µV","27.000","°C","1024.000","hPa","38.4","pmil","0","59.850","deg","20.000","°C","100.000","%a.s.","26.990","deg","23.835","°C","1018.000","hPa","0.808","-0.065","0.00038","-0.00034","0","31","Humid","5.00","0","2500.00","34850.33","SADD0002000339 Box 1","ABF1.0.0.0","4.0.0.2353","PSt3","221014-001","6/4/2024 1:58:11 PM","0000-00","0","no battery","V","","µV","","µV"
"07/08/2024","16:09:26","1","default","166358087","001","1.733","min","240.625","μmol/L","Humid","24.584","deg","36525","µV","27.000","°C","1024.000","hPa","38.4","pmil","0","59.850","deg","20.000","°C","100.000","%a.s.","26.990","deg","23.835","°C","1018.000","hPa","0.808","-0.065","0.00038","-0.00034","0","31","Humid","5.00","0","2500.00","34852.23","SADD0002000339 Box 1","ABF1.0.0.0","4.0.0.2353","PSt3","221014-001","6/4/2024 1:58:11 PM","0000-00","0","no battery","V","","µV","","µV"
"07/08/2024","16:09:27","1","default","166358087","001","1.750","min","240.870","μmol/L","Humid","24.574","deg","36521","µV","27.000","°C","1024.000","hPa","38.4","pmil","0","59.850","deg","20.000","°C","100.000","%a.s.","26.990","deg","23.835","°C","1018.000","hPa","0.808","-0.065","0.00038","-0.00034","0","31","Humid","5.00","0","2500.00","34851.45","SADD0002000339 Box 1","ABF1.0.0.0","4.0.0.2353","PSt3","221014-001","6/4/2024 1:58:11 PM","0000-00","0","no battery","V","","µV","","µV"
"07/08/2024","16:09:28","1","default","166358087","001","1.766","min","240.576","μmol/L","Humid","24.586","deg","36527","µV","27.000","°C","1024.000","hPa","38.4","pmil","0","59.850","deg","20.000","°C","100.000","%a.s.","26.990","deg","23.835","°C","1018.000","hPa","0.808","-0.065","0.00038","-0.00034","0","31","Humid","5.00","0","2500.00","34849.71","SADD0002000339 Box 1","ABF1.0.0.0","4.0.0.2353","PSt3","221014-001","6/4/2024 1:58:11 PM","0000-00","0","no battery","V","","µV","","µV"
"07/08/2024","16:09:29","1","default","166358087","001","1.783","min","240.502","μmol/L","Humid","24.589","deg","36522","µV","27.000","°C","1024.000","hPa","38.4","pmil","0","59.850","deg","20.000","°C","100.000","%a.s.","26.990","deg","23.835","°C","1018.000","hPa","0.808","-0.065","0.00038","-0.00034","0","31","Humid","5.00","0","2500.00","34847.15","SADD0002000339 Box 1","ABF1.0.0.0","4.0.0.2353","PSt3","221014-001","6/4/2024 1:58:11 PM","0000-00","0","no battery","V","","µV","","µV"
"07/08/2024","16:09:30","1","default","166358087","001","1.800","min","240.478","μmol/L","Humid","24.590","deg","36524","µV","27.000","°C","1024.000","hPa","38.4","pmil","0","59.850","deg","20.000","°C","100.000","%a.s.","26.990","deg","23.835","°C","1018.000","hPa","0.808","-0.065","0.00038","-0.00034","0","31","Humid","5.00","0","2500.00","34850.37","SADD0002000339 Box 1","ABF1.0.0.0","4.0.0.2353","PSt3","221014-001","6/4/2024 1:58:11 PM","0000-00","0","no battery","V","","µV","","µV"
"07/08/2024","16:09:31","1","default","166358087","001","1.817","min","240.747","μmol/L","Humid","24.579","deg","36522","µV","27.000","°C","1024.000","hPa","38.4","pmil","0","59.850","deg","20.000","°C","100.000","%a.s.","26.990","deg","23.835","°C","1018.000","hPa","0.808","-0.065","0.00038","-0.00034","0","31","Humid","5.00","0","2500.00","34852.68","SADD0002000339 Box 1","ABF1.0.0.0","4.0.0.2353","PSt3","221014-001","6/4/2024 1:58:11 PM","0000-00","0","no battery","V","","µV","","µV"
"07/08/2024","16:09:32","1","default","166358087","001","1.834","min","240.698","μmol/L","Humid","24.581","deg","36523","µV","27.000","°C","1024.000","hPa","38.4","pmil","0","59.850","deg","20.000","°C","100.000","%a.s.","26.990","deg","23.835","°C","1018.000","hPa","0.808","-0.065","0.00038","-0.00034","0","31","Humid","5.00","0","2500.00","34850.23","SADD0002000339 Box 1","ABF1.0.0.0","4.0.0.2353","PSt3","221014-001","6/4/2024 1:58:11 PM","0000-00","0","no battery","V","","µV","","µV"
"07/08/2024","16:09:33","1","default","166358087","001","1.850","min","240.478","μmol/L","Humid","24.590","deg","36524","µV","27.000","°C","1024.000","hPa","38.4","pmil","0","59.850","deg","20.000","°C","100.000","%a.s.","26.990","deg","23.835","°C","1018.000","hPa","0.808","-0.065","0.00038","-0.00034","0","31","Humid","5.00","0","2500.00","34848.44","SADD0002000339 Box 1","ABF1.0.0.0","4.0.0.2353","PSt3","221014-001","6/4/2024 1:58:11 PM","0000-00","0","no battery","V","","µV","","µV"
"07/08/2024","16:09:34","1","default","166358087","001","1.867","min","240.723","μmol/L","Humid","24.580","deg","36524","µV","27.000","°C","1024.000","hPa","38.4","pmil","0","59.850","deg","20.000","°C","100.000","%a.s.","26.990","deg","23.835","°C","1018.000","hPa","0.808","-0.065","0.00038","-0.00034","0","31","Humid","5.00","0","2500.00","34850.25","SADD0002000339 Box 1","ABF1.0.0.0","4.0.0.2353","PSt3","221014-001","6/4/2024 1:58:11 PM","0000-00","0","no battery","V","","µV","","µV"
"07/08/2024","16:09:35","1","default","166358087","001","1.883","min","240.453","μmol/L","Humid","24.591","deg","36522","µV","27.000","°C","1024.000","hPa","38.4","pmil","0","59.850","deg","20.000","°C","100.000","%a.s.","26.990","deg","23.835","°C","1018.000","hPa","0.808","-0.065","0.00038","-0.00034","0","31","Humid","5.00","0","2500.00","34847.44","SADD0002000339 Box 1","ABF1.0.0.0","4.0.0.2353","PSt3","221014-001","6/4/2024 1:58:11 PM","0000-00","0","no battery","V","","µV","","µV"
"07/08/2024","16:09:36","1","default","166358087","001","1.900","min","240.502","μmol/L","Humid","24.589","deg","36522","µV","27.000","°C","1024.000","hPa","38.4","pmil","0","59.850","deg","20.000","°C","100.000","%a.s.","26.990","deg","23.835","°C","1018.000","hPa","0.808","-0.065","0.00038","-0.00034","0","31","Humid","5.00","0","2500.00","34853.53","SADD0002000339 Box 1","ABF1.0.0.0","4.0.0.2353","PSt3","221014-001","6/4/2024 1:58:11 PM","0000-00","0","no battery","V","","µV","","µV"
"07/08/2024","16:09:37","1","default","166358087","001","1.917","min","240.870","μmol/L","Humid","24.574","deg","36518","µV","27.000","°C","1024.000","hPa","38.4","pmil","0","59.850","deg","20.000","°C","100.000","%a.s.","26.990","deg","23.835","°C","1018.000","hPa","0.808","-0.065","0.00038","-0.00034","0","31","Humid","5.00","0","2500.00","34849.17","SADD0002000339 Box 1","ABF1.0.0.0","4.0.0.2353","PSt3","221014-001","6/4/2024 1:58:11 PM","0000-00","0","no battery","V","","µV","","µV"
"07/08/2024","16:09:38","1","default","166358087","001","1.933","min","240.331","μmol/L","Humid","24.596","deg","36516","µV","27.000","°C","1024.000","hPa","38.4","pmil","0","59.850","deg","20.000","°C","100.000","%a.s.","26.990","deg","23.835","°C","1018.000","hPa","0.808","-0.065","0.00038","-0.00034","0","31","Humid","5.00","0","2500.00","34850.09","SADD0002000339 Box 1","ABF1.0.0.0","4.0.0.2353","PSt3","221014-001","6/4/2024 1:58:11 PM","0000-00","0","no battery","V","","µV","","µV"
"07/08/2024","16:09:39","1","default","166358087","001","1.950","min","240.846","μmol/L","Humid","24.575","deg","36514","µV","27.000","°C","1024.000","hPa","38.4","pmil","0","59.850","deg","20.000","°C","100.000","%a.s.","26.990","deg","23.835","°C","1018.000","hPa","0.808","-0.065","0.00038","-0.00034","0","31","Humid","5.00","0","2500.00","34850.82","SADD0002000339 Box 1","ABF1.0.0.0","4.0.0.2353","PSt3","221014-001","6/4/2024 1:58:11 PM","0000-00","0","no battery","V","","µV","","µV"
"07/08/2024","16:09:40","1","default","166358087","001","1.967","min","240.527","μmol/L","Humid","24.588","deg","36516","µV","27.000","°C","1024.000","hPa","38.4","pmil","0","59.850","deg","20.000","°C","100.000","%a.s.","26.990","deg","23.835","°C","1018.000","hPa","0.808","-0.065","0.00038","-0.00034","0","31","Humid","5.00","0","2500.00","34850.36","SADD0002000339 Box 1","ABF1.0.0.0","4.0.0.2353","PSt3","221014-001","6/4/2024 1:58:11 PM","0000-00","0","no battery","V","","µV","","µV"
"07/08/2024","16:09:41","1","default","166358087","001","1.984","min","240.649","μmol/L","Humid","24.583","deg","36519","µV","27.000","°C","1024.000","hPa","38.4","pmil","0","59.850","deg","20.000","°C","100.000","%a.s.","26.990","deg","23.835","°C","1018.000","hPa","0.808","-0.065","0.00038","-0.00034","0","31","Humid","5.00","0","2500.00","34850.87","SADD0002000339 Box 1","ABF1.0.0.0","4.0.0.2353","PSt3","221014-001","6/4/2024 1:58:11 PM","0000-00","0","no battery","V","","µV","","µV"
"07/08/2024","16:09:42","1","default","166358087","001","2.000","min","240.404","μmol/L","Humid","24.593","deg","36520","µV","27.000","°C","1024.000","hPa","38.4","pmil","0","59.850","deg","20.000","°C","100.000","%a.s.","26.990","deg","23.835","°C","1018.000","hPa","0.808","-0.065","0.00038","-0.00034","0","31","Humid","5.00","0","2500.00","34851.03","SADD0002000339 Box 1","ABF1.0.0.0","4.0.0.2353","PSt3","221014-001","6/4/2024 1:58:11 PM","0000-00","0","no battery","V","","µV","","µV"
"07/08/2024","16:09:43","1","default","166358087","001","2.017","min","240.551","μmol/L","Humid","24.587","deg","36518","µV","27.000","°C","1024.000","hPa","38.4","pmil","0","59.850","deg","20.000","°C","100.000","%a.s.","26.990","deg","23.835","°C","1018.000","hPa","0.808","-0.065","0.00038","-0.00034","0","31","Humid","5.00","0","2500.00","34858.83","SADD0002000339 Box 1","ABF1.0.0.0","4.0.0.2353","PSt3","221014-001","6/4/2024 1:58:11 PM","0000-00","0","no battery","V","","µV","","µV"
"07/08/2024","16:09:44","1","default","166358087","001","2.033","min","240.772","μmol/L","Humid","24.578","deg","36514","µV","27.000","°C","1024.000","hPa","38.4","pmil","0","59.850","deg","20.000","°C","100.000","%a.s.","26.990","deg","23.835","°C","1018.000","hPa","0.808","-0.065","0.00038","-0.00034","0","31","Humid","5.00","0","2500.00","34853.42","SADD0002000339 Box 1","ABF1.0.0.0","4.0.0.2353","PSt3","221014-001","6/4/2024 1:58:11 PM","0000-00","0","no battery","V","","µV","","µV"
"07/08/2024","16:09:45","1","default","166358087","001","2.050","min","240.576","μmol/L","Humid","24.586","deg","36514","µV","27.000","°C","1024.000","hPa","38.4","pmil","0","59.850","deg","20.000","°C","100.000","%a.s.","26.990","deg","23.835","°C","1018.000","hPa","0.808","-0.065","0.00038","-0.00034","0","31","Humid","5.00","0","2500.00","34847.31","SADD0002000339 Box 1","ABF1.0.0.0","4.0.0.2353","PSt3","221014-001","6/4/2024 1:58:11 PM","0000-00","0","no battery","V","","µV","","µV"
"07/08/2024","16:09:46","1","default","166358087","001","2.067","min","240.600","μmol/L","Humid","24.585","deg","36517","µV","27.000","°C","1024.000","hPa","38.4","pmil","0","59.850","deg","20.000","°C","100.000","%a.s.","26.990","deg","23.835","°C","1018.000","hPa","0.808","-0.065","0.00038","-0.00034","0","31","Humid","5.00","0","2500.00","34844.39","SADD0002000339 Box 1","ABF1.0.0.0","4.0.0.2353","PSt3","221014-001","6/4/2024 1:58:11 PM","0000-00","0","no battery","V","","µV","","µV"
"07/08/2024","16:09:47","1","default","166358087","001","2.083","min","240.698","μmol/L","Humid","24.581","deg","36511","µV","27.000","°C","1024.000","hPa","38.4","pmil","0","59.850","deg","20.000","°C","100.000","%a.s.","26.990","deg","23.835","°C","1018.000","hPa","0.808","-0.065","0.00038","-0.00034","0","31","Humid","5.00","0","2500.00","34847.82","SADD0002000339 Box 1","ABF1.0.0.0","4.0.0.2353","PSt3","221014-001","6/4/2024 1:58:11 PM","0000-00","0","no battery","V","","µV","","µV"
"07/08/2024","16:09:48","1","default","166358087","001","2.100","min","240.576","μmol/L","Humid","24.586","deg","36513","µV","27.000","°C","1024.000","hPa","38.4","pmil","0","59.850","deg","20.000","°C","100.000","%a.s.","26.990","deg","23.835","°C","1018.000","hPa","0.808","-0.065","0.00038","-0.00034","0","31","Humid","5.00","0","2500.00","34852.25","SADD0002000339 Box 1","ABF1.0.0.0","4.0.0.2353","PSt3","221014-001","6/4/2024 1:58:11 PM","0000-00","0","no battery","V","","µV","","µV"
"07/08/2024","16:09:49","1","default","166358087","001","2.117","min","240.895","μmol/L","Humid","24.573","deg","36508","µV","27.000","°C","1024.000","hPa","38.4","pmil","0","59.850","deg","20.000","°C","100.000","%a.s.","26.990","deg","23.835","°C","1018.000","hPa","0.808","-0.065","0.00038","-0.00034","0","31","Humid","5.00","0","2500.00","34852.33","SADD0002000339 Box 1","ABF1.0.0.0","4.0.0.2353","PSt3","221014-001","6/4/2024 1:58:11 PM","0000-00","0","no battery","V","","µV","","µV"
"07/08/2024","16:09:50","1","default","166358087","001","2.133","min","240.895","μmol/L","Humid","24.573","deg","36515","µV","27.000","°C","1024.000","hPa","38.4","pmil","0","59.850","deg","20.000","°C","100.000","%a.s.","26.990","deg","23.835","°C","1018.000","hPa","0.808","-0.065","0.00038","-0.00034","0","31","Humid","5.00","0","2500.00","34851.68","SADD0002000339 Box 1","ABF1.0.0.0","4.0.0.2353","PSt3","221014-001","6/4/2024 1:58:11 PM","0000-00","0","no battery","V","","µV","","µV"
"07/08/2024","16:09:51","1","default","166358087","001","2.150","min","240.895","μmol/L","Humid","24.573","deg","36514","µV","27.000","°C","1024.000","hPa","38.4","pmil","0","59.850","deg","20.000","°C","100.000","%a.s.","26.990","deg","23.835","°C","1018.000","hPa","0.808","-0.065","0.00038","-0.00034","0","31","Humid","5.00","0","2500.00","34847.79","SADD0002000339 Box 1","ABF1.0.0.0","4.0.0.2353","PSt3","221014-001","6/4/2024 1:58:11 PM","0000-00","0","no battery","V","","µV","","µV"
"07/08/2024","16:09:52","1","default","166358087","001","2.167","min","240.625","μmol/L","Humid","24.584","deg","36504","µV","27.000","°C","1024.000","hPa","38.4","pmil","0","59.850","deg","20.000","°C","100.000","%a.s.","26.990","deg","23.835","°C","1018.000","hPa","0.808","-0.065","0.00038","-0.00034","0","31","Humid","5.00","0","2500.00","34848.57","SADD0002000339 Box 1","ABF1.0.0.0","4.0.0.2353","PSt3","221014-001","6/4/2024 1:58:11 PM","0000-00","0","no battery","V","","µV","","µV"
"07/08/2024","16:09:53","1","default","166358087","001","2.184","min","241.017","μmol/L","Humid","24.568","deg","36504","µV","27.000","°C","1024.000","hPa","38.4","pmil","0","59.850","deg","20.000","°C","100.000","%a.s.","26.990","deg","23.835","°C","1018.000","hPa","0.808","-0.065","0.00038","-0.00034","0","31","Humid","5.00","0","2500.00","34851.30","SADD0002000339 Box 1","ABF1.0.0.0","4.0.0.2353","PSt3","221014-001","6/4/2024 1:58:11 PM","0000-00","0","no battery","V","","µV","","µV"
"07/08/2024","16:09:54","1","default","166358087","001","2.200","min","240.747","μmol/L","Humid","24.579","deg","36499","µV","27.000","°C","1024.000","hPa","38.4","pmil","0","59.850","deg","20.000","°C","100.000","%a.s.","26.990","deg","23.835","°C","1018.000","hPa","0.808","-0.065","0.00038","-0.00034","0","31","Humid","5.00","0","2500.00","34851.47","SADD0002000339 Box 1","ABF1.0.0.0","4.0.0.2353","PSt3","221014-001","6/4/2024 1:58:11 PM","0000-00","0","no battery","V","","µV","","µV"
"07/08/2024","16:09:55","1","default","166358087","001","2.217","min","241.091","μmol/L","Humid","24.565","deg","36498","µV","27.000","°C","1024.000","hPa","38.4","pmil","0","59.850","deg","20.000","°C","100.000","%a.s.","26.990","deg","23.835","°C","1018.000","hPa","0.808","-0.065","0.00038","-0.00034","0","31","Humid","5.00","0","2500.00","34850.85","SADD0002000339 Box 1","ABF1.0.0.0","4.0.0.2353","PSt3","221014-001","6/4/2024 1:58:11 PM","0000-00","0","no battery","V","","µV","","µV"
"07/08/2024","16:09:56","1","default","166358087","001","2.234","min","241.165","μmol/L","Humid","24.562","deg","36495","µV","27.000","°C","1024.000","hPa","38.4","pmil","0","59.850","deg","20.000","°C","100.000","%a.s.","26.990","deg","23.835","°C","1018.000","hPa","0.808","-0.065","0.00038","-0.00034","0","31","Humid","5.00","0","2500.00","34845.92","SADD0002000339 Box 1","ABF1.0.0.0","4.0.0.2353","PSt3","221014-001","6/4/2024 1:58:11 PM","0000-00","0","no battery","V","","µV","","µV"
"07/08/2024","16:09:57","1","default","166358087","001","2.250","min","240.772","μmol/L","Humid","24.578","deg","36494","µV","27.000","°C","1024.000","hPa","38.4","pmil","0","59.850","deg","20.000","°C","100.000","%a.s.","26.990","deg","23.835","°C","1018.000","hPa","0.808","-0.065","0.00038","-0.00034","0","31","Humid","5.00","0","2500.00","34852.02","SADD0002000339 Box 1","ABF1.0.0.0","4.0.0.2353","PSt3","221014-001","6/4/2024 1:58:11 PM","0000-00","0","no battery","V","","µV","","µV"
"07/08/2024","16:09:58","1","default","166358087","001","2.267","min","241.091","μmol/L","Humid","24.565","deg","36492","µV","27.000","°C","1024.000","hPa","38.4","pmil","0","59.850","deg","20.000","°C","100.000","%a.s.","26.990","deg","23.835","°C","1018.000","hPa","0.808","-0.065","0.00038","-0.00034","0","31","Humid","5.00","0","2500.00","34852.17","SADD0002000339 Box 1","ABF1.0.0.0","4.0.0.2353","PSt3","221014-001","6/4/2024 1:58:11 PM","0000-00","0","no battery","V","","µV","","µV"
"07/08/2024","16:09:59","1","default","166358087","001","2.284","min","240.747","μmol/L","Humid","24.579","deg","36508","µV","27.000","°C","1024.000","hPa","38.4","pmil","0","59.850","deg","20.000","°C","100.000","%a.s.","26.990","deg","23.835","°C","1018.000","hPa","0.808","-0.065","0.00038","-0.00034","0","31","Humid","5.00","0","2500.00","34846.74","SADD0002000339 Box 1","ABF1.0.0.0","4.0.0.2353","PSt3","221014-001","6/4/2024 1:58:11 PM","0000-00","0","no battery","V","","µV","","µV"
"07/08/2024","16:10:00","1","default","166358087","001","2.300","min","240.772","μmol/L","Humid","24.578","deg","36495","µV","27.000","°C","1024.000","hPa","38.4","pmil","0","59.850","deg","20.000","°C","100.000","%a.s.","26.990","deg","23.835","°C","1018.000","hPa","0.808","-0.065","0.00038","-0.00034","0","31","Humid","5.00","0","2500.00","34848.47","SADD0002000339 Box 1","ABF1.0.0.0","4.0.0.2353","PSt3","221014-001","6/4/2024 1:58:11 PM","0000-00","0","no battery","V","","µV","","µV"
"07/08/2024","16:10:01","1","default","166358087","001","2.317","min","241.042","μmol/L","Humid","24.567","deg","36491","µV","27.000","°C","1024.000","hPa","38.4","pmil","0","59.850","deg","20.000","°C","100.000","%a.s.","26.990","deg","23.835","°C","1018.000","hPa","0.808","-0.065","0.00038","-0.00034","0","31","Humid","5.00","0","2500.00","34855.49","SADD0002000339 Box 1","ABF1.0.0.0","4.0.0.2353","PSt3","221014-001","6/4/2024 1:58:11 PM","0000-00","0","no battery","V","","µV","","µV"
"07/08/2024","16:10:02","1","default","166358087","001","2.333","min","241.017","μmol/L","Humid","24.568","deg","36484","µV","27.000","°C","1024.000","hPa","38.4","pmil","0","59.850","deg","20.000","°C","100.000","%a.s.","26.990","deg","23.835","°C","1018.000","hPa","0.808","-0.065","0.00038","-0.00034","0","31","Humid","5.00","0","2500.00","34849.88","SADD0002000339 Box 1","ABF1.0.0.0","4.0.0.2353","PSt3","221014-001","6/4/2024 1:58:11 PM","0000-00","0","no battery","V","","µV","","µV"
"07/08/2024","16:10:03","1","default","166358087","001","2.350","min","241.214","μmol/L","Humid","24.560","deg","36487","µV","27.000","°C","1024.000","hPa","38.4","pmil","0","59.850","deg","20.000","°C","100.000","%a.s.","26.990","deg","23.835","°C","1018.000","hPa","0.808","-0.065","0.00038","-0.00034","0","31","Humid","5.00","0","2500.00","34850.83","SADD0002000339 Box 1","ABF1.0.0.0","4.0.0.2353","PSt3","221014-001","6/4/2024 1:58:11 PM","0000-00","0","no battery","V","","µV","","µV"
"07/08/2024","16:10:04","1","default","166358087","001","2.367","min","240.870","μmol/L","Humid","24.574","deg","36479","µV","27.000","°C","1024.000","hPa","38.4","pmil","0","59.850","deg","20.000","°C","100.000","%a.s.","26.990","deg","23.835","°C","1018.000","hPa","0.808","-0.065","0.00038","-0.00034","0","31","Humid","5.00","0","2500.00","34850.24","SADD0002000339 Box 1","ABF1.0.0.0","4.0.0.2353","PSt3","221014-001","6/4/2024 1:58:11 PM","0000-00","0","no battery","V","","µV","","µV"
"07/08/2024","16:10:05","1","default","166358087","001","2.383","min","241.116","μmol/L","Humid","24.564","deg","36486","µV","27.000","°C","1024.000","hPa","38.4","pmil","0","59.850","deg","20.000","°C","100.000","%a.s.","26.990","deg","23.835","°C","1018.000","hPa","0.808","-0.065","0.00038","-0.00034","0","31","Humid","5.00","0","2500.00","34851.96","SADD0002000339 Box 1","ABF1.0.0.0","4.0.0.2353","PSt3","221014-001","6/4/2024 1:58:11 PM","0000-00","0","no battery","V","","µV","","µV"
"07/08/2024","16:10:06","1","default","166358087","001","2.400","min","241.091","μmol/L","Humid","24.565","deg","36490","µV","27.000","°C","1024.000","hPa","38.4","pmil","0","59.850","deg","20.000","°C","100.000","%a.s.","26.990","deg","23.835","°C","1018.000","hPa","0.808","-0.065","0.00038","-0.00034","0","31","Humid","5.00","0","2500.00","34848.73","SADD0002000339 Box 1","ABF1.0.0.0","4.0.0.2353","PSt3","221014-001","6/4/2024 1:58:11 PM","0000-00","0","no battery","V","","µV","","µV"
"07/08/2024","16:10:07","1","default","166358087","001","2.417","min","241.042","μmol/L","Humid","24.567","deg","36483","µV","27.000","°C","1024.000","hPa","38.4","pmil","0","59.850","deg","20.000","°C","100.000","%a.s.","26.990","deg","23.835","°C","1018.000","hPa","0.808","-0.065","0.00038","-0.00034","0","31","Humid","5.00","0","2500.00","34849.57","SADD0002000339 Box 1","ABF1.0.0.0","4.0.0.2353","PSt3","221014-001","6/4/2024 1:58:11 PM","0000-00","0","no battery","V","","µV","","µV"
"07/08/2024","16:10:08","1","default","166358087","001","2.433","min","240.846","μmol/L","Humid","24.575","deg","36483","µV","27.000","°C","1024.000","hPa","38.4","pmil","0","59.850","deg","20.000","°C","100.000","%a.s.","26.990","deg","23.835","°C","1018.000","hPa","0.808","-0.065","0.00038","-0.00034","0","31","Humid","5.00","0","2500.00","34849.34","SADD0002000339 Box 1","ABF1.0.0.0","4.0.0.2353","PSt3","221014-001","6/4/2024 1:58:11 PM","0000-00","0","no battery","V","","µV","","µV"
"07/08/2024","16:10:09","1","default","166358087","001","2.450","min","240.600","μmol/L","Humid","24.585","deg","36480","µV","27.000","°C","1024.000","hPa","38.4","pmil","0","59.850","deg","20.000","°C","100.000","%a.s.","26.990","deg","23.835","°C","1018.000","hPa","0.808","-0.065","0.00038","-0.00034","0","31","Humid","5.00","0","2500.00","34851.39","SADD0002000339 Box 1","ABF1.0.0.0","4.0.0.2353","PSt3","221014-001","6/4/2024 1:58:11 PM","0000-00","0","no battery","V","","µV","","µV"
"07/08/2024","16:10:10","1","default","166358087","001","2.467","min","241.042","μmol/L","Humid","24.567","deg","36480","µV","27.000","°C","1024.000","hPa","38.4","pmil","0","59.850","deg","20.000","°C","100.000","%a.s.","26.990","deg","23.835","°C","1018.000","hPa","0.808","-0.065","0.00038","-0.00034","0","31","Humid","5.00","0","2500.00","34850.47","SADD0002000339 Box 1","ABF1.0.0.0","4.0.0.2353","PSt3","221014-001","6/4/2024 1:58:11 PM","0000-00","0","no battery","V","","µV","","µV"
"07/08/2024","16:10:11","1","default","166358087","001","2.483","min","241.042","μmol/L","Humid","24.567","deg","36479","µV","27.000","°C","1024.000","hPa","38.4","pmil","0","59.850","deg","20.000","°C","100.000","%a.s.","26.990","deg","23.835","°C","1018.000","hPa","0.808","-0.065","0.00038","-0.00034","0","31","Humid","5.00","0","2500.00","34849.48","SADD0002000339 Box 1","ABF1.0.0.0","4.0.0.2353","PSt3","221014-001","6/4/2024 1:58:11 PM","0000-00","0","no battery","V","","µV","","µV"
"07/08/2024","16:10:12","1","default","166358087","001","2.500","min","240.993","μmol/L","Humid","24.569","deg","36481","µV","27.000","°C","1024.000","hPa","38.4","pmil","0","59.850","deg","20.000","°C","100.000","%a.s.","26.990","deg","23.835","°C","1018.000","hPa","0.808","-0.065","0.00038","-0.00034","0","31","Humid","5.00","0","2500.00","34850.37","SADD0002000339 Box 1","ABF1.0.0.0","4.0.0.2353","PSt3","221014-001","6/4/2024 1:58:11 PM","0000-00","0","no battery","V","","µV","","µV"
"07/08/2024","16:10:13","1","default","166358087","001","2.517","min","241.116","μmol/L","Humid","24.564","deg","36484","µV","27.000","°C","1024.000","hPa","38.4","pmil","0","59.850","deg","20.000","°C","100.000","%a.s.","26.990","deg","23.835","°C","1018.000","hPa","0.808","-0.065","0.00038","-0.00034","0","31","Humid","5.00","0","2500.00","34854.39","SADD0002000339 Box 1","ABF1.0.0.0","4.0.0.2353","PSt3","221014-001","6/4/2024 1:58:11 PM","0000-00","0","no battery","V","","µV","","µV"
"07/08/2024","16:10:14","1","default","166358087","001","2.533","min","240.846","μmol/L","Humid","24.575","deg","36478","µV","27.000","°C","1024.000","hPa","38.4","pmil","0","59.850","deg","20.000","°C","100.000","%a.s.","26.990","deg","23.835","°C","1018.000","hPa","0.808","-0.065","0.00038","-0.00034","0","31","Humid","5.00","0","2500.00","34844.60","SADD0002000339 Box 1","ABF1.0.0.0","4.0.0.2353","PSt3","221014-001","6/4/2024 1:58:11 PM","0000-00","0","no battery","V","","µV","","µV"
"07/08/2024","16:10:15","1","default","166358087","001","2.550","min","240.821","μmol/L","Humid","24.576","deg","36477","µV","27.000","°C","1024.000","hPa","38.4","pmil","0","59.850","deg","20.000","°C","100.000","%a.s.","26.990","deg","23.835","°C","1018.000","hPa","0.808","-0.065","0.00038","-0.00034","0","31","Humid","5.00","0","2500.00","34848.53","SADD0002000339 Box 1","ABF1.0.0.0","4.0.0.2353","PSt3","221014-001","6/4/2024 1:58:11 PM","0000-00","0","no battery","V","","µV","","µV"
"07/08/2024","16:10:16","1","default","166358087","001","2.566","min","241.067","μmol/L","Humid","24.566","deg","36475","µV","27.000","°C","1024.000","hPa","38.4","pmil","0","59.850","deg","20.000","°C","100.000","%a.s.","26.990","deg","23.835","°C","1018.000","hPa","0.808","-0.065","0.00038","-0.00034","0","31","Humid","5.00","0","2500.00","34847.73","SADD0002000339 Box 1","ABF1.0.0.0","4.0.0.2353","PSt3","221014-001","6/4/2024 1:58:11 PM","0000-00","0","no battery","V","","µV","","µV"
"07/08/2024","16:10:17","1","default","166358087","001","2.583","min","241.067","μmol/L","Humid","24.566","deg","36470","µV","27.000","°C","1024.000","hPa","38.4","pmil","0","59.850","deg","20.000","°C","100.000","%a.s.","26.990","deg","23.835","°C","1018.000","hPa","0.808","-0.065","0.00038","-0.00034","0","31","Humid","5.00","0","2500.00","34849.62","SADD0002000339 Box 1","ABF1.0.0.0","4.0.0.2353","PSt3","221014-001","6/4/2024 1:58:11 PM","0000-00","0","no battery","V","","µV","","µV"
"07/08/2024","16:10:18","1","default","166358087","001","2.600","min","241.091","μmol/L","Humid","24.565","deg","36475","µV","27.000","°C","1024.000","hPa","38.4","pmil","0","59.850","deg","20.000","°C","100.000","%a.s.","26.990","deg","23.835","°C","1018.000","hPa","0.808","-0.065","0.00038","-0.00034","0","31","Humid","5.00","0","2500.00","34848.03","SADD0002000339 Box 1","ABF1.0.0.0","4.0.0.2353","PSt3","221014-001","6/4/2024 1:58:11 PM","0000-00","0","no battery","V","","µV","","µV"
"07/08/2024","16:10:19","1","default","166358087","001","2.616","min","241.288","μmol/L","Humid","24.557","deg","36475","µV","27.000","°C","1024.000","hPa","38.4","pmil","0","59.850","deg","20.000","°C","100.000","%a.s.","26.990","deg","23.835","°C","1018.000","hPa","0.808","-0.065","0.00038","-0.00034","0","31","Humid","5.00","0","2500.00","34846.25","SADD0002000339 Box 1","ABF1.0.0.0","4.0.0.2353","PSt3","221014-001","6/4/2024 1:58:11 PM","0000-00","0","no battery","V","","µV","","µV"
"07/08/2024","16:10:20","1","default","166358087","001","2.633","min","241.239","μmol/L","Humid","24.559","deg","36473","µV","27.000","°C","1024.000","hPa","38.4","pmil","0","59.850","deg","20.000","°C","100.000","%a.s.","26.990","deg","23.835","°C","1018.000","hPa","0.808","-0.065","0.00038","-0.00034","0","31","Humid","5.00","0","2500.00","34849.35","SADD0002000339 Box 1","ABF1.0.0.0","4.0.0.2353","PSt3","221014-001","6/4/2024 1:58:11 PM","0000-00","0","no battery","V","","µV","","µV"
"07/08/2024","16:10:21","1","default","166358087","001","2.650","min","241.435","μmol/L","Humid","24.551","deg","36476","µV","27.000","°C","1024.000","hPa","38.4","pmil","0","59.850","deg","20.000","°C","100.000","%a.s.","26.990","deg","23.835","°C","1018.000","hPa","0.808","-0.065","0.00038","-0.00034","0","31","Humid","5.00","0","2500.00","34849.92","SADD0002000339 Box 1","ABF1.0.0.0","4.0.0.2353","PSt3","221014-001","6/4/2024 1:58:11 PM","0000-00","0","no battery","V","","µV","","µV"
"07/08/2024","16:10:22","1","default","166358087","001","2.666","min","241.189","μmol/L","Humid","24.561","deg","36474","µV","27.000","°C","1024.000","hPa","38.4","pmil","0","59.850","deg","20.000","°C","100.000","%a.s.","26.990","deg","23.835","°C","1018.000","hPa","0.808","-0.065","0.00038","-0.00034","0","31","Humid","5.00","0","2500.00","34851.81","SADD0002000339 Box 1","ABF1.0.0.0","4.0.0.2353","PSt3","221014-001","6/4/2024 1:58:11 PM","0000-00","0","no battery","V","","µV","","µV"
"07/08/2024","16:10:23","1","default","166358087","001","2.683","min","241.140","μmol/L","Humid","24.563","deg","36471","µV","27.000","°C","1024.000","hPa","38.4","pmil","0","59.850","deg","20.000","°C","100.000","%a.s.","26.990","deg","23.835","°C","1018.000","hPa","0.808","-0.065","0.00038","-0.00034","0","31","Humid","5.00","0","2500.00","34846.27","SADD0002000339 Box 1","ABF1.0.0.0","4.0.0.2353","PSt3","221014-001","6/4/2024 1:58:11 PM","0000-00","0","no battery","V","","µV","","µV"
"07/08/2024","16:10:24","1","default","166358087","001","2.700","min","241.263","μmol/L","Humid","24.558","deg","36465","µV","27.000","°C","1024.000","hPa","38.4","pmil","0","59.850","deg","20.000","°C","100.000","%a.s.","26.990","deg","23.835","°C","1018.000","hPa","0.808","-0.065","0.00038","-0.00034","0","31","Humid","5.00","0","2500.00","34855.54","SADD0002000339 Box 1","ABF1.0.0.0","4.0.0.2353","PSt3","221014-001","6/4/2024 1:58:11 PM","0000-00","0","no battery","V","","µV","","µV"
"07/08/2024","16:10:25","1","default","166358087","001","2.716","min","241.214","μmol/L","Humid","24.560","deg","36466","µV","27.000","°C","1024.000","hPa","38.4","pmil","0","59.850","deg","20.000","°C","100.000","%a.s.","26.990","deg","23.835","°C","1018.000","hPa","0.808","-0.065","0.00038","-0.00034","0","31","Humid","5.00","0","2500.00","34850.61","SADD0002000339 Box 1","ABF1.0.0.0","4.0.0.2353","PSt3","221014-001","6/4/2024 1:58:11 PM","0000-00","0","no battery","V","","µV","","µV"
"07/08/2024","16:10:26","1","default","166358087","001","2.733","min","240.846","μmol/L","Humid","24.575","deg","36458","µV","27.000","°C","1024.000","hPa","38.4","pmil","0","59.850","deg","20.000","°C","100.000","%a.s.","26.990","deg","23.835","°C","1018.000","hPa","0.808","-0.065","0.00038","-0.00034","0","31","Humid","5.00","0","2500.00","34849.68","SADD0002000339 Box 1","ABF1.0.0.0","4.0.0.2353","PSt3","221014-001","6/4/2024 1:58:11 PM","0000-00","0","no battery","V","","µV","","µV"
"07/08/2024","16:10:27","1","default","166358087","001","2.749","min","241.165","μmol/L","Humid","24.562","deg","36458","µV","27.000","°C","1024.000","hPa","38.4","pmil","0","59.850","deg","20.000","°C","100.000","%a.s.","26.990","deg","23.835","°C","1018.000","hPa","0.808","-0.065","0.00038","-0.00034","0","31","Humid","5.00","0","2500.00","34853.84","SADD0002000339 Box 1","ABF1.0.0.0","4.0.0.2353","PSt3","221014-001","6/4/2024 1:58:11 PM","0000-00","0","no battery","V","","µV","","µV"
"07/08/2024","16:10:28","1","default","166358087","001","2.767","min","241.263","μmol/L","Humid","24.558","deg","36465","µV","27.000","°C","1024.000","hPa","38.4","pmil","0","59.850","deg","20.000","°C","100.000","%a.s.","26.990","deg","23.835","°C","1018.000","hPa","0.808","-0.065","0.00038","-0.00034","0","31","Humid","5.00","0","2500.00","34848.13","SADD0002000339 Box 1","ABF1.0.0.0","4.0.0.2353","PSt3","221014-001","6/4/2024 1:58:11 PM","0000-00","0","no battery","V","","µV","","µV"
"07/08/2024","16:10:29","1","default","166358087","001","2.784","min","241.312","μmol/L","Humid","24.556","deg","36456","µV","27.000","°C","1024.000","hPa","38.4","pmil","0","59.850","deg","20.000","°C","100.000","%a.s.","26.990","deg","23.835","°C","1018.000","hPa","0.808","-0.065","0.00038","-0.00034","0","31","Humid","5.00","0","2500.00","34852.71","SADD0002000339 Box 1","ABF1.0.0.0","4.0.0.2353","PSt3","221014-001","6/4/2024 1:58:11 PM","0000-00","0","no battery","V","","µV","","µV"
"07/08/2024","16:10:30","1","default","166358087","001","2.800","min","241.239","μmol/L","Humid","24.559","deg","36457","µV","27.000","°C","1024.000","hPa","38.4","pmil","0","59.850","deg","20.000","°C","100.000","%a.s.","26.990","deg","23.835","°C","1018.000","hPa","0.808","-0.065","0.00038","-0.00034","0","31","Humid","5.00","0","2500.00","34849.18","SADD0002000339 Box 1","ABF1.0.0.0","4.0.0.2353","PSt3","221014-001","6/4/2024 1:58:11 PM","0000-00","0","no battery","V","","µV","","µV"
"07/08/2024","16:10:31","1","default","166358087","001","2.817","min","241.214","μmol/L","Humid","24.560","deg","36453","µV","27.000","°C","1024.000","hPa","38.4","pmil","0","59.850","deg","20.000","°C","100.000","%a.s.","26.990","deg","23.835","°C","1018.000","hPa","0.808","-0.065","0.00038","-0.00034","0","31","Humid","5.00","0","2500.00","34847.94","SADD0002000339 Box 1","ABF1.0.0.0","4.0.0.2353","PSt3","221014-001","6/4/2024 1:58:11 PM","0000-00","0","no battery","V","","µV","","µV"
"07/08/2024","16:10:32","1","default","166358087","001","2.834","min","241.017","μmol/L","Humid","24.568","deg","36457","µV","27.000","°C","1024.000","hPa","38.4","pmil","0","59.850","deg","20.000","°C","100.000","%a.s.","26.990","deg","23.835","°C","1018.000","hPa","0.808","-0.065","0.00038","-0.00034","0","31","Humid","5.00","0","2500.00","34844.49","SADD0002000339 Box 1","ABF1.0.0.0","4.0.0.2353","PSt3","221014-001","6/4/2024 1:58:11 PM","0000-00","0","no battery","V","","µV","","µV"
"07/08/2024","16:10:33","1","default","166358087","001","2.850","min","241.042","μmol/L","Humid","24.567","deg","36452","µV","27.000","°C","1024.000","hPa","38.4","pmil","0","59.850","deg","20.000","°C","100.000","%a.s.","26.990","deg","23.835","°C","1018.000","hPa","0.808","-0.065","0.00038","-0.00034","0","31","Humid","5.00","0","2500.00","34849.37","SADD0002000339 Box 1","ABF1.0.0.0","4.0.0.2353","PSt3","221014-001","6/4/2024 1:58:11 PM","0000-00","0","no battery","V","","µV","","µV"
"07/08/2024","16:10:34","1","default","166358087","001","2.867","min","241.239","μmol/L","Humid","24.559","deg","36450","µV","27.000","°C","1024.000","hPa","38.4","pmil","0","59.850","deg","20.000","°C","100.000","%a.s.","26.990","deg","23.835","°C","1018.000","hPa","0.808","-0.065","0.00038","-0.00034","0","31","Humid","5.00","0","2500.00","34844.45","SADD0002000339 Box 1","ABF1.0.0.0","4.0.0.2353","PSt3","221014-001","6/4/2024 1:58:11 PM","0000-00","0","no battery","V","","µV","","µV"
"07/08/2024","16:10:35","1","default","166358087","001","2.883","min","241.386","μmol/L","Humid","24.553","deg","36447","µV","27.000","°C","1024.000","hPa","38.4","pmil","0","59.850","deg","20.000","°C","100.000","%a.s.","26.990","deg","23.835","°C","1018.000","hPa","0.808","-0.065","0.00038","-0.00034","0","31","Humid","5.00","0","2500.00","34847.93","SADD0002000339 Box 1","ABF1.0.0.0","4.0.0.2353","PSt3","221014-001","6/4/2024 1:58:11 PM","0000-00","0","no battery","V","","µV","","µV"
"07/08/2024","16:10:36","1","default","166358087","001","2.900","min","241.534","μmol/L","Humid","24.547","deg","36449","µV","27.000","°C","1024.000","hPa","38.4","pmil","0","59.850","deg","20.000","°C","100.000","%a.s.","26.990","deg","23.835","°C","1018.000","hPa","0.808","-0.065","0.00038","-0.00034","0","31","Humid","5.00","0","2500.00","34845.52","SADD0002000339 Box 1","ABF1.0.0.0","4.0.0.2353","PSt3","221014-001","6/4/2024 1:58:11 PM","0000-00","0","no battery","V","","µV","","µV"
"07/08/2024","16:10:37","1","default","166358087","001","2.917","min","241.386","μmol/L","Humid","24.553","deg","36430","µV","27.000","°C","1024.000","hPa","38.4","pmil","0","59.850","deg","20.000","°C","100.000","%a.s.","26.990","deg","23.835","°C","1018.000","hPa","0.808","-0.065","0.00038","-0.00034","0","31","Humid","5.00","0","2500.00","34853.07","SADD0002000339 Box 1","ABF1.0.0.0","4.0.0.2353","PSt3","221014-001","6/4/2024 1:58:11 PM","0000-00","0","no battery","V","","µV","","µV"
"07/08/2024","16:10:38","1","default","166358087","001","2.933","min","241.263","μmol/L","Humid","24.558","deg","36429","µV","27.000","°C","1024.000","hPa","38.4","pmil","0","59.850","deg","20.000","°C","100.000","%a.s.","26.990","deg","23.835","°C","1018.000","hPa","0.808","-0.065","0.00038","-0.00034","0","31","Humid","5.00","0","2500.00","34846.44","SADD0002000339 Box 1","ABF1.0.0.0","4.0.0.2353","PSt3","221014-001","6/4/2024 1:58:11 PM","0000-00","0","no battery","V","","µV","","µV"
"07/08/2024","16:10:39","1","default","166358087","001","2.950","min","241.337","μmol/L","Humid","24.555","deg","36433","µV","27.000","°C","1024.000","hPa","38.4","pmil","0","59.850","deg","20.000","°C","100.000","%a.s.","26.990","deg","23.835","°C","1018.000","hPa","0.808","-0.065","0.00038","-0.00034","0","31","Humid","5.00","0","2500.00","34850.30","SADD0002000339 Box 1","ABF1.0.0.0","4.0.0.2353","PSt3","221014-001","6/4/2024 1:58:11 PM","0000-00","0","no battery","V","","µV","","µV"
"07/08/2024","16:10:40","1","default","166358087","001","2.967","min","241.288","μmol/L","Humid","24.557","deg","36429","µV","27.000","°C","1024.000","hPa","38.4","pmil","0","59.850","deg","20.000","°C","100.000","%a.s.","26.990","deg","23.835","°C","1018.000","hPa","0.808","-0.065","0.00038","-0.00034","0","31","Humid","5.00","0","2500.00","34846.50","SADD0002000339 Box 1","ABF1.0.0.0","4.0.0.2353","PSt3","221014-001","6/4/2024 1:58:11 PM","0000-00","0","no battery","V","","µV","","µV"
"07/08/2024","16:10:41","1","default","166358087","001","2.983","min","241.165","μmol/L","Humid","24.562","deg","36434","µV","27.000","°C","1024.000","hPa","38.4","pmil","0","59.850","deg","20.000","°C","100.000","%a.s.","26.990","deg","23.835","°C","1018.000","hPa","0.808","-0.065","0.00038","-0.00034","0","31","Humid","5.00","0","2500.00","34848.97","SADD0002000339 Box 1","ABF1.0.0.0","4.0.0.2353","PSt3","221014-001","6/4/2024 1:58:11 PM","0000-00","0","no battery","V","","µV","","µV"
"07/08/2024","16:10:42","1","default","166358087","001","3.000","min","241.312","μmol/L","Humid","24.556","deg","36433","µV","27.000","°C","1024.000","hPa","38.4","pmil","0","59.850","deg","20.000","°C","100.000","%a.s.","26.990","deg","23.835","°C","1018.000","hPa","0.808","-0.065","0.00038","-0.00034","0","31","Humid","5.00","0","2500.00","34853.92","SADD0002000339 Box 1","ABF1.0.0.0","4.0.0.2353","PSt3","221014-001","6/4/2024 1:58:11 PM","0000-00","0","no battery","V","","µV","","µV"
"07/08/2024","16:10:43","1","default","166358087","001","3.016","min","241.485","μmol/L","Humid","24.549","deg","36425","µV","27.000","°C","1024.000","hPa","38.4","pmil","0","59.850","deg","20.000","°C","100.000","%a.s.","26.990","deg","23.835","°C","1018.000","hPa","0.808","-0.065","0.00038","-0.00034","0","31","Humid","5.00","0","2500.00","34848.96","SADD0002000339 Box 1","ABF1.0.0.0","4.0.0.2353","PSt3","221014-001","6/4/2024 1:58:11 PM","0000-00","0","no battery","V","","µV","","µV"
"07/08/2024","16:10:44","1","default","166358087","001","3.033","min","241.731","μmol/L","Humid","24.539","deg","36422","µV","27.000","°C","1024.000","hPa","38.4","pmil","0","59.850","deg","20.000","°C","100.000","%a.s.","26.990","deg","23.835","°C","1018.000","hPa","0.808","-0.065","0.00038","-0.00034","0","31","Humid","5.00","0","2500.00","34847.75","SADD0002000339 Box 1","ABF1.0.0.0","4.0.0.2353","PSt3","221014-001","6/4/2024 1:58:11 PM","0000-00","0","no battery","V","","µV","","µV"
"07/08/2024","16:10:45","1","default","166358087","001","3.050","min","241.165","μmol/L","Humid","24.562","deg","36426","µV","27.000","°C","1024.000","hPa","38.4","pmil","0","59.850","deg","20.000","°C","100.000","%a.s.","26.990","deg","23.835","°C","1018.000","hPa","0.808","-0.065","0.00038","-0.00034","0","31","Humid","5.00","0","2500.00","34849.04","SADD0002000339 Box 1","ABF1.0.0.0","4.0.0.2353","PSt3","221014-001","6/4/2024 1:58:11 PM","0000-00","0","no battery","V","","µV","","µV"
"07/08/2024","16:10:46","1","default","166358087","001","3.066","min","241.485","μmol/L","Humid","24.549","deg","36427","µV","27.000","°C","1024.000","hPa","38.4","pmil","0","59.850","deg","20.000","°C","100.000","%a.s.","26.990","deg","23.835","°C","1018.000","hPa","0.808","-0.065","0.00038","-0.00034","0","31","Humid","5.00","0","2500.00","34845.18","SADD0002000339 Box 1","ABF1.0.0.0","4.0.0.2353","PSt3","221014-001","6/4/2024 1:58:11 PM","0000-00","0","no battery","V","","µV","","µV"
"07/08/2024","16:10:47","1","default","166358087","001","3.083","min","241.583","μmol/L","Humid","24.545","deg","36421","µV","27.000","°C","1024.000","hPa","38.4","pmil","0","59.850","deg","20.000","°C","100.000","%a.s.","26.990","deg","23.835","°C","1018.000","hPa","0.808","-0.065","0.00038","-0.00034","0","31","Humid","5.00","0","2500.00","34848.81","SADD0002000339 Box 1","ABF1.0.0.0","4.0.0.2353","PSt3","221014-001","6/4/2024 1:58:11 PM","0000-00","0","no battery","V","","µV","","µV"
"07/08/2024","16:10:48","1","default","166358087","001","3.100","min","241.239","μmol/L","Humid","24.559","deg","36420","µV","27.000","°C","1024.000","hPa","38.4","pmil","0","59.850","deg","20.000","°C","100.000","%a.s.","26.990","deg","23.835","°C","1018.000","hPa","0.808","-0.065","0.00038","-0.00034","0","31","Humid","5.00","0","2500.00","34849.75","SADD0002000339 Box 1","ABF1.0.0.0","4.0.0.2353","PSt3","221014-001","6/4/2024 1:58:11 PM","0000-00","0","no battery","V","","µV","","µV"
"07/08/2024","16:10:49","1","default","166358087","001","3.116","min","241.558","μmol/L","Humid","24.546","deg","36417","µV","27.000","°C","1024.000","hPa","38.4","pmil","0","59.850","deg","20.000","°C","100.000","%a.s.","26.990","deg","23.835","°C","1018.000","hPa","0.808","-0.065","0.00038","-0.00034","0","31","Humid","5.00","0","2500.00","34849.38","SADD0002000339 Box 1","ABF1.0.0.0","4.0.0.2353","PSt3","221014-001","6/4/2024 1:58:11 PM","0000-00","0","no battery","V","","µV","","µV"
"07/08/2024","16:10:50","1","default","166358087","001","3.133","min","241.361","μmol/L","Humid","24.554","deg","36418","µV","27.000","°C","1024.000","hPa","38.4","pmil","0","59.850","deg","20.000","°C","100.000","%a.s.","26.990","deg","23.835","°C","1018.000","hPa","0.808","-0.065","0.00038","-0.00034","0","31","Humid","5.00","0","2500.00","34847.93","SADD0002000339 Box 1","ABF1.0.0.0","4.0.0.2353","PSt3","221014-001","6/4/2024 1:58:11 PM","0000-00","0","no battery","V","","µV","","µV"
"07/08/2024","16:10:51","1","default","166358087","001","3.150","min","241.485","μmol/L","Humid","24.549","deg","36410","µV","27.000","°C","1024.000","hPa","38.4","pmil","0","59.850","deg","20.000","°C","100.000","%a.s.","26.990","deg","23.835","°C","1018.000","hPa","0.808","-0.065","0.00038","-0.00034","0","31","Humid","5.00","0","2500.00","34850.02","SADD0002000339 Box 1","ABF1.0.0.0","4.0.0.2353","PSt3","221014-001","6/4/2024 1:58:11 PM","0000-00","0","no battery","V","","µV","","µV"
"07/08/2024","16:10:52","1","default","166358087","001","3.166","min","241.509","μmol/L","Humid","24.548","deg","36408","µV","27.000","°C","1024.000","hPa","38.4","pmil","0","59.850","deg","20.000","°C","100.000","%a.s.","26.990","deg","23.835","°C","1018.000","hPa","0.808","-0.065","0.00038","-0.00034","0","31","Humid","5.00","0","2500.00","34853.38","SADD0002000339 Box 1","ABF1.0.0.0","4.0.0.2353","PSt3","221014-001","6/4/2024 1:58:11 PM","0000-00","0","no battery","V","","µV","","µV"
"07/08/2024","16:10:53","1","default","166358087","001","3.183","min","241.534","μmol/L","Humid","24.547","deg","36406","µV","27.000","°C","1024.000","hPa","38.4","pmil","0","59.850","deg","20.000","°C","100.000","%a.s.","26.990","deg","23.835","°C","1018.000","hPa","0.808","-0.065","0.00038","-0.00034","0","31","Humid","5.00","0","2500.00","34847.97","SADD0002000339 Box 1","ABF1.0.0.0","4.0.0.2353","PSt3","221014-001","6/4/2024 1:58:11 PM","0000-00","0","no battery","V","","µV","","µV"
"07/08/2024","16:10:54","1","default","166358087","001","3.200","min","241.485","μmol/L","Humid","24.549","deg","36407","µV","27.000","°C","1024.000","hPa","38.4","pmil","0","59.850","deg","20.000","°C","100.000","%a.s.","26.990","deg","23.835","°C","1018.000","hPa","0.808","-0.065","0.00038","-0.00034","0","31","Humid","5.00","0","2500.00","34847.87","SADD0002000339 Box 1","ABF1.0.0.0","4.0.0.2353","PSt3","221014-001","6/4/2024 1:58:11 PM","0000-00","0","no battery","V","","µV","","µV"
"07/08/2024","16:10:55","1","default","166358087","001","3.216","min","241.558","μmol/L","Humid","24.546","deg","36401","µV","27.000","°C","1024.000","hPa","38.4","pmil","0","59.850","deg","20.000","°C","100.000","%a.s.","26.990","deg","23.835","°C","1018.000","hPa","0.808","-0.065","0.00038","-0.00034","0","31","Humid","5.00","0","2500.00","34849.35","SADD0002000339 Box 1","ABF1.0.0.0","4.0.0.2353","PSt3","221014-001","6/4/2024 1:58:11 PM","0000-00","0","no battery","V","","µV","","µV"
"07/08/2024","16:10:56","1","default","166358087","001","3.233","min","241.682","μmol/L","Humid","24.541","deg","36396","µV","27.000","°C","1024.000","hPa","38.4","pmil","0","59.850","deg","20.000","°C","100.000","%a.s.","26.990","deg","23.835","°C","1018.000","hPa","0.808","-0.065","0.00038","-0.00034","0","31","Humid","5.00","0","2500.00","34846.31","SADD0002000339 Box 1","ABF1.0.0.0","4.0.0.2353","PSt3","221014-001","6/4/2024 1:58:11 PM","0000-00","0","no battery","V","","µV","","µV"
"07/08/2024","16:10:57","1","default","166358087","001","3.249","min","242.052","μmol/L","Humid","24.526","deg","36400","µV","27.000","°C","1024.000","hPa","38.4","pmil","0","59.850","deg","20.000","°C","100.000","%a.s.","26.990","deg","23.835","°C","1018.000","hPa","0.808","-0.065","0.00038","-0.00034","0","31","Humid","5.00","0","2500.00","34846.27","SADD0002000339 Box 1","ABF1.0.0.0","4.0.0.2353","PSt3","221014-001","6/4/2024 1:58:11 PM","0000-00","0","no battery","V","","µV","","µV"
"07/08/2024","16:10:58","1","default","166358087","001","3.267","min","241.780","μmol/L","Humid","24.537","deg","36398","µV","27.000","°C","1024.000","hPa","38.4","pmil","0","59.850","deg","20.000","°C","100.000","%a.s.","26.990","deg","23.835","°C","1018.000","hPa","0.808","-0.065","0.00038","-0.00034","0","31","Humid","5.00","0","2500.00","34849.41","SADD0002000339 Box 1","ABF1.0.0.0","4.0.0.2353","PSt3","221014-001","6/4/2024 1:58:11 PM","0000-00","0","no battery","V","","µV","","µV"
"07/08/2024","16:10:59","1","default","166358087","001","3.284","min","241.435","μmol/L","Humid","24.551","deg","36400","µV","27.000","°C","1024.000","hPa","38.4","pmil","0","59.850","deg","20.000","°C","100.000","%a.s.","26.990","deg","23.835","°C","1018.000","hPa","0.808","-0.065","0.00038","-0.00034","0","31","Humid","5.00","0","2500.00","34847.77","SADD0002000339 Box 1","ABF1.0.0.0","4.0.0.2353","PSt3","221014-001","6/4/2024 1:58:11 PM","0000-00","0","no battery","V","","µV","","µV"
"07/08/2024","16:11:00","1","default","166358087","001","3.300","min","241.460","μmol/L","Humid","24.550","deg","36399","µV","27.000","°C","1024.000","hPa","38.4","pmil","0","59.850","deg","20.000","°C","100.000","%a.s.","26.990","deg","23.835","°C","1018.000","hPa","0.808","-0.065","0.00038","-0.00034","0","31","Humid","5.00","0","2500.00","34847.49","SADD0002000339 Box 1","ABF1.0.0.0","4.0.0.2353","PSt3","221014-001","6/4/2024 1:58:11 PM","0000-00","0","no battery","V","","µV","","µV"
"07/08/2024","16:11:01","1","default","166358087","001","3.317","min","242.027","μmol/L","Humid","24.527","deg","36390","µV","27.000","°C","1024.000","hPa","38.4","pmil","0","59.850","deg","20.000","°C","100.000","%a.s.","26.990","deg","23.835","°C","1018.000","hPa","0.808","-0.065","0.00038","-0.00034","0","31","Humid","5.00","0","2500.00","34846.72","SADD0002000339 Box 1","ABF1.0.0.0","4.0.0.2353","PSt3","221014-001","6/4/2024 1:58:11 PM","0000-00","0","no battery","V","","µV","","µV"
"07/08/2024","16:11:02","1","default","166358087","001","3.334","min","241.953","μmol/L","Humid","24.530","deg","36394","µV","27.000","°C","1024.000","hPa","38.4","pmil","0","59.850","deg","20.000","°C","100.000","%a.s.","26.990","deg","23.835","°C","1018.000","hPa","0.808","-0.065","0.00038","-0.00034","0","31","Humid","5.00","0","2500.00","34850.88","SADD0002000339 Box 1","ABF1.0.0.0","4.0.0.2353","PSt3","221014-001","6/4/2024 1:58:11 PM","0000-00","0","no battery","V","","µV","","µV"
"07/08/2024","16:11:03","1","default","166358087","001","3.350","min","241.682","μmol/L","Humid","24.541","deg","36391","µV","27.000","°C","1024.000","hPa","38.4","pmil","0","59.850","deg","20.000","°C","100.000","%a.s.","26.990","deg","23.835","°C","1018.000","hPa","0.808","-0.065","0.00038","-0.00034","0","31","Humid","5.00","0","2500.00","34846.23","SADD0002000339 Box 1","ABF1.0.0.0","4.0.0.2353","PSt3","221014-001","6/4/2024 1:58:11 PM","0000-00","0","no battery","V","","µV","","µV"
"07/08/2024","16:11:04","1","default","166358087","001","3.367","min","241.756","μmol/L","Humid","24.538","deg","36394","µV","27.000","°C","1024.000","hPa","38.4","pmil","0","59.850","deg","20.000","°C","100.000","%a.s.","26.990","deg","23.835","°C","1018.000","hPa","0.808","-0.065","0.00038","-0.00034","0","31","Humid","5.00","0","2500.00","34843.29","SADD0002000339 Box 1","ABF1.0.0.0","4.0.0.2353","PSt3","221014-001","6/4/2024 1:58:11 PM","0000-00","0","no battery","V","","µV","","µV"
"07/08/2024","16:11:05","1","default","166358087","001","3.383","min","241.608","μmol/L","Humid","24.544","deg","36392","µV","27.000","°C","1024.000","hPa","38.4","pmil","0","59.850","deg","20.000","°C","100.000","%a.s.","26.990","deg","23.835","°C","1018.000","hPa","0.808","-0.065","0.00038","-0.00034","0","31","Humid","5.00","0","2500.00","34852.73","SADD0002000339 Box 1","ABF1.0.0.0","4.0.0.2353","PSt3","221014-001","6/4/2024 1:58:11 PM","0000-00","0","no battery","V","","µV","","µV"
"07/08/2024","16:11:06","1","default","166358087","001","3.400","min","241.583","μmol/L","Humid","24.545","deg","36383","µV","27.000","°C","1024.000","hPa","38.4","pmil","0","59.850","deg","20.000","°C","100.000","%a.s.","26.990","deg","23.835","°C","1018.000","hPa","0.808","-0.065","0.00038","-0.00034","0","31","Humid","5.00","0","2500.00","34850.99","SADD0002000339 Box 1","ABF1.0.0.0","4.0.0.2353","PSt3","221014-001","6/4/2024 1:58:11 PM","0000-00","0","no battery","V","","µV","","µV"
"07/08/2024","16:11:07","1","default","166358087","001","3.417","min","241.780","μmol/L","Humid","24.537","deg","36388","µV","27.000","°C","1024.000","hPa","38.4","pmil","0","59.850","deg","20.000","°C","100.000","%a.s.","26.990","deg","23.835","°C","1018.000","hPa","0.808","-0.065","0.00038","-0.00034","0","31","Humid","5.00","0","2500.00","34848.23","SADD0002000339 Box 1","ABF1.0.0.0","4.0.0.2353","PSt3","221014-001","6/4/2024 1:58:11 PM","0000-00","0","no battery","V","","µV","","µV"
"07/08/2024","16:11:08","1","default","166358087","001","3.434","min","242.002","μmol/L","Humid","24.528","deg","36383","µV","27.000","°C","1024.000","hPa","38.4","pmil","0","59.850","deg","20.000","°C","100.000","%a.s.","26.990","deg","23.835","°C","1018.000","hPa","0.808","-0.065","0.00038","-0.00034","0","31","Humid","5.00","0","2500.00","34850.34","SADD0002000339 Box 1","ABF1.0.0.0","4.0.0.2353","PSt3","221014-001","6/4/2024 1:58:11 PM","0000-00","0","no battery","V","","µV","","µV"
"07/08/2024","16:11:09","1","default","166358087","001","3.450","min","242.076","μmol/L","Humid","24.525","deg","36388","µV","27.000","°C","1024.000","hPa","38.4","pmil","0","59.850","deg","20.000","°C","100.000","%a.s.","26.990","deg","23.835","°C","1018.000","hPa","0.808","-0.065","0.00038","-0.00034","0","31","Humid","5.00","0","2500.00","34845.20","SADD0002000339 Box 1","ABF1.0.0.0","4.0.0.2353","PSt3","221014-001","6/4/2024 1:58:11 PM","0000-00","0","no battery","V","","µV","","µV"
"07/08/2024","16:11:10","1","default","166358087","001","3.467","min","242.027","μmol/L","Humid","24.527","deg","36384","µV","27.000","°C","1024.000","hPa","38.4","pmil","0","59.850","deg","20.000","°C","100.000","%a.s.","26.990","deg","23.835","°C","1018.000","hPa","0.808","-0.065","0.00038","-0.00034","0","31","Humid","5.00","0","2500.00","34846.10","SADD0002000339 Box 1","ABF1.0.0.0","4.0.0.2353","PSt3","221014-001","6/4/2024 1:58:11 PM","0000-00","0","no battery","V","","µV","","µV"
"07/08/2024","16:11:11","1","default","166358087","001","3.483","min","241.978","μmol/L","Humid","24.529","deg","36383","µV","27.000","°C","1024.000","hPa","38.4","pmil","0","59.850","deg","20.000","°C","100.000","%a.s.","26.990","deg","23.835","°C","1018.000","hPa","0.808","-0.065","0.00038","-0.00034","0","31","Humid","5.00","0","2500.00","34853.90","SADD0002000339 Box 1","ABF1.0.0.0","4.0.0.2353","PSt3","221014-001","6/4/2024 1:58:11 PM","0000-00","0","no battery","V","","µV","","µV"
"07/08/2024","16:11:12","1","default","166358087","001","3.500","min","241.879","μmol/L","Humid","24.533","deg","36389","µV","27.000","°C","1024.000","hPa","38.4","pmil","0","59.850","deg","20.000","°C","100.000","%a.s.","26.990","deg","23.835","°C","1018.000","hPa","0.808","-0.065","0.00038","-0.00034","0","31","Humid","5.00","0","2500.00","34849.25","SADD0002000339 Box 1","ABF1.0.0.0","4.0.0.2353","PSt3","221014-001","6/4/2024 1:58:11 PM","0000-00","0","no battery","V","","µV","","µV"
"07/08/2024","16:11:13","1","default","166358087","001","3.517","min","241.953","μmol/L","Humid","24.530","deg","36385","µV","27.000","°C","1024.000","hPa","38.4","pmil","0","59.850","deg","20.000","°C","100.000","%a.s.","26.990","deg","23.835","°C","1018.000","hPa","0.808","-0.065","0.00038","-0.00034","0","31","Humid","5.00","0","2500.00","34848.12","SADD0002000339 Box 1","ABF1.0.0.0","4.0.0.2353","PSt3","221014-001","6/4/2024 1:58:11 PM","0000-00","0","no battery","V","","µV","","µV"
"07/08/2024","16:11:14","1","default","166358087","001","3.533","min","242.027","μmol/L","Humid","24.527","deg","36383","µV","27.000","°C","1024.000","hPa","38.4","pmil","0","59.850","deg","20.000","°C","100.000","%a.s.","26.990","deg","23.835","°C","1018.000","hPa","0.808","-0.065","0.00038","-0.00034","0","31","Humid","5.00","0","2500.00","34846.95","SADD0002000339 Box 1","ABF1.0.0.0","4.0.0.2353","PSt3","221014-001","6/4/2024 1:58:11 PM","0000-00","0","no battery","V","","µV","","µV"
"07/08/2024","16:11:15","1","default","166358087","001","3.550","min","241.903","μmol/L","Humid","24.532","deg","36384","µV","27.000","°C","1024.000","hPa","38.4","pmil","0","59.850","deg","20.000","°C","100.000","%a.s.","26.990","deg","23.835","°C","1018.000","hPa","0.808","-0.065","0.00038","-0.00034","0","31","Humid","5.00","0","2500.00","34847.00","SADD0002000339 Box 1","ABF1.0.0.0","4.0.0.2353","PSt3","221014-001","6/4/2024 1:58:11 PM","0000-00","0","no battery","V","","µV","","µV"
"07/08/2024","16:11:16","1","default","166358087","001","3.567","min","242.052","μmol/L","Humid","24.526","deg","36382","µV","27.000","°C","1024.000","hPa","38.4","pmil","0","59.850","deg","20.000","°C","100.000","%a.s.","26.990","deg","23.835","°C","1018.000","hPa","0.808","-0.065","0.00038","-0.00034","0","31","Humid","5.00","0","2500.00","34849.26","SADD0002000339 Box 1","ABF1.0.0.0","4.0.0.2353","PSt3","221014-001","6/4/2024 1:58:11 PM","0000-00","0","no battery","V","","µV","","µV"
"07/08/2024","16:11:17","1","default","166358087","001","3.583","min","241.903","μmol/L","Humid","24.532","deg","36382","µV","27.000","°C","1024.000","hPa","38.4","pmil","0","59.850","deg","20.000","°C","100.000","%a.s.","26.990","deg","23.835","°C","1018.000","hPa","0.808","-0.065","0.00038","-0.00034","0","31","Humid","5.00","0","2500.00","34845.31","SADD0002000339 Box 1","ABF1.0.0.0","4.0.0.2353","PSt3","221014-001","6/4/2024 1:58:11 PM","0000-00","0","no battery","V","","µV","","µV"
"07/08/2024","16:11:18","1","default","166358087","001","3.600","min","242.027","μmol/L","Humid","24.527","deg","36377","µV","27.000","°C","1024.000","hPa","38.4","pmil","0","59.850","deg","20.000","°C","100.000","%a.s.","26.990","deg","23.835","°C","1018.000","hPa","0.808","-0.065","0.00038","-0.00034","0","31","Humid","5.00","0","2500.00","34849.90","SADD0002000339 Box 1","ABF1.0.0.0","4.0.0.2353","PSt3","221014-001","6/4/2024 1:58:11 PM","0000-00","0","no battery","V","","µV","","µV"
"07/08/2024","16:11:19","1","default","166358087","001","3.616","min","241.854","μmol/L","Humid","24.534","deg","36380","µV","27.000","°C","1024.000","hPa","38.4","pmil","0","59.850","deg","20.000","°C","100.000","%a.s.","26.990","deg","23.835","°C","1018.000","hPa","0.808","-0.065","0.00038","-0.00034","0","31","Humid","5.00","0","2500.00","34847.77","SADD0002000339 Box 1","ABF1.0.0.0","4.0.0.2353","PSt3","221014-001","6/4/2024 1:58:11 PM","0000-00","0","no battery","V","","µV","","µV"
"07/08/2024","16:11:20","1","default","166358087","001","3.633","min","242.027","μmol/L","Humid","24.527","deg","36372","µV","27.000","°C","1024.000","hPa","38.4","pmil","0","59.850","deg","20.000","°C","100.000","%a.s.","26.990","deg","23.835","°C","1018.000","hPa","0.808","-0.065","0.00038","-0.00034","0","31","Humid","5.00","0","2500.00","34848.15","SADD0002000339 Box 1","ABF1.0.0.0","4.0.0.2353","PSt3","221014-001","6/4/2024 1:58:11 PM","0000-00","0","no battery","V","","µV","","µV"
"07/08/2024","16:11:21","1","default","166358087","001","3.650","min","241.953","μmol/L","Humid","24.530","deg","36378","µV","27.000","°C","1024.000","hPa","38.4","pmil","0","59.850","deg","20.000","°C","100.000","%a.s.","26.990","deg","23.835","°C","1018.000","hPa","0.808","-0.065","0.00038","-0.00034","0","31","Humid","5.00","0","2500.00","34847.81","SADD0002000339 Box 1","ABF1.0.0.0","4.0.0.2353","PSt3","221014-001","6/4/2024 1:58:11 PM","0000-00","0","no battery","V","","µV","","µV"
"07/08/2024","16:11:22","1","default","166358087","001","3.666","min","241.928","μmol/L","Humid","24.531","deg","36371","µV","27.000","°C","1024.000","hPa","38.4","pmil","0","59.850","deg","20.000","°C","100.000","%a.s.","26.990","deg","23.835","°C","1018.000","hPa","0.808","-0.065","0.00038","-0.00034","0","31","Humid","5.00","0","2500.00","34848.78","SADD0002000339 Box 1","ABF1.0.0.0","4.0.0.2353","PSt3","221014-001","6/4/2024 1:58:11 PM","0000-00","0","no battery","V","","µV","","µV"
"07/08/2024","16:11:23","1","default","166358087","001","3.683","min","242.076","μmol/L","Humid","24.525","deg","36369","µV","27.000","°C","1024.000","hPa","38.4","pmil","0","59.850","deg","20.000","°C","100.000","%a.s.","26.990","deg","23.835","°C","1018.000","hPa","0.808","-0.065","0.00038","-0.00034","0","31","Humid","5.00","0","2500.00","34845.07","SADD0002000339 Box 1","ABF1.0.0.0","4.0.0.2353","PSt3","221014-001","6/4/2024 1:58:11 PM","0000-00","0","no battery","V","","µV","","µV"
"07/08/2024","16:11:24","1","default","166358087","001","3.700","min","242.101","μmol/L","Humid","24.524","deg","36367","µV","27.000","°C","1024.000","hPa","38.4","pmil","0","59.850","deg","20.000","°C","100.000","%a.s.","26.990","deg","23.835","°C","1018.000","hPa","0.808","-0.065","0.00038","-0.00034","0","31","Humid","5.00","0","2500.00","34847.58","SADD0002000339 Box 1","ABF1.0.0.0","4.0.0.2353","PSt3","221014-001","6/4/2024 1:58:11 PM","0000-00","0","no battery","V","","µV","","µV"
"07/08/2024","16:11:25","1","default","166358087","001","3.716","min","241.928","μmol/L","Humid","24.531","deg","36373","µV","27.000","°C","1024.000","hPa","38.4","pmil","0","59.850","deg","20.000","°C","100.000","%a.s.","26.990","deg","23.835","°C","1018.000","hPa","0.808","-0.065","0.00038","-0.00034","0","31","Humid","5.00","0","2500.00","34849.31","SADD0002000339 Box 1","ABF1.0.0.0","4.0.0.2353","PSt3","221014-001","6/4/2024 1:58:11 PM","0000-00","0","no battery","V","","µV","","µV"
"07/08/2024","16:11:26","1","default","166358087","001","3.734","min","241.903","μmol/L","Humid","24.532","deg","36376","µV","27.000","°C","1024.000","hPa","38.4","pmil","0","59.850","deg","20.000","°C","100.000","%a.s.","26.990","deg","23.835","°C","1018.000","hPa","0.808","-0.065","0.00038","-0.00034","0","31","Humid","5.00","0","2500.00","34847.67","SADD0002000339 Box 1","ABF1.0.0.0","4.0.0.2353","PSt3","221014-001","6/4/2024 1:58:11 PM","0000-00","0","no battery","V","","µV","","µV"
"07/08/2024","16:11:27","1","default","166358087","001","3.750","min","242.027","μmol/L","Humid","24.527","deg","36369","µV","27.000","°C","1024.000","hPa","38.4","pmil","0","59.850","deg","20.000","°C","100.000","%a.s.","26.990","deg","23.835","°C","1018.000","hPa","0.808","-0.065","0.00038","-0.00034","0","31","Humid","5.00","0","2500.00","34852.51","SADD0002000339 Box 1","ABF1.0.0.0","4.0.0.2353","PSt3","221014-001","6/4/2024 1:58:11 PM","0000-00","0","no battery","V","","µV","","µV"
"07/08/2024","16:11:28","1","default","166358087","001","3.767","min","242.052","μmol/L","Humid","24.526","deg","36375","µV","27.000","°C","1024.000","hPa","38.4","pmil","0","59.850","deg","20.000","°C","100.000","%a.s.","26.990","deg","23.835","°C","1018.000","hPa","0.808","-0.065","0.00038","-0.00034","0","31","Humid","5.00","0","2500.00","34848.90","SADD0002000339 Box 1","ABF1.0.0.0","4.0.0.2353","PSt3","221014-001","6/4/2024 1:58:11 PM","0000-00","0","no battery","V","","µV","","µV"
"07/08/2024","16:11:29","1","default","166358087","001","3.783","min","241.928","μmol/L","Humid","24.531","deg","36364","µV","27.000","°C","1024.000","hPa","38.4","pmil","0","59.850","deg","20.000","°C","100.000","%a.s.","26.990","deg","23.835","°C","1018.000","hPa","0.808","-0.065","0.00038","-0.00034","0","31","Humid","5.00","0","2500.00","34844.57","SADD0002000339 Box 1","ABF1.0.0.0","4.0.0.2353","PSt3","221014-001","6/4/2024 1:58:11 PM","0000-00","0","no battery","V","","µV","","µV"
"07/08/2024","16:11:30","1","default","166358087","001","3.800","min","242.200","μmol/L","Humid","24.520","deg","36373","µV","27.000","°C","1024.000","hPa","38.4","pmil","0","59.850","deg","20.000","°C","100.000","%a.s.","26.990","deg","23.835","°C","1018.000","hPa","0.808","-0.065","0.00038","-0.00034","0","31","Humid","5.00","0","2500.00","34843.28","SADD0002000339 Box 1","ABF1.0.0.0","4.0.0.2353","PSt3","221014-001","6/4/2024 1:58:11 PM","0000-00","0","no battery","V","","µV","","µV"
"07/08/2024","16:11:31","1","default","166358087","001","3.817","min","242.002","μmol/L","Humid","24.528","deg","36368","µV","27.000","°C","1024.000","hPa","38.4","pmil","0","59.850","deg","20.000","°C","100.000","%a.s.","26.990","deg","23.835","°C","1018.000","hPa","0.808","-0.065","0.00038","-0.00034","0","31","Humid","5.00","0","2500.00","34851.53","SADD0002000339 Box 1","ABF1.0.0.0","4.0.0.2353","PSt3","221014-001","6/4/2024 1:58:11 PM","0000-00","0","no battery","V","","µV","","µV"
"07/08/2024","16:11:32","1","default","166358087","001","3.834","min","241.854","μmol/L","Humid","24.534","deg","36370","µV","27.000","°C","1024.000","hPa","38.4","pmil","0","59.850","deg","20.000","°C","100.000","%a.s.","26.990","deg","23.835","°C","1018.000","hPa","0.808","-0.065","0.00038","-0.00034","0","31","Humid","5.00","0","2500.00","34852.59","SADD0002000339 Box 1","ABF1.0.0.0","4.0.0.2353","PSt3","221014-001","6/4/2024 1:58:11 PM","0000-00","0","no battery","V","","µV","","µV"
"07/08/2024","16:11:33","1","default","166358087","001","3.850","min","241.805","μmol/L","Humid","24.536","deg","36367","µV","27.000","°C","1024.000","hPa","38.4","pmil","0","59.850","deg","20.000","°C","100.000","%a.s.","26.990","deg","23.835","°C","1018.000","hPa","0.808","-0.065","0.00038","-0.00034","0","31","Humid","5.00","0","2500.00","34846.06","SADD0002000339 Box 1","ABF1.0.0.0","4.0.0.2353","PSt3","221014-001","6/4/2024 1:58:11 PM","0000-00","0","no battery","V","","µV","","µV"
"07/08/2024","16:11:34","1","default","166358087","001","3.867","min","242.373","μmol/L","Humid","24.513","deg","36366","µV","27.000","°C","1024.000","hPa","38.4","pmil","0","59.850","deg","20.000","°C","100.000","%a.s.","26.990","deg","23.835","°C","1018.000","hPa","0.808","-0.065","0.00038","-0.00034","0","31","Humid","5.00","0","2500.00","34849.39","SADD0002000339 Box 1","ABF1.0.0.0","4.0.0.2353","PSt3","221014-001","6/4/2024 1:58:11 PM","0000-00","0","no battery","V","","µV","","µV"
"07/08/2024","16:11:35","1","default","166358087","001","3.884","min","242.076","μmol/L","Humid","24.525","deg","36367","µV","27.000","°C","1024.000","hPa","38.4","pmil","0","59.850","deg","20.000","°C","100.000","%a.s.","26.990","deg","23.835","°C","1018.000","hPa","0.808","-0.065","0.00038","-0.00034","0","31","Humid","5.00","0","2500.00","34849.66","SADD0002000339 Box 1","ABF1.0.0.0","4.0.0.2353","PSt3","221014-001","6/4/2024 1:58:11 PM","0000-00","0","no battery","V","","µV","","µV"
"07/08/2024","16:11:36","1","default","166358087","001","3.900","min","242.002","μmol/L","Humid","24.528","deg","36367","µV","27.000","°C","1024.000","hPa","38.4","pmil","0","59.850","deg","20.000","°C","100.000","%a.s.","26.990","deg","23.835","°C","1018.000","hPa","0.808","-0.065","0.00038","-0.00034","0","31","Humid","5.00","0","2500.00","34849.09","SADD0002000339 Box 1","ABF1.0.0.0","4.0.0.2353","PSt3","221014-001","6/4/2024 1:58:11 PM","0000-00","0","no battery","V","","µV","","µV"
"07/08/2024","16:11:37","1","default","166358087","001","3.917","min","242.150","μmol/L","Humid","24.522","deg","36366","µV","27.000","°C","1024.000","hPa","38.4","pmil","0","59.850","deg","20.000","°C","100.000","%a.s.","26.990","deg","23.835","°C","1018.000","hPa","0.808","-0.065","0.00038","-0.00034","0","31","Humid","5.00","0","2500.00","34846.22","SADD0002000339 Box 1","ABF1.0.0.0","4.0.0.2353","PSt3","221014-001","6/4/2024 1:58:11 PM","0000-00","0","no battery","V","","µV","","µV"
"07/08/2024","16:11:38","1","default","166358087","001","3.934","min","242.101","μmol/L","Humid","24.524","deg","36362","µV","27.000","°C","1024.000","hPa","38.4","pmil","0","59.850","deg","20.000","°C","100.000","%a.s.","26.990","deg","23.835","°C","1018.000","hPa","0.808","-0.065","0.00038","-0.00034","0","31","Humid","5.00","0","2500.00","34844.24","SADD0002000339 Box 1","ABF1.0.0.0","4.0.0.2353","PSt3","221014-001","6/4/2024 1:58:11 PM","0000-00","0","no battery","V","","µV","","µV"
"07/08/2024","16:11:39","1","default","166358087","001","3.950","min","241.903","μmol/L","Humid","24.532","deg","36361","µV","27.000","°C","1024.000","hPa","38.4","pmil","0","59.850","deg","20.000","°C","100.000","%a.s.","26.990","deg","23.835","°C","1018.000","hPa","0.808","-0.065","0.00038","-0.00034","0","31","Humid","5.00","0","2500.00","34848.04","SADD0002000339 Box 1","ABF1.0.0.0","4.0.0.2353","PSt3","221014-001","6/4/2024 1:58:11 PM","0000-00","0","no battery","V","","µV","","µV"
"07/08/2024","16:11:40","1","default","166358087","001","3.967","min","241.805","μmol/L","Humid","24.536","deg","36362","µV","27.000","°C","1024.000","hPa","38.4","pmil","0","59.850","deg","20.000","°C","100.000","%a.s.","26.990","deg","23.835","°C","1018.000","hPa","0.808","-0.065","0.00038","-0.00034","0","31","Humid","5.00","0","2500.00","34844.36","SADD0002000339 Box 1","ABF1.0.0.0","4.0.0.2353","PSt3","221014-001","6/4/2024 1:58:11 PM","0000-00","0","no battery","V","","µV","","µV"
"07/08/2024","16:11:41","1","default","166358087","001","3.984","min","242.027","μmol/L","Humid","24.527","deg","36367","µV","27.000","°C","1024.000","hPa","38.4","pmil","0","59.850","deg","20.000","°C","100.000","%a.s.","26.990","deg","23.835","°C","1018.000","hPa","0.808","-0.065","0.00038","-0.00034","0","31","Humid","5.00","0","2500.00","34844.78","SADD0002000339 Box 1","ABF1.0.0.0","4.0.0.2353","PSt3","221014-001","6/4/2024 1:58:11 PM","0000-00","0","no battery","V","","µV","","µV"
"07/08/2024","16:11:42","1","default","166358087","001","4.000","min","242.348","μmol/L","Humid","24.514","deg","36362","µV","27.000","°C","1024.000","hPa","38.4","pmil","0","59.850","deg","20.000","°C","100.000","%a.s.","26.990","deg","23.835","°C","1018.000","hPa","0.808","-0.065","0.00038","-0.00034","0","31","Humid","5.00","0","2500.00","34847.04","SADD0002000339 Box 1","ABF1.0.0.0","4.0.0.2353","PSt3","221014-001","6/4/2024 1:58:11 PM","0000-00","0","no battery","V","","µV","","µV"
"07/08/2024","16:11:43","1","default","166358087","001","4.017","min","242.076","μmol/L","Humid","24.525","deg","36364","µV","27.000","°C","1024.000","hPa","38.4","pmil","0","59.850","deg","20.000","°C","100.000","%a.s.","26.990","deg","23.835","°C","1018.000","hPa","0.808","-0.065","0.00038","-0.00034","0","31","Humid","5.00","0","2500.00","34849.55","SADD0002000339 Box 1","ABF1.0.0.0","4.0.0.2353","PSt3","221014-001","6/4/2024 1:58:11 PM","0000-00","0","no battery","V","","µV","","µV"
"07/08/2024","16:11:44","1","default","166358087","001","4.034","min","241.829","μmol/L","Humid","24.535","deg","36365","µV","27.000","°C","1024.000","hPa","38.4","pmil","0","59.850","deg","20.000","°C","100.000","%a.s.","26.990","deg","23.835","°C","1018.000","hPa","0.808","-0.065","0.00038","-0.00034","0","31","Humid","5.00","0","2500.00","34841.61","SADD0002000339 Box 1","ABF1.0.0.0","4.0.0.2353","PSt3","221014-001","6/4/2024 1:58:11 PM","0000-00","0","no battery","V","","µV","","µV"
"07/08/2024","16:11:45","1","default","166358087","001","4.050","min","242.027","μmol/L","Humid","24.527","deg","36366","µV","27.000","°C","1024.000","hPa","38.4","pmil","0","59.850","deg","20.000","°C","100.000","%a.s.","26.990","deg","23.835","°C","1018.000","hPa","0.808","-0.065","0.00038","-0.00034","0","31","Humid","5.00","0","2500.00","34849.97","SADD0002000339 Box 1","ABF1.0.0.0","4.0.0.2353","PSt3","221014-001","6/4/2024 1:58:11 PM","0000-00","0","no battery","V","","µV","","µV"
"07/08/2024","16:11:46","1","default","166358087","001","4.067","min","242.101","μmol/L","Humid","24.524","deg","36366","µV","27.000","°C","1024.000","hPa","38.4","pmil","0","59.850","deg","20.000","°C","100.000","%a.s.","26.990","deg","23.835","°C","1018.000","hPa","0.808","-0.065","0.00038","-0.00034","0","31","Humid","5.00","0","2500.00","34848.44","SADD0002000339 Box 1","ABF1.0.0.0","4.0.0.2353","PSt3","221014-001","6/4/2024 1:58:11 PM","0000-00","0","no battery","V","","µV","","µV"
"07/08/2024","16:11:47","1","default","166358087","001","4.083","min","242.002","μmol/L","Humid","24.528","deg","36364","µV","27.000","°C","1024.000","hPa","38.4","pmil","0","59.850","deg","20.000","°C","100.000","%a.s.","26.990","deg","23.835","°C","1018.000","hPa","0.808","-0.065","0.00038","-0.00034","0","31","Humid","5.00","0","2500.00","34846.94","SADD0002000339 Box 1","ABF1.0.0.0","4.0.0.2353","PSt3","221014-001","6/4/2024 1:58:11 PM","0000-00","0","no battery","V","","µV","","µV"
"07/08/2024","16:11:48","1","default","166358087","001","4.100","min","242.274","μmol/L","Humid","24.517","deg","36359","µV","27.000","°C","1024.000","hPa","38.4","pmil","0","59.850","deg","20.000","°C","100.000","%a.s.","26.990","deg","23.835","°C","1018.000","hPa","0.808","-0.065","0.00038","-0.00034","0","31","Humid","5.00","0","2500.00","34848.87","SADD0002000339 Box 1","ABF1.0.0.0","4.0.0.2353","PSt3","221014-001","6/4/2024 1:58:11 PM","0000-00","0","no battery","V","","µV","","µV"
"07/08/2024","16:11:49","1","default","166358087","001","4.117","min","242.323","μmol/L","Humid","24.515","deg","36363","µV","27.000","°C","1024.000","hPa","38.4","pmil","0","59.850","deg","20.000","°C","100.000","%a.s.","26.990","deg","23.835","°C","1018.000","hPa","0.808","-0.065","0.00038","-0.00034","0","31","Humid","5.00","0","2500.00","34849.04","SADD0002000339 Box 1","ABF1.0.0.0","4.0.0.2353","PSt3","221014-001","6/4/2024 1:58:11 PM","0000-00","0","no battery","V","","µV","","µV"
"07/08/2024","16:11:50","1","default","166358087","001","4.133","min","242.027","μmol/L","Humid","24.527","deg","36364","µV","27.000","°C","1024.000","hPa","38.4","pmil","0","59.850","deg","20.000","°C","100.000","%a.s.","26.990","deg","23.835","°C","1018.000","hPa","0.808","-0.065","0.00038","-0.00034","0","31","Humid","5.00","0","2500.00","34843.23","SADD0002000339 Box 1","ABF1.0.0.0","4.0.0.2353","PSt3","221014-001","6/4/2024 1:58:11 PM","0000-00","0","no battery","V","","µV","","µV"
"07/08/2024","16:11:51","1","default","166358087","001","4.150","min","242.200","μmol/L","Humid","24.520","deg","36360","µV","27.000","°C","1024.000","hPa","38.4","pmil","0","59.850","deg","20.000","°C","100.000","%a.s.","26.990","deg","23.835","°C","1018.000","hPa","0.808","-0.065","0.00038","-0.00034","0","31","Humid","5.00","0","2500.00","34852.14","SADD0002000339 Box 1","ABF1.0.0.0","4.0.0.2353","PSt3","221014-001","6/4/2024 1:58:11 PM","0000-00","0","no battery","V","","µV","","µV"
"07/08/2024","16:11:52","1","default","166358087","001","4.167","min","242.150","μmol/L","Humid","24.522","deg","36360","µV","27.000","°C","1024.000","hPa","38.4","pmil","0","59.850","deg","20.000","°C","100.000","%a.s.","26.990","deg","23.835","°C","1018.000","hPa","0.808","-0.065","0.00038","-0.00034","0","31","Humid","5.00","0","2500.00","34849.95","SADD0002000339 Box 1","ABF1.0.0.0","4.0.0.2353","PSt3","221014-001","6/4/2024 1:58:11 PM","0000-00","0","no battery","V","","µV","","µV"
"07/08/2024","16:11:53","1","default","166358087","001","4.184","min","242.027","μmol/L","Humid","24.527","deg","36357","µV","27.000","°C","1024.000","hPa","38.4","pmil","0","59.850","deg","20.000","°C","100.000","%a.s.","26.990","deg","23.835","°C","1018.000","hPa","0.808","-0.065","0.00038","-0.00034","0","31","Humid","5.00","0","2500.00","34845.34","SADD0002000339 Box 1","ABF1.0.0.0","4.0.0.2353","PSt3","221014-001","6/4/2024 1:58:11 PM","0000-00","0","no battery","V","","µV","","µV"
"07/08/2024","16:11:54","1","default","166358087","001","4.200","min","242.323","μmol/L","Humid","24.515","deg","36353","µV","27.000","°C","1024.000","hPa","38.4","pmil","0","59.850","deg","20.000","°C","100.000","%a.s.","26.990","deg","23.835","°C","1018.000","hPa","0.808","-0.065","0.00038","-0.00034","0","31","Humid","5.00","0","2500.00","34852.84","SADD0002000339 Box 1","ABF1.0.0.0","4.0.0.2353","PSt3","221014-001","6/4/2024 1:58:11 PM","0000-00","0","no battery","V","","µV","","µV"
"07/08/2024","16:11:55","1","default","166358087","001","4.217","min","242.175","μmol/L","Humid","24.521","deg","36358","µV","27.000","°C","1024.000","hPa","38.4","pmil","0","59.850","deg","20.000","°C","100.000","%a.s.","26.990","deg","23.835","°C","1018.000","hPa","0.808","-0.065","0.00038","-0.00034","0","31","Humid","5.00","0","2500.00","34846.53","SADD0002000339 Box 1","ABF1.0.0.0","4.0.0.2353","PSt3","221014-001","6/4/2024 1:58:11 PM","0000-00","0","no battery","V","","µV","","µV"
"07/08/2024","16:11:56","1","default","166358087","001","4.234","min","242.052","μmol/L","Humid","24.526","deg","36348","µV","27.000","°C","1024.000","hPa","38.4","pmil","0","59.850","deg","20.000","°C","100.000","%a.s.","26.990","deg","23.835","°C","1018.000","hPa","0.808","-0.065","0.00038","-0.00034","0","31","Humid","5.00","0","2500.00","34846.56","SADD0002000339 Box 1","ABF1.0.0.0","4.0.0.2353","PSt3","221014-001","6/4/2024 1:58:11 PM","0000-00","0","no battery","V","","µV","","µV"
"07/08/2024","16:11:57","1","default","166358087","001","4.250","min","242.299","μmol/L","Humid","24.516","deg","36355","µV","27.000","°C","1024.000","hPa","38.4","pmil","0","59.850","deg","20.000","°C","100.000","%a.s.","26.990","deg","23.835","°C","1018.000","hPa","0.808","-0.065","0.00038","-0.00034","0","31","Humid","5.00","0","2500.00","34849.53","SADD0002000339 Box 1","ABF1.0.0.0","4.0.0.2353","PSt3","221014-001","6/4/2024 1:58:11 PM","0000-00","0","no battery","V","","µV","","µV"
"07/08/2024","16:11:58","1","default","166358087","001","4.267","min","242.101","μmol/L","Humid","24.524","deg","36352","µV","27.000","°C","1024.000","hPa","38.4","pmil","0","59.850","deg","20.000","°C","100.000","%a.s.","26.990","deg","23.835","°C","1018.000","hPa","0.808","-0.065","0.00038","-0.00034","0","31","Humid","5.00","0","2500.00","34847.80","SADD0002000339 Box 1","ABF1.0.0.0","4.0.0.2353","PSt3","221014-001","6/4/2024 1:58:11 PM","0000-00","0","no battery","V","","µV","","µV"
"07/08/2024","16:11:59","1","default","166358087","001","4.284","min","242.027","μmol/L","Humid","24.527","deg","36353","µV","27.000","°C","1024.000","hPa","38.4","pmil","0","59.850","deg","20.000","°C","100.000","%a.s.","26.990","deg","23.835","°C","1018.000","hPa","0.808","-0.065","0.00038","-0.00034","0","31","Humid","5.00","0","2500.00","34851.35","SADD0002000339 Box 1","ABF1.0.0.0","4.0.0.2353","PSt3","221014-001","6/4/2024 1:58:11 PM","0000-00","0","no battery","V","","µV","","µV"
"07/08/2024","16:12:00","1","default","166358087","001","4.300","min","241.879","μmol/L","Humid","24.533","deg","36347","µV","27.000","°C","1024.000","hPa","38.4","pmil","0","59.850","deg","20.000","°C","100.000","%a.s.","26.990","deg","23.835","°C","1018.000","hPa","0.808","-0.065","0.00038","-0.00034","0","31","Humid","5.00","0","2500.00","34842.59","SADD0002000339 Box 1","ABF1.0.0.0","4.0.0.2353","PSt3","221014-001","6/4/2024 1:58:11 PM","0000-00","0","no battery","V","","µV","","µV"
"07/08/2024","16:12:01","1","default","166358087","001","4.317","min","242.076","μmol/L","Humid","24.525","deg","36354","µV","27.000","°C","1024.000","hPa","38.4","pmil","0","59.850","deg","20.000","°C","100.000","%a.s.","26.990","deg","23.835","°C","1018.000","hPa","0.808","-0.065","0.00038","-0.00034","0","31","Humid","5.00","0","2500.00","34852.85","SADD0002000339 Box 1","ABF1.0.0.0","4.0.0.2353","PSt3","221014-001","6/4/2024 1:58:11 PM","0000-00","0","no battery","V","","µV","","µV"
"07/08/2024","16:12:02","1","default","166358087","001","4.334","min","242.126","μmol/L","Humid","24.523","deg","36352","µV","27.000","°C","1024.000","hPa","38.4","pmil","0","59.850","deg","20.000","°C","100.000","%a.s.","26.990","deg","23.835","°C","1018.000","hPa","0.808","-0.065","0.00038","-0.00034","0","31","Humid","5.00","0","2500.00","34850.02","SADD0002000339 Box 1","ABF1.0.0.0","4.0.0.2353","PSt3","221014-001","6/4/2024 1:58:11 PM","0000-00","0","no battery","V","","µV","","µV"
"07/08/2024","16:12:03","1","default","166358087","001","4.350","min","242.052","μmol/L","Humid","24.526","deg","36351","µV","27.000","°C","1024.000","hPa","38.4","pmil","0","59.850","deg","20.000","°C","100.000","%a.s.","26.990","deg","23.835","°C","1018.000","hPa","0.808","-0.065","0.00038","-0.00034","0","31","Humid","5.00","0","2500.00","34849.62","SADD0002000339 Box 1","ABF1.0.0.0","4.0.0.2353","PSt3","221014-001","6/4/2024 1:58:11 PM","0000-00","0","no battery","V","","µV","","µV"
"07/08/2024","16:12:04","1","default","166358087","001","4.367","min","242.398","μmol/L","Humid","24.512","deg","36349","µV","27.000","°C","1024.000","hPa","38.4","pmil","0","59.850","deg","20.000","°C","100.000","%a.s.","26.990","deg","23.835","°C","1018.000","hPa","0.808","-0.065","0.00038","-0.00034","0","31","Humid","5.00","0","2500.00","34853.51","SADD0002000339 Box 1","ABF1.0.0.0","4.0.0.2353","PSt3","221014-001","6/4/2024 1:58:11 PM","0000-00","0","no battery","V","","µV","","µV"
"07/08/2024","16:12:05","1","default","166358087","001","4.383","min","242.472","μmol/L","Humid","24.509","deg","36346","µV","27.000","°C","1024.000","hPa","38.4","pmil","0","59.850","deg","20.000","°C","100.000","%a.s.","26.990","deg","23.835","°C","1018.000","hPa","0.808","-0.065","0.00038","-0.00034","0","31","Humid","5.00","0","2500.00","34844.45","SADD0002000339 Box 1","ABF1.0.0.0","4.0.0.2353","PSt3","221014-001","6/4/2024 1:58:11 PM","0000-00","0","no battery","V","","µV","","µV"
"07/08/2024","16:12:06","1","default","166358087","001","4.400","min","242.101","μmol/L","Humid","24.524","deg","36344","µV","27.000","°C","1024.000","hPa","38.4","pmil","0","59.850","deg","20.000","°C","100.000","%a.s.","26.990","deg","23.835","°C","1018.000","hPa","0.808","-0.065","0.00038","-0.00034","0","31","Humid","5.00","0","2500.00","34848.84","SADD0002000339 Box 1","ABF1.0.0.0","4.0.0.2353","PSt3","221014-001","6/4/2024 1:58:11 PM","0000-00","0","no battery","V","","µV","","µV"
"07/08/2024","16:12:07","1","default","166358087","001","4.417","min","242.373","μmol/L","Humid","24.513","deg","36342","µV","27.000","°C","1024.000","hPa","38.4","pmil","0","59.850","deg","20.000","°C","100.000","%a.s.","26.990","deg","23.835","°C","1018.000","hPa","0.808","-0.065","0.00038","-0.00034","0","31","Humid","5.00","0","2500.00","34847.85","SADD0002000339 Box 1","ABF1.0.0.0","4.0.0.2353","PSt3","221014-001","6/4/2024 1:58:11 PM","0000-00","0","no battery","V","","µV","","µV"
"07/08/2024","16:12:08","1","default","166358087","001","4.433","min","242.299","μmol/L","Humid","24.516","deg","36341","µV","27.000","°C","1024.000","hPa","38.4","pmil","0","59.850","deg","20.000","°C","100.000","%a.s.","26.990","deg","23.835","°C","1018.000","hPa","0.808","-0.065","0.00038","-0.00034","0","31","Humid","5.00","0","2500.00","34851.83","SADD0002000339 Box 1","ABF1.0.0.0","4.0.0.2353","PSt3","221014-001","6/4/2024 1:58:11 PM","0000-00","0","no battery","V","","µV","","µV"
"07/08/2024","16:12:09","1","default","166358087","001","4.450","min","242.150","μmol/L","Humid","24.522","deg","36348","µV","27.000","°C","1024.000","hPa","38.4","pmil","0","59.850","deg","20.000","°C","100.000","%a.s.","26.990","deg","23.835","°C","1018.000","hPa","0.808","-0.065","0.00038","-0.00034","0","31","Humid","5.00","0","2500.00","34850.49","SADD0002000339 Box 1","ABF1.0.0.0","4.0.0.2353","PSt3","221014-001","6/4/2024 1:58:11 PM","0000-00","0","no battery","V","","µV","","µV"
"07/08/2024","16:12:10","1","default","166358087","001","4.466","min","242.126","μmol/L","Humid","24.523","deg","36350","µV","27.000","°C","1024.000","hPa","38.4","pmil","0","59.850","deg","20.000","°C","100.000","%a.s.","26.990","deg","23.835","°C","1018.000","hPa","0.808","-0.065","0.00038","-0.00034","0","31","Humid","5.00","0","2500.00","34847.36","SADD0002000339 Box 1","ABF1.0.0.0","4.0.0.2353","PSt3","221014-001","6/4/2024 1:58:11 PM","0000-00","0","no battery","V","","µV","","µV"
"07/08/2024","16:12:11","1","default","166358087","001","4.483","min","242.076","μmol/L","Humid","24.525","deg","36349","µV","27.000","°C","1024.000","hPa","38.4","pmil","0","59.850","deg","20.000","°C","100.000","%a.s.","26.990","deg","23.835","°C","1018.000","hPa","0.808","-0.065","0.00038","-0.00034","0","31","Humid","5.00","0","2500.00","34853.26","SADD0002000339 Box 1","ABF1.0.0.0","4.0.0.2353","PSt3","221014-001","6/4/2024 1:58:11 PM","0000-00","0","no battery","V","","µV","","µV"
"07/08/2024","16:12:12","1","default","166358087","001","4.499","min","242.052","μmol/L","Humid","24.526","deg","36346","µV","27.000","°C","1024.000","hPa","38.4","pmil","0","59.850","deg","20.000","°C","100.000","%a.s.","26.990","deg","23.835","°C","1018.000","hPa","0.808","-0.065","0.00038","-0.00034","0","31","Humid","5.00","0","2500.00","34847.46","SADD0002000339 Box 1","ABF1.0.0.0","4.0.0.2353","PSt3","221014-001","6/4/2024 1:58:11 PM","0000-00","0","no battery","V","","µV","","µV"
"07/08/2024","16:12:13","1","default","166358087","001","4.516","min","242.546","μmol/L","Humid","24.506","deg","36345","µV","27.000","°C","1024.000","hPa","38.4","pmil","0","59.850","deg","20.000","°C","100.000","%a.s.","26.990","deg","23.835","°C","1018.000","hPa","0.808","-0.065","0.00038","-0.00034","0","31","Humid","5.00","0","2500.00","34846.96","SADD0002000339 Box 1","ABF1.0.0.0","4.0.0.2353","PSt3","221014-001","6/4/2024 1:58:11 PM","0000-00","0","no battery","V","","µV","","µV"
"07/08/2024","16:12:14","1","default","166358087","001","4.533","min","242.373","μmol/L","Humid","24.513","deg","36347","µV","27.000","°C","1024.000","hPa","38.4","pmil","0","59.850","deg","20.000","°C","100.000","%a.s.","26.990","deg","23.835","°C","1018.000","hPa","0.808","-0.065","0.00038","-0.00034","0","31","Humid","5.00","0","2500.00","34844.72","SADD0002000339 Box 1","ABF1.0.0.0","4.0.0.2353","PSt3","221014-001","6/4/2024 1:58:11 PM","0000-00","0","no battery","V","","µV","","µV"
"07/08/2024","16:12:15","1","default","166358087","001","4.550","min","242.150","μmol/L","Humid","24.522","deg","36350","µV","27.000","°C","1024.000","hPa","38.4","pmil","0","59.850","deg","20.000","°C","100.000","%a.s.","26.990","deg","23.835","°C","1018.000","hPa","0.808","-0.065","0.00038","-0.00034","0","31","Humid","5.00","0","2500.00","34848.14","SADD0002000339 Box 1","ABF1.0.0.0","4.0.0.2353","PSt3","221014-001","6/4/2024 1:58:11 PM","0000-00","0","no battery","V","","µV","","µV"
"07/08/2024","16:12:16","1","default","166358087","001","4.566","min","242.175","μmol/L","Humid","24.521","deg","36343","µV","27.000","°C","1024.000","hPa","38.4","pmil","0","59.850","deg","20.000","°C","100.000","%a.s.","26.990","deg","23.835","°C","1018.000","hPa","0.808","-0.065","0.00038","-0.00034","0","31","Humid","5.00","0","2500.00","34848.05","SADD0002000339 Box 1","ABF1.0.0.0","4.0.0.2353","PSt3","221014-001","6/4/2024 1:58:11 PM","0000-00","0","no battery","V","","µV","","µV"
"07/08/2024","16:12:17","1","default","166358087","001","4.583","min","242.274","μmol/L","Humid","24.517","deg","36341","µV","27.000","°C","1024.000","hPa","38.4","pmil","0","59.850","deg","20.000","°C","100.000","%a.s.","26.990","deg","23.835","°C","1018.000","hPa","0.808","-0.065","0.00038","-0.00034","0","31","Humid","5.00","0","2500.00","34847.13","SADD0002000339 Box 1","ABF1.0.0.0","4.0.0.2353","PSt3","221014-001","6/4/2024 1:58:11 PM","0000-00","0","no battery","V","","µV","","µV"
"07/08/2024","16:12:18","1","default","166358087","001","4.600","min","242.175","μmol/L","Humid","24.521","deg","36350","µV","27.000","°C","1024.000","hPa","38.4","pmil","0","59.850","deg","20.000","°C","100.000","%a.s.","26.990","deg","23.835","°C","1018.000","hPa","0.808","-0.065","0.00038","-0.00034","0","31","Humid","5.00","0","2500.00","34852.37","SADD0002000339 Box 1","ABF1.0.0.0","4.0.0.2353","PSt3","221014-001","6/4/2024 1:58:11 PM","0000-00","0","no battery","V","","µV","","µV"
"07/08/2024","16:12:19","1","default","166358087","001","4.616","min","242.027","μmol/L","Humid","24.527","deg","36343","µV","27.000","°C","1024.000","hPa","38.4","pmil","0","59.850","deg","20.000","°C","100.000","%a.s.","26.990","deg","23.835","°C","1018.000","hPa","0.808","-0.065","0.00038","-0.00034","0","31","Humid","5.00","0","2500.00","34842.86","SADD0002000339 Box 1","ABF1.0.0.0","4.0.0.2353","PSt3","221014-001","6/4/2024 1:58:11 PM","0000-00","0","no battery","V","","µV","","µV"
"07/08/2024","16:12:20","1","default","166358087","001","4.633","min","242.373","μmol/L","Humid","24.513","deg","36344","µV","27.000","°C","1024.000","hPa","38.4","pmil","0","59.850","deg","20.000","°C","100.000","%a.s.","26.990","deg","23.835","°C","1018.000","hPa","0.808","-0.065","0.00038","-0.00034","0","31","Humid","5.00","0","2500.00","34854.26","SADD0002000339 Box 1","ABF1.0.0.0","4.0.0.2353","PSt3","221014-001","6/4/2024 1:58:11 PM","0000-00","0","no battery","V","","µV","","µV"
"07/08/2024","16:12:21","1","default","166358087","001","4.650","min","242.249","μmol/L","Humid","24.518","deg","36351","µV","27.000","°C","1024.000","hPa","38.4","pmil","0","59.850","deg","20.000","°C","100.000","%a.s.","26.990","deg","23.835","°C","1018.000","hPa","0.808","-0.065","0.00038","-0.00034","0","31","Humid","5.00","0","2500.00","34846.46","SADD0002000339 Box 1","ABF1.0.0.0","4.0.0.2353","PSt3","221014-001","6/4/2024 1:58:11 PM","0000-00","0","no battery","V","","µV","","µV"
"07/08/2024","16:12:22","1","default","166358087","001","4.666","min","242.299","μmol/L","Humid","24.516","deg","36345","µV","27.000","°C","1024.000","hPa","38.4","pmil","0","59.850","deg","20.000","°C","100.000","%a.s.","26.990","deg","23.835","°C","1018.000","hPa","0.808","-0.065","0.00038","-0.00034","0","31","Humid","5.00","0","2500.00","34845.57","SADD0002000339 Box 1","ABF1.0.0.0","4.0.0.2353","PSt3","221014-001","6/4/2024 1:58:11 PM","0000-00","0","no battery","V","","µV","","µV"
"07/08/2024","16:12:23","1","default","166358087","001","4.683","min","242.027","μmol/L","Humid","24.527","deg","36347","µV","27.000","°C","1024.000","hPa","38.4","pmil","0","59.850","deg","20.000","°C","100.000","%a.s.","26.990","deg","23.835","°C","1018.000","hPa","0.808","-0.065","0.00038","-0.00034","0","31","Humid","5.00","0","2500.00","34848.09","SADD0002000339 Box 1","ABF1.0.0.0","4.0.0.2353","PSt3","221014-001","6/4/2024 1:58:11 PM","0000-00","0","no battery","V","","µV","","µV"
"07/08/2024","16:12:24","1","default","166358087","001","4.700","min","242.200","μmol/L","Humid","24.520","deg","36343","µV","27.000","°C","1024.000","hPa","38.4","pmil","0","59.850","deg","20.000","°C","100.000","%a.s.","26.990","deg","23.835","°C","1018.000","hPa","0.808","-0.065","0.00038","-0.00034","0","31","Humid","5.00","0","2500.00","34849.86","SADD0002000339 Box 1","ABF1.0.0.0","4.0.0.2353","PSt3","221014-001","6/4/2024 1:58:11 PM","0000-00","0","no battery","V","","µV","","µV"
"07/08/2024","16:12:25","1","default","166358087","001","4.717","min","242.175","μmol/L","Humid","24.521","deg","36340","µV","27.000","°C","1024.000","hPa","38.4","pmil","0","59.850","deg","20.000","°C","100.000","%a.s.","26.990","deg","23.835","°C","1018.000","hPa","0.808","-0.065","0.00038","-0.00034","0","31","Humid","5.00","0","2500.00","34849.17","SADD0002000339 Box 1","ABF1.0.0.0","4.0.0.2353","PSt3","221014-001","6/4/2024 1:58:11 PM","0000-00","0","no battery","V","","µV","","µV"
"07/08/2024","16:12:26","1","default","166358087","001","4.733","min","242.274","μmol/L","Humid","24.517","deg","36337","µV","27.000","°C","1024.000","hPa","38.4","pmil","0","59.850","deg","20.000","°C","100.000","%a.s.","26.990","deg","23.835","°C","1018.000","hPa","0.808","-0.065","0.00038","-0.00034","0","31","Humid","5.00","0","2500.00","34848.63","SADD0002000339 Box 1","ABF1.0.0.0","4.0.0.2353","PSt3","221014-001","6/4/2024 1:58:11 PM","0000-00","0","no battery","V","","µV","","µV"
"07/08/2024","16:12:27","1","default","166358087","001","4.750","min","242.546","μmol/L","Humid","24.506","deg","36343","µV","27.000","°C","1024.000","hPa","38.4","pmil","0","59.850","deg","20.000","°C","100.000","%a.s.","26.990","deg","23.835","°C","1018.000","hPa","0.808","-0.065","0.00038","-0.00034","0","31","Humid","5.00","0","2500.00","34845.90","SADD0002000339 Box 1","ABF1.0.0.0","4.0.0.2353","PSt3","221014-001","6/4/2024 1:58:11 PM","0000-00","0","no battery","V","","µV","","µV"
"07/08/2024","16:12:28","1","default","166358087","001","4.767","min","242.323","μmol/L","Humid","24.515","deg","36333","µV","27.000","°C","1024.000","hPa","38.4","pmil","0","59.850","deg","20.000","°C","100.000","%a.s.","26.990","deg","23.835","°C","1018.000","hPa","0.808","-0.065","0.00038","-0.00034","0","31","Humid","5.00","0","2500.00","34839.92","SADD0002000339 Box 1","ABF1.0.0.0","4.0.0.2353","PSt3","221014-001","6/4/2024 1:58:11 PM","0000-00","0","no battery","V","","µV","","µV"
"07/08/2024","16:12:29","1","default","166358087","001","4.783","min","242.299","μmol/L","Humid","24.516","deg","36336","µV","27.000","°C","1024.000","hPa","38.4","pmil","0","59.850","deg","20.000","°C","100.000","%a.s.","26.990","deg","23.835","°C","1018.000","hPa","0.808","-0.065","0.00038","-0.00034","0","31","Humid","5.00","0","2500.00","34848.70","SADD0002000339 Box 1","ABF1.0.0.0","4.0.0.2353","PSt3","221014-001","6/4/2024 1:58:11 PM","0000-00","0","no battery","V","","µV","","µV"
"07/08/2024","16:12:30","1","default","166358087","001","4.800","min","242.496","μmol/L","Humid","24.508","deg","36336","µV","27.000","°C","1024.000","hPa","38.4","pmil","0","59.850","deg","20.000","°C","100.000","%a.s.","26.990","deg","23.835","°C","1018.000","hPa","0.808","-0.065","0.00038","-0.00034","0","31","Humid","5.00","0","2500.00","34848.39","SADD0002000339 Box 1","ABF1.0.0.0","4.0.0.2353","PSt3","221014-001","6/4/2024 1:58:11 PM","0000-00","0","no battery","V","","µV","","µV"
"07/08/2024","16:12:31","1","default","166358087","001","4.817","min","242.323","μmol/L","Humid","24.515","deg","36332","µV","27.000","°C","1024.000","hPa","38.4","pmil","0","59.850","deg","20.000","°C","100.000","%a.s.","26.990","deg","23.835","°C","1018.000","hPa","0.808","-0.065","0.00038","-0.00034","0","31","Humid","5.00","0","2500.00","34847.29","SADD0002000339 Box 1","ABF1.0.0.0","4.0.0.2353","PSt3","221014-001","6/4/2024 1:58:11 PM","0000-00","0","no battery","V","","µV","","µV"
"07/08/2024","16:12:32","1","default","166358087","001","4.834","min","242.373","μmol/L","Humid","24.513","deg","36335","µV","27.000","°C","1024.000","hPa","38.4","pmil","0","59.850","deg","20.000","°C","100.000","%a.s.","26.990","deg","23.835","°C","1018.000","hPa","0.808","-0.065","0.00038","-0.00034","0","31","Humid","5.00","0","2500.00","34849.12","SADD0002000339 Box 1","ABF1.0.0.0","4.0.0.2353","PSt3","221014-001","6/4/2024 1:58:11 PM","0000-00","0","no battery","V","","µV","","µV"
"07/08/2024","16:12:33","1","default","166358087","001","4.850","min","242.546","μmol/L","Humid","24.506","deg","36327","µV","27.000","°C","1024.000","hPa","38.4","pmil","0","59.850","deg","20.000","°C","100.000","%a.s.","26.990","deg","23.835","°C","1018.000","hPa","0.808","-0.065","0.00038","-0.00034","0","31","Humid","5.00","0","2500.00","34844.03","SADD0002000339 Box 1","ABF1.0.0.0","4.0.0.2353","PSt3","221014-001","6/4/2024 1:58:11 PM","0000-00","0","no battery","V","","µV","","µV"
"07/08/2024","16:12:34","1","default","166358087","001","4.867","min","242.472","μmol/L","Humid","24.509","deg","36331","µV","27.000","°C","1024.000","hPa","38.4","pmil","0","59.850","deg","20.000","°C","100.000","%a.s.","26.990","deg","23.835","°C","1018.000","hPa","0.808","-0.065","0.00038","-0.00034","0","31","Humid","5.00","0","2500.00","34850.25","SADD0002000339 Box 1","ABF1.0.0.0","4.0.0.2353","PSt3","221014-001","6/4/2024 1:58:11 PM","0000-00","0","no battery","V","","µV","","µV"
"07/08/2024","16:12:35","1","default","166358087","001","4.883","min","242.373","μmol/L","Humid","24.513","deg","36327","µV","27.000","°C","1024.000","hPa","38.4","pmil","0","59.850","deg","20.000","°C","100.000","%a.s.","26.990","deg","23.835","°C","1018.000","hPa","0.808","-0.065","0.00038","-0.00034","0","31","Humid","5.00","0","2500.00","34847.40","SADD0002000339 Box 1","ABF1.0.0.0","4.0.0.2353","PSt3","221014-001","6/4/2024 1:58:11 PM","0000-00","0","no battery","V","","µV","","µV"
"07/08/2024","16:12:36","1","default","166358087","001","4.900","min","242.472","μmol/L","Humid","24.509","deg","36325","µV","27.000","°C","1024.000","hPa","38.4","pmil","0","59.850","deg","20.000","°C","100.000","%a.s.","26.990","deg","23.835","°C","1018.000","hPa","0.808","-0.065","0.00038","-0.00034","0","31","Humid","5.00","0","2500.00","34847.32","SADD0002000339 Box 1","ABF1.0.0.0","4.0.0.2353","PSt3","221014-001","6/4/2024 1:58:11 PM","0000-00","0","no battery","V","","µV","","µV"
"07/08/2024","16:12:37","1","default","166358087","001","4.917","min","242.546","μmol/L","Humid","24.506","deg","36327","µV","27.000","°C","1024.000","hPa","38.4","pmil","0","59.850","deg","20.000","°C","100.000","%a.s.","26.990","deg","23.835","°C","1018.000","hPa","0.808","-0.065","0.00038","-0.00034","0","31","Humid","5.00","0","2500.00","34846.69","SADD0002000339 Box 1","ABF1.0.0.0","4.0.0.2353","PSt3","221014-001","6/4/2024 1:58:11 PM","0000-00","0","no battery","V","","µV","","µV"
"07/08/2024","16:12:38","1","default","166358087","001","4.933","min","242.546","μmol/L","Humid","24.506","deg","36326","µV","27.000","°C","1024.000","hPa","38.4","pmil","0","59.850","deg","20.000","°C","100.000","%a.s.","26.990","deg","23.835","°C","1018.000","hPa","0.808","-0.065","0.00038","-0.00034","0","31","Humid","5.00","0","2500.00","34843.17","SADD0002000339 Box 1","ABF1.0.0.0","4.0.0.2353","PSt3","221014-001","6/4/2024 1:58:11 PM","0000-00","0","no battery","V","","µV","","µV"
"07/08/2024","16:12:39","1","default","166358087","001","4.950","min","242.447","μmol/L","Humid","24.510","deg","36321","µV","27.000","°C","1024.000","hPa","38.4","pmil","0","59.850","deg","20.000","°C","100.000","%a.s.","26.990","deg","23.835","°C","1018.000","hPa","0.808","-0.065","0.00038","-0.00034","0","31","Humid","5.00","0","2500.00","34849.76","SADD0002000339 Box 1","ABF1.0.0.0","4.0.0.2353","PSt3","221014-001","6/4/2024 1:58:11 PM","0000-00","0","no battery","V","","µV","","µV"
"07/08/2024","16:12:40","1","default","166358087","001","4.966","min","242.670","μmol/L","Humid","24.501","deg","36317","µV","27.000","°C","1024.000","hPa","38.4","pmil","0","59.850","deg","20.000","°C","100.000","%a.s.","26.990","deg","23.835","°C","1018.000","hPa","0.808","-0.065","0.00038","-0.00034","0","31","Humid","5.00","0","2500.00","34846.48","SADD0002000339 Box 1","ABF1.0.0.0","4.0.0.2353","PSt3","221014-001","6/4/2024 1:58:11 PM","0000-00","0","no battery","V","","µV","","µV"
"07/08/2024","16:12:41","1","default","166358087","001","4.983","min","242.670","μmol/L","Humid","24.501","deg","36318","µV","27.000","°C","1024.000","hPa","38.4","pmil","0","59.850","deg","20.000","°C","100.000","%a.s.","26.990","deg","23.835","°C","1018.000","hPa","0.808","-0.065","0.00038","-0.00034","0","31","Humid","5.00","0","2500.00","34849.03","SADD0002000339 Box 1","ABF1.0.0.0","4.0.0.2353","PSt3","221014-001","6/4/2024 1:58:11 PM","0000-00","0","no battery","V","","µV","","µV"
"07/08/2024","16:12:42","1","default","166358087","001","5.000","min","242.719","μmol/L","Humid","24.499","deg","36315","µV","27.000","°C","1024.000","hPa","38.4","pmil","0","59.850","deg","20.000","°C","100.000","%a.s.","26.990","deg","23.835","°C","1018.000","hPa","0.808","-0.065","0.00038","-0.00034","0","31","Humid","5.00","0","2500.00","34846.17","SADD0002000339 Box 1","ABF1.0.0.0","4.0.0.2353","PSt3","221014-001","6/4/2024 1:58:11 PM","0000-00","0","no battery","V","","µV","","µV"
"07/08/2024","16:12:43","1","default","166358087","001","5.016","min","242.670","μmol/L","Humid","24.501","deg","36316","µV","27.000","°C","1024.000","hPa","38.4","pmil","0","59.850","deg","20.000","°C","100.000","%a.s.","26.990","deg","23.835","°C","1018.000","hPa","0.808","-0.065","0.00038","-0.00034","0","31","Humid","5.00","0","2500.00","34849.81","SADD0002000339 Box 1","ABF1.0.0.0","4.0.0.2353","PSt3","221014-001","6/4/2024 1:58:11 PM","0000-00","0","no battery","V","","µV","","µV"
"07/08/2024","16:12:44","1","default","166358087","001","5.033","min","242.769","μmol/L","Humid","24.497","deg","36317","µV","27.000","°C","1024.000","hPa","38.4","pmil","0","59.850","deg","20.000","°C","100.000","%a.s.","26.990","deg","23.835","°C","1018.000","hPa","0.808","-0.065","0.00038","-0.00034","0","31","Humid","5.00","0","2500.00","34852.95","SADD0002000339 Box 1","ABF1.0.0.0","4.0.0.2353","PSt3","221014-001","6/4/2024 1:58:11 PM","0000-00","0","no battery","V","","µV","","µV"
"07/08/2024","16:12:45","1","default","166358087","001","5.050","min","242.348","μmol/L","Humid","24.514","deg","36319","µV","27.000","°C","1024.000","hPa","38.4","pmil","0","59.850","deg","20.000","°C","100.000","%a.s.","26.990","deg","23.835","°C","1018.000","hPa","0.808","-0.065","0.00038","-0.00034","0","31","Humid","5.00","0","2500.00","34850.19","SADD0002000339 Box 1","ABF1.0.0.0","4.0.0.2353","PSt3","221014-001","6/4/2024 1:58:11 PM","0000-00","0","no battery","V","","µV","","µV"
"07/08/2024","16:12:46","1","default","166358087","001","5.066","min","242.645","μmol/L","Humid","24.502","deg","36314","µV","27.000","°C","1024.000","hPa","38.4","pmil","0","59.850","deg","20.000","°C","100.000","%a.s.","26.990","deg","23.835","°C","1018.000","hPa","0.808","-0.065","0.00038","-0.00034","0","31","Humid","5.00","0","2500.00","34853.03","SADD0002000339 Box 1","ABF1.0.0.0","4.0.0.2353","PSt3","221014-001","6/4/2024 1:58:11 PM","0000-00","0","no battery","V","","µV","","µV"
"07/08/2024","16:12:47","1","default","166358087","001","5.083","min","242.521","μmol/L","Humid","24.507","deg","36313","µV","27.000","°C","1024.000","hPa","38.4","pmil","0","59.850","deg","20.000","°C","100.000","%a.s.","26.990","deg","23.835","°C","1018.000","hPa","0.808","-0.065","0.00038","-0.00034","0","31","Humid","5.00","0","2500.00","34844.78","SADD0002000339 Box 1","ABF1.0.0.0","4.0.0.2353","PSt3","221014-001","6/4/2024 1:58:11 PM","0000-00","0","no battery","V","","µV","","µV"
"07/08/2024","16:12:48","1","default","166358087","001","5.100","min","242.719","μmol/L","Humid","24.499","deg","36318","µV","27.000","°C","1024.000","hPa","38.4","pmil","0","59.850","deg","20.000","°C","100.000","%a.s.","26.990","deg","23.835","°C","1018.000","hPa","0.808","-0.065","0.00038","-0.00034","0","31","Humid","5.00","0","2500.00","34849.79","SADD0002000339 Box 1","ABF1.0.0.0","4.0.0.2353","PSt3","221014-001","6/4/2024 1:58:11 PM","0000-00","0","no battery","V","","µV","","µV"
"07/08/2024","16:12:49","1","default","166358087","001","5.116","min","242.695","μmol/L","Humid","24.500","deg","36312","µV","27.000","°C","1024.000","hPa","38.4","pmil","0","59.850","deg","20.000","°C","100.000","%a.s.","26.990","deg","23.835","°C","1018.000","hPa","0.808","-0.065","0.00038","-0.00034","0","31","Humid","5.00","0","2500.00","34847.35","SADD0002000339 Box 1","ABF1.0.0.0","4.0.0.2353","PSt3","221014-001","6/4/2024 1:58:11 PM","0000-00","0","no battery","V","","µV","","µV"
"07/08/2024","16:12:50","1","default","166358087","001","5.133","min","242.645","μmol/L","Humid","24.502","deg","36310","µV","27.000","°C","1024.000","hPa","38.4","pmil","0","59.850","deg","20.000","°C","100.000","%a.s.","26.990","deg","23.835","°C","1018.000","hPa","0.808","-0.065","0.00038","-0.00034","0","31","Humid","5.00","0","2500.00","34844.25","SADD0002000339 Box 1","ABF1.0.0.0","4.0.0.2353","PSt3","221014-001","6/4/2024 1:58:11 PM","0000-00","0","no battery","V","","µV","","µV"
"07/08/2024","16:12:51","1","default","166358087","001","5.150","min","242.695","μmol/L","Humid","24.500","deg","36318","µV","27.000","°C","1024.000","hPa","38.4","pmil","0","59.850","deg","20.000","°C","100.000","%a.s.","26.990","deg","23.835","°C","1018.000","hPa","0.808","-0.065","0.00038","-0.00034","0","31","Humid","5.00","0","2500.00","34848.49","SADD0002000339 Box 1","ABF1.0.0.0","4.0.0.2353","PSt3","221014-001","6/4/2024 1:58:11 PM","0000-00","0","no battery","V","","µV","","µV"
"07/08/2024","16:12:52","1","default","166358087","001","5.166","min","242.546","μmol/L","Humid","24.506","deg","36315","µV","27.000","°C","1024.000","hPa","38.4","pmil","0","59.850","deg","20.000","°C","100.000","%a.s.","26.990","deg","23.835","°C","1018.000","hPa","0.808","-0.065","0.00038","-0.00034","0","31","Humid","5.00","0","2500.00","34848.02","SADD0002000339 Box 1","ABF1.0.0.0","4.0.0.2353","PSt3","221014-001","6/4/2024 1:58:11 PM","0000-00","0","no battery","V","","µV","","µV"
"07/08/2024","16:12:53","1","default","166358087","001","5.183","min","242.695","μmol/L","Humid","24.500","deg","36312","µV","27.000","°C","1024.000","hPa","38.4","pmil","0","59.850","deg","20.000","°C","100.000","%a.s.","26.990","deg","23.835","°C","1018.000","hPa","0.808","-0.065","0.00038","-0.00034","0","31","Humid","5.00","0","2500.00","34847.70","SADD0002000339 Box 1","ABF1.0.0.0","4.0.0.2353","PSt3","221014-001","6/4/2024 1:58:11 PM","0000-00","0","no battery","V","","µV","","µV"
"07/08/2024","16:12:54","1","default","166358087","001","5.200","min","242.398","μmol/L","Humid","24.512","deg","36305","µV","27.000","°C","1024.000","hPa","38.4","pmil","0","59.850","deg","20.000","°C","100.000","%a.s.","26.990","deg","23.835","°C","1018.000","hPa","0.808","-0.065","0.00038","-0.00034","0","31","Humid","5.00","0","2500.00","34850.47","SADD0002000339 Box 1","ABF1.0.0.0","4.0.0.2353","PSt3","221014-001","6/4/2024 1:58:11 PM","0000-00","0","no battery","V","","µV","","µV"
"07/08/2024","16:12:55","1","default","166358087","001","5.216","min","242.769","μmol/L","Humid","24.497","deg","36307","µV","27.000","°C","1024.000","hPa","38.4","pmil","0","59.850","deg","20.000","°C","100.000","%a.s.","26.990","deg","23.835","°C","1018.000","hPa","0.808","-0.065","0.00038","-0.00034","0","31","Humid","5.00","0","2500.00","34846.61","SADD0002000339 Box 1","ABF1.0.0.0","4.0.0.2353","PSt3","221014-001","6/4/2024 1:58:11 PM","0000-00","0","no battery","V","","µV","","µV"
"07/08/2024","16:12:56","1","default","166358087","001","5.233","min","242.843","μmol/L","Humid","24.494","deg","36309","µV","27.000","°C","1024.000","hPa","38.4","pmil","0","59.850","deg","20.000","°C","100.000","%a.s.","26.990","deg","23.835","°C","1018.000","hPa","0.808","-0.065","0.00038","-0.00034","0","31","Humid","5.00","0","2500.00","34847.42","SADD0002000339 Box 1","ABF1.0.0.0","4.0.0.2353","PSt3","221014-001","6/4/2024 1:58:11 PM","0000-00","0","no battery","V","","µV","","µV"
"07/08/2024","16:12:57","1","default","166358087","001","5.250","min","242.942","μmol/L","Humid","24.490","deg","36305","µV","27.000","°C","1024.000","hPa","38.4","pmil","0","59.850","deg","20.000","°C","100.000","%a.s.","26.990","deg","23.835","°C","1018.000","hPa","0.808","-0.065","0.00038","-0.00034","0","31","Humid","5.00","0","2500.00","34848.61","SADD0002000339 Box 1","ABF1.0.0.0","4.0.0.2353","PSt3","221014-001","6/4/2024 1:58:11 PM","0000-00","0","no battery","V","","µV","","µV"
"07/08/2024","16:12:58","1","default","166358087","001","5.266","min","242.818","μmol/L","Humid","24.495","deg","36305","µV","27.000","°C","1024.000","hPa","38.4","pmil","0","59.850","deg","20.000","°C","100.000","%a.s.","26.990","deg","23.835","°C","1018.000","hPa","0.808","-0.065","0.00038","-0.00034","0","31","Humid","5.00","0","2500.00","34851.70","SADD0002000339 Box 1","ABF1.0.0.0","4.0.0.2353","PSt3","221014-001","6/4/2024 1:58:11 PM","0000-00","0","no battery","V","","µV","","µV"
"07/08/2024","16:12:59","1","default","166358087","001","5.283","min","242.496","μmol/L","Humid","24.508","deg","36296","µV","27.000","°C","1024.000","hPa","38.4","pmil","0","59.850","deg","20.000","°C","100.000","%a.s.","26.990","deg","23.835","°C","1018.000","hPa","0.808","-0.065","0.00038","-0.00034","0","31","Humid","5.00","0","2500.00","34847.77","SADD0002000339 Box 1","ABF1.0.0.0","4.0.0.2353","PSt3","221014-001","6/4/2024 1:58:11 PM","0000-00","0","no battery","V","","µV","","µV"
"07/08/2024","16:13:00","1","default","166358087","001","5.300","min","242.967","μmol/L","Humid","24.489","deg","36298","µV","27.000","°C","1024.000","hPa","38.4","pmil","0","59.850","deg","20.000","°C","100.000","%a.s.","26.990","deg","23.835","°C","1018.000","hPa","0.808","-0.065","0.00038","-0.00034","0","31","Humid","5.00","0","2500.00","34841.41","SADD0002000339 Box 1","ABF1.0.0.0","4.0.0.2353","PSt3","221014-001","6/4/2024 1:58:11 PM","0000-00","0","no battery","V","","µV","","µV"
"07/08/2024","16:13:01","1","default","166358087","001","5.317","min","242.695","μmol/L","Humid","24.500","deg","36300","µV","27.000","°C","1024.000","hPa","38.4","pmil","0","59.850","deg","20.000","°C","100.000","%a.s.","26.990","deg","23.835","°C","1018.000","hPa","0.808","-0.065","0.00038","-0.00034","0","31","Humid","5.00","0","2500.00","34844.41","SADD0002000339 Box 1","ABF1.0.0.0","4.0.0.2353","PSt3","221014-001","6/4/2024 1:58:11 PM","0000-00","0","no battery","V","","µV","","µV"
"07/08/2024","16:13:02","1","default","166358087","001","5.333","min","242.620","μmol/L","Humid","24.503","deg","36298","µV","27.000","°C","1024.000","hPa","38.4","pmil","0","59.850","deg","20.000","°C","100.000","%a.s.","26.990","deg","23.835","°C","1018.000","hPa","0.808","-0.065","0.00038","-0.00034","0","31","Humid","5.00","0","2500.00","34845.72","SADD0002000339 Box 1","ABF1.0.0.0","4.0.0.2353","PSt3","221014-001","6/4/2024 1:58:11 PM","0000-00","0","no battery","V","","µV","","µV"
"07/08/2024","16:13:03","1","default","166358087","001","5.350","min","242.942","μmol/L","Humid","24.490","deg","36296","µV","27.000","°C","1024.000","hPa","38.4","pmil","0","59.850","deg","20.000","°C","100.000","%a.s.","26.990","deg","23.835","°C","1018.000","hPa","0.808","-0.065","0.00038","-0.00034","0","31","Humid","5.00","0","2500.00","34852.37","SADD0002000339 Box 1","ABF1.0.0.0","4.0.0.2353","PSt3","221014-001","6/4/2024 1:58:11 PM","0000-00","0","no battery","V","","µV","","µV"
"07/08/2024","16:13:04","1","default","166358087","001","5.367","min","242.695","μmol/L","Humid","24.500","deg","36293","µV","27.000","°C","1024.000","hPa","38.4","pmil","0","59.850","deg","20.000","°C","100.000","%a.s.","26.990","deg","23.835","°C","1018.000","hPa","0.808","-0.065","0.00038","-0.00034","0","31","Humid","5.00","0","2500.00","34852.34","SADD0002000339 Box 1","ABF1.0.0.0","4.0.0.2353","PSt3","221014-001","6/4/2024 1:58:11 PM","0000-00","0","no battery","V","","µV","","µV"
"07/08/2024","16:13:05","1","default","166358087","001","5.383","min","242.447","μmol/L","Humid","24.510","deg","36297","µV","27.000","°C","1024.000","hPa","38.4","pmil","0","59.850","deg","20.000","°C","100.000","%a.s.","26.990","deg","23.835","°C","1018.000","hPa","0.808","-0.065","0.00038","-0.00034","0","31","Humid","5.00","0","2500.00","34846.35","SADD0002000339 Box 1","ABF1.0.0.0","4.0.0.2353","PSt3","221014-001","6/4/2024 1:58:11 PM","0000-00","0","no battery","V","","µV","","µV"
"07/08/2024","16:13:06","1","default","166358087","001","5.400","min","242.645","μmol/L","Humid","24.502","deg","36287","µV","27.000","°C","1024.000","hPa","38.4","pmil","0","59.850","deg","20.000","°C","100.000","%a.s.","26.990","deg","23.835","°C","1018.000","hPa","0.808","-0.065","0.00038","-0.00034","0","31","Humid","5.00","0","2500.00","34850.22","SADD0002000339 Box 1","ABF1.0.0.0","4.0.0.2353","PSt3","221014-001","6/4/2024 1:58:11 PM","0000-00","0","no battery","V","","µV","","µV"
"07/08/2024","16:13:07","1","default","166358087","001","5.416","min","242.744","μmol/L","Humid","24.498","deg","36289","µV","27.000","°C","1024.000","hPa","38.4","pmil","0","59.850","deg","20.000","°C","100.000","%a.s.","26.990","deg","23.835","°C","1018.000","hPa","0.808","-0.065","0.00038","-0.00034","0","31","Humid","5.00","0","2500.00","34845.05","SADD0002000339 Box 1","ABF1.0.0.0","4.0.0.2353","PSt3","221014-001","6/4/2024 1:58:11 PM","0000-00","0","no battery","V","","µV","","µV"
"07/08/2024","16:13:08","1","default","166358087","001","5.433","min","243.091","μmol/L","Humid","24.484","deg","36288","µV","27.000","°C","1024.000","hPa","38.4","pmil","0","59.850","deg","20.000","°C","100.000","%a.s.","26.990","deg","23.835","°C","1018.000","hPa","0.808","-0.065","0.00038","-0.00034","0","31","Humid","5.00","0","2500.00","34844.91","SADD0002000339 Box 1","ABF1.0.0.0","4.0.0.2353","PSt3","221014-001","6/4/2024 1:58:11 PM","0000-00","0","no battery","V","","µV","","µV"
"07/08/2024","16:13:09","1","default","166358087","001","5.450","min","242.868","μmol/L","Humid","24.493","deg","36282","µV","27.000","°C","1024.000","hPa","38.4","pmil","0","59.850","deg","20.000","°C","100.000","%a.s.","26.990","deg","23.835","°C","1018.000","hPa","0.808","-0.065","0.00038","-0.00034","0","31","Humid","5.00","0","2500.00","34848.75","SADD0002000339 Box 1","ABF1.0.0.0","4.0.0.2353","PSt3","221014-001","6/4/2024 1:58:11 PM","0000-00","0","no battery","V","","µV","","µV"
"07/08/2024","16:13:10","1","default","166358087","001","5.466","min","243.091","μmol/L","Humid","24.484","deg","36288","µV","27.000","°C","1024.000","hPa","38.4","pmil","0","59.850","deg","20.000","°C","100.000","%a.s.","26.990","deg","23.835","°C","1018.000","hPa","0.808","-0.065","0.00038","-0.00034","0","31","Humid","5.00","0","2500.00","34846.54","SADD0002000339 Box 1","ABF1.0.0.0","4.0.0.2353","PSt3","221014-001","6/4/2024 1:58:11 PM","0000-00","0","no battery","V","","µV","","µV"
"07/08/2024","16:13:11","1","default","166358087","001","5.483","min","243.017","μmol/L","Humid","24.487","deg","36289","µV","27.000","°C","1024.000","hPa","38.4","pmil","0","59.850","deg","20.000","°C","100.000","%a.s.","26.990","deg","23.835","°C","1018.000","hPa","0.808","-0.065","0.00038","-0.00034","0","31","Humid","5.00","0","2500.00","34845.88","SADD0002000339 Box 1","ABF1.0.0.0","4.0.0.2353","PSt3","221014-001","6/4/2024 1:58:11 PM","0000-00","0","no battery","V","","µV","","µV"
"07/08/2024","16:13:12","1","default","166358087","001","5.500","min","243.042","μmol/L","Humid","24.486","deg","36284","µV","27.000","°C","1024.000","hPa","38.4","pmil","0","59.850","deg","20.000","°C","100.000","%a.s.","26.990","deg","23.835","°C","1018.000","hPa","0.808","-0.065","0.00038","-0.00034","0","31","Humid","5.00","0","2500.00","34849.62","SADD0002000339 Box 1","ABF1.0.0.0","4.0.0.2353","PSt3","221014-001","6/4/2024 1:58:11 PM","0000-00","0","no battery","V","","µV","","µV"
"07/08/2024","16:13:13","1","default","166358087","001","5.516","min","242.719","μmol/L","Humid","24.499","deg","36280","µV","27.000","°C","1024.000","hPa","38.4","pmil","0","59.850","deg","20.000","°C","100.000","%a.s.","26.990","deg","23.835","°C","1018.000","hPa","0.808","-0.065","0.00038","-0.00034","0","31","Humid","5.00","0","2500.00","34850.69","SADD0002000339 Box 1","ABF1.0.0.0","4.0.0.2353","PSt3","221014-001","6/4/2024 1:58:11 PM","0000-00","0","no battery","V","","µV","","µV"
"07/08/2024","16:13:14","1","default","166358087","001","5.533","min","243.017","μmol/L","Humid","24.487","deg","36282","µV","27.000","°C","1024.000","hPa","38.4","pmil","0","59.850","deg","20.000","°C","100.000","%a.s.","26.990","deg","23.835","°C","1018.000","hPa","0.808","-0.065","0.00038","-0.00034","0","31","Humid","5.00","0","2500.00","34848.85","SADD0002000339 Box 1","ABF1.0.0.0","4.0.0.2353","PSt3","221014-001","6/4/2024 1:58:11 PM","0000-00","0","no battery","V","","µV","","µV"
"07/08/2024","16:13:15","1","default","166358087","001","5.550","min","242.893","μmol/L","Humid","24.492","deg","36270","µV","27.000","°C","1024.000","hPa","38.4","pmil","0","59.850","deg","20.000","°C","100.000","%a.s.","26.990","deg","23.835","°C","1018.000","hPa","0.808","-0.065","0.00038","-0.00034","0","31","Humid","5.00","0","2500.00","34851.79","SADD0002000339 Box 1","ABF1.0.0.0","4.0.0.2353","PSt3","221014-001","6/4/2024 1:58:11 PM","0000-00","0","no battery","V","","µV","","µV"
"07/08/2024","16:13:16","1","default","166358087","001","5.567","min","242.868","μmol/L","Humid","24.493","deg","36279","µV","27.000","°C","1024.000","hPa","38.4","pmil","0","59.850","deg","20.000","°C","100.000","%a.s.","26.990","deg","23.835","°C","1018.000","hPa","0.808","-0.065","0.00038","-0.00034","0","31","Humid","5.00","0","2500.00","34846.88","SADD0002000339 Box 1","ABF1.0.0.0","4.0.0.2353","PSt3","221014-001","6/4/2024 1:58:11 PM","0000-00","0","no battery","V","","µV","","µV"
"07/08/2024","16:13:17","1","default","166358087","001","5.584","min","243.091","μmol/L","Humid","24.484","deg","36280","µV","27.000","°C","1024.000","hPa","38.4","pmil","0","59.850","deg","20.000","°C","100.000","%a.s.","26.990","deg","23.835","°C","1018.000","hPa","0.808","-0.065","0.00038","-0.00034","0","31","Humid","5.00","0","2500.00","34849.64","SADD0002000339 Box 1","ABF1.0.0.0","4.0.0.2353","PSt3","221014-001","6/4/2024 1:58:11 PM","0000-00","0","no battery","V","","µV","","µV"
"07/08/2024","16:13:18","1","default","166358087","001","5.600","min","243.091","μmol/L","Humid","24.484","deg","36273","µV","27.000","°C","1024.000","hPa","38.4","pmil","0","59.850","deg","20.000","°C","100.000","%a.s.","26.990","deg","23.835","°C","1018.000","hPa","0.808","-0.065","0.00038","-0.00034","0","31","Humid","5.00","0","2500.00","34847.45","SADD0002000339 Box 1","ABF1.0.0.0","4.0.0.2353","PSt3","221014-001","6/4/2024 1:58:11 PM","0000-00","0","no battery","V","","µV","","µV"
"07/08/2024","16:13:19","1","default","166358087","001","5.617","min","243.216","μmol/L","Humid","24.479","deg","36275","µV","27.000","°C","1024.000","hPa","38.4","pmil","0","59.850","deg","20.000","°C","100.000","%a.s.","26.990","deg","23.835","°C","1018.000","hPa","0.808","-0.065","0.00038","-0.00034","0","31","Humid","5.00","0","2500.00","34843.90","SADD0002000339 Box 1","ABF1.0.0.0","4.0.0.2353","PSt3","221014-001","6/4/2024 1:58:11 PM","0000-00","0","no battery","V","","µV","","µV"
"07/08/2024","16:13:20","1","default","166358087","001","5.633","min","243.340","μmol/L","Humid","24.474","deg","36271","µV","27.000","°C","1024.000","hPa","38.4","pmil","0","59.850","deg","20.000","°C","100.000","%a.s.","26.990","deg","23.835","°C","1018.000","hPa","0.808","-0.065","0.00038","-0.00034","0","31","Humid","5.00","0","2500.00","34849.33","SADD0002000339 Box 1","ABF1.0.0.0","4.0.0.2353","PSt3","221014-001","6/4/2024 1:58:11 PM","0000-00","0","no battery","V","","µV","","µV"
"07/08/2024","16:13:21","1","default","166358087","001","5.650","min","242.942","μmol/L","Humid","24.490","deg","36270","µV","27.000","°C","1024.000","hPa","38.4","pmil","0","59.850","deg","20.000","°C","100.000","%a.s.","26.990","deg","23.835","°C","1018.000","hPa","0.808","-0.065","0.00038","-0.00034","0","31","Humid","5.00","0","2500.00","34849.40","SADD0002000339 Box 1","ABF1.0.0.0","4.0.0.2353","PSt3","221014-001","6/4/2024 1:58:11 PM","0000-00","0","no battery","V","","µV","","µV"
"07/08/2024","16:13:22","1","default","166358087","001","5.666","min","243.042","μmol/L","Humid","24.486","deg","36268","µV","27.000","°C","1024.000","hPa","38.4","pmil","0","59.850","deg","20.000","°C","100.000","%a.s.","26.990","deg","23.835","°C","1018.000","hPa","0.808","-0.065","0.00038","-0.00034","0","31","Humid","5.00","0","2500.00","34844.54","SADD0002000339 Box 1","ABF1.0.0.0","4.0.0.2353","PSt3","221014-001","6/4/2024 1:58:11 PM","0000-00","0","no battery","V","","µV","","µV"
"07/08/2024","16:13:23","1","default","166358087","001","5.683","min","243.067","μmol/L","Humid","24.485","deg","36275","µV","27.000","°C","1024.000","hPa","38.4","pmil","0","59.850","deg","20.000","°C","100.000","%a.s.","26.990","deg","23.835","°C","1018.000","hPa","0.808","-0.065","0.00038","-0.00034","0","31","Humid","5.00","0","2500.00","34847.85","SADD0002000339 Box 1","ABF1.0.0.0","4.0.0.2353","PSt3","221014-001","6/4/2024 1:58:11 PM","0000-00","0","no battery","V","","µV","","µV"
"07/08/2024","16:13:24","1","default","166358087","001","5.700","min","243.290","μmol/L","Humid","24.476","deg","36265","µV","27.000","°C","1024.000","hPa","38.4","pmil","0","59.850","deg","20.000","°C","100.000","%a.s.","26.990","deg","23.835","°C","1018.000","hPa","0.808","-0.065","0.00038","-0.00034","0","31","Humid","5.00","0","2500.00","34845.80","SADD0002000339 Box 1","ABF1.0.0.0","4.0.0.2353","PSt3","221014-001","6/4/2024 1:58:11 PM","0000-00","0","no battery","V","","µV","","µV"
"07/08/2024","16:13:25","1","default","166358087","001","5.716","min","243.340","μmol/L","Humid","24.474","deg","36270","µV","27.000","°C","1024.000","hPa","38.4","pmil","0","59.850","deg","20.000","°C","100.000","%a.s.","26.990","deg","23.835","°C","1018.000","hPa","0.808","-0.065","0.00038","-0.00034","0","31","Humid","5.00","0","2500.00","34843.88","SADD0002000339 Box 1","ABF1.0.0.0","4.0.0.2353","PSt3","221014-001","6/4/2024 1:58:11 PM","0000-00","0","no battery","V","","µV","","µV"
"07/08/2024","16:13:26","1","default","166358087","001","5.733","min","243.067","μmol/L","Humid","24.485","deg","36269","µV","27.000","°C","1024.000","hPa","38.4","pmil","0","59.850","deg","20.000","°C","100.000","%a.s.","26.990","deg","23.835","°C","1018.000","hPa","0.808","-0.065","0.00038","-0.00034","0","31","Humid","5.00","0","2500.00","34850.48","SADD0002000339 Box 1","ABF1.0.0.0","4.0.0.2353","PSt3","221014-001","6/4/2024 1:58:11 PM","0000-00","0","no battery","V","","µV","","µV"
"07/08/2024","16:13:27","1","default","166358087","001","5.750","min","243.017","μmol/L","Humid","24.487","deg","36266","µV","27.000","°C","1024.000","hPa","38.4","pmil","0","59.850","deg","20.000","°C","100.000","%a.s.","26.990","deg","23.835","°C","1018.000","hPa","0.808","-0.065","0.00038","-0.00034","0","31","Humid","5.00","0","2500.00","34849.08","SADD0002000339 Box 1","ABF1.0.0.0","4.0.0.2353","PSt3","221014-001","6/4/2024 1:58:11 PM","0000-00","0","no battery","V","","µV","","µV"
"07/08/2024","16:13:28","1","default","166358087","001","5.766","min","243.265","μmol/L","Humid","24.477","deg","36261","µV","27.000","°C","1024.000","hPa","38.4","pmil","0","59.850","deg","20.000","°C","100.000","%a.s.","26.990","deg","23.835","°C","1018.000","hPa","0.808","-0.065","0.00038","-0.00034","0","31","Humid","5.00","0","2500.00","34847.82","SADD0002000339 Box 1","ABF1.0.0.0","4.0.0.2353","PSt3","221014-001","6/4/2024 1:58:11 PM","0000-00","0","no battery","V","","µV","","µV"
"07/08/2024","16:13:29","1","default","166358087","001","5.783","min","243.240","μmol/L","Humid","24.478","deg","36268","µV","27.000","°C","1024.000","hPa","38.4","pmil","0","59.850","deg","20.000","°C","100.000","%a.s.","26.990","deg","23.835","°C","1018.000","hPa","0.808","-0.065","0.00038","-0.00034","0","31","Humid","5.00","0","2500.00","34847.06","SADD0002000339 Box 1","ABF1.0.0.0","4.0.0.2353","PSt3","221014-001","6/4/2024 1:58:11 PM","0000-00","0","no battery","V","","µV","","µV"
"07/08/2024","16:13:30","1","default","166358087","001","5.800","min","243.191","μmol/L","Humid","24.480","deg","36259","µV","27.000","°C","1024.000","hPa","38.4","pmil","0","59.850","deg","20.000","°C","100.000","%a.s.","26.990","deg","23.835","°C","1018.000","hPa","0.808","-0.065","0.00038","-0.00034","0","31","Humid","5.00","0","2500.00","34846.59","SADD0002000339 Box 1","ABF1.0.0.0","4.0.0.2353","PSt3","221014-001","6/4/2024 1:58:11 PM","0000-00","0","no battery","V","","µV","","µV"
"07/08/2024","16:13:31","1","default","166358087","001","5.816","min","243.216","μmol/L","Humid","24.479","deg","36259","µV","27.000","°C","1024.000","hPa","38.4","pmil","0","59.850","deg","20.000","°C","100.000","%a.s.","26.990","deg","23.835","°C","1018.000","hPa","0.808","-0.065","0.00038","-0.00034","0","31","Humid","5.00","0","2500.00","34850.06","SADD0002000339 Box 1","ABF1.0.0.0","4.0.0.2353","PSt3","221014-001","6/4/2024 1:58:11 PM","0000-00","0","no battery","V","","µV","","µV"
"07/08/2024","16:13:32","1","default","166358087","001","5.833","min","243.141","μmol/L","Humid","24.482","deg","36262","µV","27.000","°C","1024.000","hPa","38.4","pmil","0","59.850","deg","20.000","°C","100.000","%a.s.","26.990","deg","23.835","°C","1018.000","hPa","0.808","-0.065","0.00038","-0.00034","0","31","Humid","5.00","0","2500.00","34850.46","SADD0002000339 Box 1","ABF1.0.0.0","4.0.0.2353","PSt3","221014-001","6/4/2024 1:58:11 PM","0000-00","0","no battery","V","","µV","","µV"
"07/08/2024","16:13:33","1","default","166358087","001","5.850","min","243.091","μmol/L","Humid","24.484","deg","36258","µV","27.000","°C","1024.000","hPa","38.4","pmil","0","59.850","deg","20.000","°C","100.000","%a.s.","26.990","deg","23.835","°C","1018.000","hPa","0.808","-0.065","0.00038","-0.00034","0","31","Humid","5.00","0","2500.00","34845.05","SADD0002000339 Box 1","ABF1.0.0.0","4.0.0.2353","PSt3","221014-001","6/4/2024 1:58:11 PM","0000-00","0","no battery","V","","µV","","µV"
"07/08/2024","16:13:34","1","default","166358087","001","5.866","min","242.942","μmol/L","Humid","24.490","deg","36261","µV","27.000","°C","1024.000","hPa","38.4","pmil","0","59.850","deg","20.000","°C","100.000","%a.s.","26.990","deg","23.835","°C","1018.000","hPa","0.808","-0.065","0.00038","-0.00034","0","31","Humid","5.00","0","2500.00","34851.67","SADD0002000339 Box 1","ABF1.0.0.0","4.0.0.2353","PSt3","221014-001","6/4/2024 1:58:11 PM","0000-00","0","no battery","V","","µV","","µV"
"07/08/2024","16:13:35","1","default","166358087","001","5.883","min","243.315","μmol/L","Humid","24.475","deg","36258","µV","27.000","°C","1024.000","hPa","38.4","pmil","0","59.850","deg","20.000","°C","100.000","%a.s.","26.990","deg","23.835","°C","1018.000","hPa","0.808","-0.065","0.00038","-0.00034","0","31","Humid","5.00","0","2500.00","34850.36","SADD0002000339 Box 1","ABF1.0.0.0","4.0.0.2353","PSt3","221014-001","6/4/2024 1:58:11 PM","0000-00","0","no battery","V","","µV","","µV"
"07/08/2024","16:13:36","1","default","166358087","001","5.900","min","243.042","μmol/L","Humid","24.486","deg","36258","µV","27.000","°C","1024.000","hPa","38.4","pmil","0","59.850","deg","20.000","°C","100.000","%a.s.","26.990","deg","23.835","°C","1018.000","hPa","0.808","-0.065","0.00038","-0.00034","0","31","Humid","5.00","0","2500.00","34848.46","SADD0002000339 Box 1","ABF1.0.0.0","4.0.0.2353","PSt3","221014-001","6/4/2024 1:58:11 PM","0000-00","0","no battery","V","","µV","","µV"
"07/08/2024","16:13:37","1","default","166358087","001","5.916","min","243.539","μmol/L","Humid","24.466","deg","36257","µV","27.000","°C","1024.000","hPa","38.4","pmil","0","59.850","deg","20.000","°C","100.000","%a.s.","26.990","deg","23.835","°C","1018.000","hPa","0.808","-0.065","0.00038","-0.00034","0","31","Humid","5.00","0","2500.00","34851.65","SADD0002000339 Box 1","ABF1.0.0.0","4.0.0.2353","PSt3","221014-001","6/4/2024 1:58:11 PM","0000-00","0","no battery","V","","µV","","µV"
"07/08/2024","16:13:38","1","default","166358087","001","5.933","min","243.439","μmol/L","Humid","24.470","deg","36256","µV","27.000","°C","1024.000","hPa","38.4","pmil","0","59.850","deg","20.000","°C","100.000","%a.s.","26.990","deg","23.835","°C","1018.000","hPa","0.808","-0.065","0.00038","-0.00034","0","31","Humid","5.00","0","2500.00","34842.71","SADD0002000339 Box 1","ABF1.0.0.0","4.0.0.2353","PSt3","221014-001","6/4/2024 1:58:11 PM","0000-00","0","no battery","V","","µV","","µV"
"07/08/2024","16:13:39","1","default","166358087","001","5.950","min","243.539","μmol/L","Humid","24.466","deg","36259","µV","27.000","°C","1024.000","hPa","38.4","pmil","0","59.850","deg","20.000","°C","100.000","%a.s.","26.990","deg","23.835","°C","1018.000","hPa","0.808","-0.065","0.00038","-0.00034","0","31","Humid","5.00","0","2500.00","34838.70","SADD0002000339 Box 1","ABF1.0.0.0","4.0.0.2353","PSt3","221014-001","6/4/2024 1:58:11 PM","0000-00","0","no battery","V","","µV","","µV"
"07/08/2024","16:13:40","1","default","166358087","001","5.966","min","243.489","μmol/L","Humid","24.468","deg","36259","µV","27.000","°C","1024.000","hPa","38.4","pmil","0","59.850","deg","20.000","°C","100.000","%a.s.","26.990","deg","23.835","°C","1018.000","hPa","0.808","-0.065","0.00038","-0.00034","0","31","Humid","5.00","0","2500.00","34847.27","SADD0002000339 Box 1","ABF1.0.0.0","4.0.0.2353","PSt3","221014-001","6/4/2024 1:58:11 PM","0000-00","0","no battery","V","","µV","","µV"
"07/08/2024","16:13:41","1","default","166358087","001","5.983","min","243.216","μmol/L","Humid","24.479","deg","36252","µV","27.000","°C","1024.000","hPa","38.4","pmil","0","59.850","deg","20.000","°C","100.000","%a.s.","26.990","deg","23.835","°C","1018.000","hPa","0.808","-0.065","0.00038","-0.00034","0","31","Humid","5.00","0","2500.00","34848.23","SADD0002000339 Box 1","ABF1.0.0.0","4.0.0.2353","PSt3","221014-001","6/4/2024 1:58:11 PM","0000-00","0","no battery","V","","µV","","µV"
"07/08/2024","16:13:42","1","default","166358087","001","5.999","min","242.992","μmol/L","Humid","24.488","deg","36253","µV","27.000","°C","1024.000","hPa","38.4","pmil","0","59.850","deg","20.000","°C","100.000","%a.s.","26.990","deg","23.835","°C","1018.000","hPa","0.808","-0.065","0.00038","-0.00034","0","31","Humid","5.00","0","2500.00","34844.80","SADD0002000339 Box 1","ABF1.0.0.0","4.0.0.2353","PSt3","221014-001","6/4/2024 1:58:11 PM","0000-00","0","no battery","V","","µV","","µV"
"07/08/2024","16:13:43","1","default","166358087","001","6.016","min","243.116","μmol/L","Humid","24.483","deg","36246","µV","27.000","°C","1024.000","hPa","38.4","pmil","0","59.850","deg","20.000","°C","100.000","%a.s.","26.990","deg","23.835","°C","1018.000","hPa","0.808","-0.065","0.00038","-0.00034","0","31","Humid","5.00","0","2500.00","34843.95","SADD0002000339 Box 1","ABF1.0.0.0","4.0.0.2353","PSt3","221014-001","6/4/2024 1:58:11 PM","0000-00","0","no battery","V","","µV","","µV"
"07/08/2024","16:13:44","1","default","166358087","001","6.033","min","243.265","μmol/L","Humid","24.477","deg","36251","µV","27.000","°C","1024.000","hPa","38.4","pmil","0","59.850","deg","20.000","°C","100.000","%a.s.","26.990","deg","23.835","°C","1018.000","hPa","0.808","-0.065","0.00038","-0.00034","0","31","Humid","5.00","0","2500.00","34849.98","SADD0002000339 Box 1","ABF1.0.0.0","4.0.0.2353","PSt3","221014-001","6/4/2024 1:58:11 PM","0000-00","0","no battery","V","","µV","","µV"
"07/08/2024","16:13:45","1","default","166358087","001","6.050","min","243.464","μmol/L","Humid","24.469","deg","36252","µV","27.000","°C","1024.000","hPa","38.4","pmil","0","59.850","deg","20.000","°C","100.000","%a.s.","26.990","deg","23.835","°C","1018.000","hPa","0.808","-0.065","0.00038","-0.00034","0","31","Humid","5.00","0","2500.00","34848.60","SADD0002000339 Box 1","ABF1.0.0.0","4.0.0.2353","PSt3","221014-001","6/4/2024 1:58:11 PM","0000-00","0","no battery","V","","µV","","µV"
"07/08/2024","16:13:46","1","default","166358087","001","6.067","min","242.967","μmol/L","Humid","24.489","deg","36252","µV","27.000","°C","1024.000","hPa","38.4","pmil","0","59.850","deg","20.000","°C","100.000","%a.s.","26.990","deg","23.835","°C","1018.000","hPa","0.808","-0.065","0.00038","-0.00034","0","31","Humid","5.00","0","2500.00","34849.76","SADD0002000339 Box 1","ABF1.0.0.0","4.0.0.2353","PSt3","221014-001","6/4/2024 1:58:11 PM","0000-00","0","no battery","V","","µV","","µV"
"07/08/2024","16:13:47","1","default","166358087","001","6.083","min","243.141","μmol/L","Humid","24.482","deg","36253","µV","27.000","°C","1024.000","hPa","38.4","pmil","0","59.850","deg","20.000","°C","100.000","%a.s.","26.990","deg","23.835","°C","1018.000","hPa","0.808","-0.065","0.00038","-0.00034","0","31","Humid","5.00","0","2500.00","34842.86","SADD0002000339 Box 1","ABF1.0.0.0","4.0.0.2353","PSt3","221014-001","6/4/2024 1:58:11 PM","0000-00","0","no battery","V","","µV","","µV"
"07/08/2024","16:13:48","1","default","166358087","001","6.100","min","243.365","μmol/L","Humid","24.473","deg","36253","µV","27.000","°C","1024.000","hPa","38.4","pmil","0","59.850","deg","20.000","°C","100.000","%a.s.","26.990","deg","23.835","°C","1018.000","hPa","0.808","-0.065","0.00038","-0.00034","0","31","Humid","5.00","0","2500.00","34845.63","SADD0002000339 Box 1","ABF1.0.0.0","4.0.0.2353","PSt3","221014-001","6/4/2024 1:58:11 PM","0000-00","0","no battery","V","","µV","","µV"
"07/08/2024","16:13:49","1","default","166358087","001","6.117","min","243.389","μmol/L","Humid","24.472","deg","36241","µV","27.000","°C","1024.000","hPa","38.4","pmil","0","59.850","deg","20.000","°C","100.000","%a.s.","26.990","deg","23.835","°C","1018.000","hPa","0.808","-0.065","0.00038","-0.00034","0","31","Humid","5.00","0","2500.00","34846.20","SADD0002000339 Box 1","ABF1.0.0.0","4.0.0.2353","PSt3","221014-001","6/4/2024 1:58:11 PM","0000-00","0","no battery","V","","µV","","µV"
"07/08/2024","16:13:50","1","default","166358087","001","6.133","min","243.265","μmol/L","Humid","24.477","deg","36245","µV","27.000","°C","1024.000","hPa","38.4","pmil","0","59.850","deg","20.000","°C","100.000","%a.s.","26.990","deg","23.835","°C","1018.000","hPa","0.808","-0.065","0.00038","-0.00034","0","31","Humid","5.00","0","2500.00","34848.18","SADD0002000339 Box 1","ABF1.0.0.0","4.0.0.2353","PSt3","221014-001","6/4/2024 1:58:11 PM","0000-00","0","no battery","V","","µV","","µV"
"07/08/2024","16:13:51","1","default","166358087","001","6.150","min","243.638","μmol/L","Humid","24.462","deg","36244","µV","27.000","°C","1024.000","hPa","38.4","pmil","0","59.850","deg","20.000","°C","100.000","%a.s.","26.990","deg","23.835","°C","1018.000","hPa","0.808","-0.065","0.00038","-0.00034","0","31","Humid","5.00","0","2500.00","34847.09","SADD0002000339 Box 1","ABF1.0.0.0","4.0.0.2353","PSt3","221014-001","6/4/2024 1:58:11 PM","0000-00","0","no battery","V","","µV","","µV"
"07/08/2024","16:13:52","1","default","166358087","001","6.166","min","243.464","μmol/L","Humid","24.469","deg","36243","µV","27.000","°C","1024.000","hPa","38.4","pmil","0","59.850","deg","20.000","°C","100.000","%a.s.","26.990","deg","23.835","°C","1018.000","hPa","0.808","-0.065","0.00038","-0.00034","0","31","Humid","5.00","0","2500.00","34852.88","SADD0002000339 Box 1","ABF1.0.0.0","4.0.0.2353","PSt3","221014-001","6/4/2024 1:58:11 PM","0000-00","0","no battery","V","","µV","","µV"
"07/08/2024","16:13:53","1","default","166358087","001","6.183","min","243.365","μmol/L","Humid","24.473","deg","36238","µV","27.000","°C","1024.000","hPa","38.4","pmil","0","59.850","deg","20.000","°C","100.000","%a.s.","26.990","deg","23.835","°C","1018.000","hPa","0.808","-0.065","0.00038","-0.00034","0","31","Humid","5.00","0","2500.00","34852.58","SADD0002000339 Box 1","ABF1.0.0.0","4.0.0.2353","PSt3","221014-001","6/4/2024 1:58:11 PM","0000-00","0","no battery","V","","µV","","µV"
"07/08/2024","16:13:54","1","default","166358087","001","6.200","min","243.389","μmol/L","Humid","24.472","deg","36238","µV","27.000","°C","1024.000","hPa","38.4","pmil","0","59.850","deg","20.000","°C","100.000","%a.s.","26.990","deg","23.835","°C","1018.000","hPa","0.808","-0.065","0.00038","-0.00034","0","31","Humid","5.00","0","2500.00","34853.24","SADD0002000339 Box 1","ABF1.0.0.0","4.0.0.2353","PSt3","221014-001","6/4/2024 1:58:11 PM","0000-00","0","no battery","V","","µV","","µV"
"07/08/2024","16:13:55","1","default","166358087","001","6.216","min","243.216","μmol/L","Humid","24.479","deg","36240","µV","27.000","°C","1024.000","hPa","38.4","pmil","0","59.850","deg","20.000","°C","100.000","%a.s.","26.990","deg","23.835","°C","1018.000","hPa","0.808","-0.065","0.00038","-0.00034","0","31","Humid","5.00","0","2500.00","34847.87","SADD0002000339 Box 1","ABF1.0.0.0","4.0.0.2353","PSt3","221014-001","6/4/2024 1:58:11 PM","0000-00","0","no battery","V","","µV","","µV"
"07/08/2024","16:13:56","1","default","166358087","001","6.233","min","243.514","μmol/L","Humid","24.467","deg","36234","µV","27.000","°C","1024.000","hPa","38.4","pmil","0","59.850","deg","20.000","°C","100.000","%a.s.","26.990","deg","23.835","°C","1018.000","hPa","0.808","-0.065","0.00038","-0.00034","0","31","Humid","5.00","0","2500.00","34847.25","SADD0002000339 Box 1","ABF1.0.0.0","4.0.0.2353","PSt3","221014-001","6/4/2024 1:58:11 PM","0000-00","0","no battery","V","","µV","","µV"
"07/08/2024","16:13:57","1","default","166358087","001","6.250","min","243.315","μmol/L","Humid","24.475","deg","36233","µV","27.000","°C","1024.000","hPa","38.4","pmil","0","59.850","deg","20.000","°C","100.000","%a.s.","26.990","deg","23.835","°C","1018.000","hPa","0.808","-0.065","0.00038","-0.00034","0","31","Humid","5.00","0","2500.00","34845.87","SADD0002000339 Box 1","ABF1.0.0.0","4.0.0.2353","PSt3","221014-001","6/4/2024 1:58:11 PM","0000-00","0","no battery","V","","µV","","µV"
"07/08/2024","16:13:58","1","default","166358087","001","6.266","min","243.290","μmol/L","Humid","24.476","deg","36240","µV","27.000","°C","1024.000","hPa","38.4","pmil","0","59.850","deg","20.000","°C","100.000","%a.s.","26.990","deg","23.835","°C","1018.000","hPa","0.808","-0.065","0.00038","-0.00034","0","31","Humid","5.00","0","2500.00","34853.29","SADD0002000339 Box 1","ABF1.0.0.0","4.0.0.2353","PSt3","221014-001","6/4/2024 1:58:11 PM","0000-00","0","no battery","V","","µV","","µV"
"07/08/2024","16:13:59","1","default","166358087","001","6.283","min","243.365","μmol/L","Humid","24.473","deg","36234","µV","27.000","°C","1024.000","hPa","38.4","pmil","0","59.850","deg","20.000","°C","100.000","%a.s.","26.990","deg","23.835","°C","1018.000","hPa","0.808","-0.065","0.00038","-0.00034","0","31","Humid","5.00","0","2500.00","34843.75","SADD0002000339 Box 1","ABF1.0.0.0","4.0.0.2353","PSt3","221014-001","6/4/2024 1:58:11 PM","0000-00","0","no battery","V","","µV","","µV"
"07/08/2024","16:14:00","1","default","166358087","001","6.300","min","243.564","μmol/L","Humid","24.465","deg","36244","µV","27.000","°C","1024.000","hPa","38.4","pmil","0","59.850","deg","20.000","°C","100.000","%a.s.","26.990","deg","23.835","°C","1018.000","hPa","0.808","-0.065","0.00038","-0.00034","0","31","Humid","5.00","0","2500.00","34851.64","SADD0002000339 Box 1","ABF1.0.0.0","4.0.0.2353","PSt3","221014-001","6/4/2024 1:58:11 PM","0000-00","0","no battery","V","","µV","","µV"
"07/08/2024","16:14:01","1","default","166358087","001","6.317","min","243.738","μmol/L","Humid","24.458","deg","36238","µV","27.000","°C","1024.000","hPa","38.4","pmil","0","59.850","deg","20.000","°C","100.000","%a.s.","26.990","deg","23.835","°C","1018.000","hPa","0.808","-0.065","0.00038","-0.00034","0","31","Humid","5.00","0","2500.00","34853.77","SADD0002000339 Box 1","ABF1.0.0.0","4.0.0.2353","PSt3","221014-001","6/4/2024 1:58:11 PM","0000-00","0","no battery","V","","µV","","µV"
"07/08/2024","16:14:02","1","default","166358087","001","6.333","min","243.340","μmol/L","Humid","24.474","deg","36236","µV","27.000","°C","1024.000","hPa","38.4","pmil","0","59.850","deg","20.000","°C","100.000","%a.s.","26.990","deg","23.835","°C","1018.000","hPa","0.808","-0.065","0.00038","-0.00034","0","31","Humid","5.00","0","2500.00","34847.59","SADD0002000339 Box 1","ABF1.0.0.0","4.0.0.2353","PSt3","221014-001","6/4/2024 1:58:11 PM","0000-00","0","no battery","V","","µV","","µV"
"07/08/2024","16:14:03","1","default","166358087","001","6.350","min","243.315","μmol/L","Humid","24.475","deg","36232","µV","27.000","°C","1024.000","hPa","38.4","pmil","0","59.850","deg","20.000","°C","100.000","%a.s.","26.990","deg","23.835","°C","1018.000","hPa","0.808","-0.065","0.00038","-0.00034","0","31","Humid","5.00","0","2500.00","34849.49","SADD0002000339 Box 1","ABF1.0.0.0","4.0.0.2353","PSt3","221014-001","6/4/2024 1:58:11 PM","0000-00","0","no battery","V","","µV","","µV"
"07/08/2024","16:14:04","1","default","166358087","001","6.367","min","243.265","μmol/L","Humid","24.477","deg","36236","µV","27.000","°C","1024.000","hPa","38.4","pmil","0","59.850","deg","20.000","°C","100.000","%a.s.","26.990","deg","23.835","°C","1018.000","hPa","0.808","-0.065","0.00038","-0.00034","0","31","Humid","5.00","0","2500.00","34848.54","SADD0002000339 Box 1","ABF1.0.0.0","4.0.0.2353","PSt3","221014-001","6/4/2024 1:58:11 PM","0000-00","0","no battery","V","","µV","","µV"
"07/08/2024","16:14:05","1","default","166358087","001","6.383","min","243.663","μmol/L","Humid","24.461","deg","36239","µV","27.000","°C","1024.000","hPa","38.4","pmil","0","59.850","deg","20.000","°C","100.000","%a.s.","26.990","deg","23.835","°C","1018.000","hPa","0.808","-0.065","0.00038","-0.00034","0","31","Humid","5.00","0","2500.00","34844.41","SADD0002000339 Box 1","ABF1.0.0.0","4.0.0.2353","PSt3","221014-001","6/4/2024 1:58:11 PM","0000-00","0","no battery","V","","µV","","µV"
"07/08/2024","16:14:06","1","default","166358087","001","6.400","min","243.564","μmol/L","Humid","24.465","deg","36242","µV","27.000","°C","1024.000","hPa","38.4","pmil","0","59.850","deg","20.000","°C","100.000","%a.s.","26.990","deg","23.835","°C","1018.000","hPa","0.808","-0.065","0.00038","-0.00034","0","31","Humid","5.00","0","2500.00","34854.02","SADD0002000339 Box 1","ABF1.0.0.0","4.0.0.2353","PSt3","221014-001","6/4/2024 1:58:11 PM","0000-00","0","no battery","V","","µV","","µV"
"07/08/2024","16:14:07","1","default","166358087","001","6.417","min","243.340","μmol/L","Humid","24.474","deg","36234","µV","27.000","°C","1024.000","hPa","38.4","pmil","0","59.850","deg","20.000","°C","100.000","%a.s.","26.990","deg","23.835","°C","1018.000","hPa","0.808","-0.065","0.00038","-0.00034","0","31","Humid","5.00","0","2500.00","34847.70","SADD0002000339 Box 1","ABF1.0.0.0","4.0.0.2353","PSt3","221014-001","6/4/2024 1:58:11 PM","0000-00","0","no battery","V","","µV","","µV"
"07/08/2024","16:14:08","1","default","166358087","001","6.434","min","243.191","μmol/L","Humid","24.480","deg","36233","µV","27.000","°C","1024.000","hPa","38.4","pmil","0","59.850","deg","20.000","°C","100.000","%a.s.","26.990","deg","23.835","°C","1018.000","hPa","0.808","-0.065","0.00038","-0.00034","0","31","Humid","5.00","0","2500.00","34851.56","SADD0002000339 Box 1","ABF1.0.0.0","4.0.0.2353","PSt3","221014-001","6/4/2024 1:58:11 PM","0000-00","0","no battery","V","","µV","","µV"
"07/08/2024","16:14:09","1","default","166358087","001","6.450","min","243.564","μmol/L","Humid","24.465","deg","36237","µV","27.000","°C","1024.000","hPa","38.4","pmil","0","59.850","deg","20.000","°C","100.000","%a.s.","26.990","deg","23.835","°C","1018.000","hPa","0.808","-0.065","0.00038","-0.00034","0","31","Humid","5.00","0","2500.00","34845.62","SADD0002000339 Box 1","ABF1.0.0.0","4.0.0.2353","PSt3","221014-001","6/4/2024 1:58:11 PM","0000-00","0","no battery","V","","µV","","µV"
"07/08/2024","16:14:10","1","default","166358087","001","6.467","min","243.414","μmol/L","Humid","24.471","deg","36237","µV","27.000","°C","1024.000","hPa","38.4","pmil","0","59.850","deg","20.000","°C","100.000","%a.s.","26.990","deg","23.835","°C","1018.000","hPa","0.808","-0.065","0.00038","-0.00034","0","31","Humid","5.00","0","2500.00","34850.54","SADD0002000339 Box 1","ABF1.0.0.0","4.0.0.2353","PSt3","221014-001","6/4/2024 1:58:11 PM","0000-00","0","no battery","V","","µV","","µV"
"07/08/2024","16:14:11","1","default","166358087","001","6.483","min","243.365","μmol/L","Humid","24.473","deg","36236","µV","27.000","°C","1024.000","hPa","38.4","pmil","0","59.850","deg","20.000","°C","100.000","%a.s.","26.990","deg","23.835","°C","1018.000","hPa","0.808","-0.065","0.00038","-0.00034","0","31","Humid","5.00","0","2500.00","34853.21","SADD0002000339 Box 1","ABF1.0.0.0","4.0.0.2353","PSt3","221014-001","6/4/2024 1:58:11 PM","0000-00","0","no battery","V","","µV","","µV"
"07/08/2024","16:14:12","1","default","166358087","001","6.500","min","243.166","μmol/L","Humid","24.481","deg","36237","µV","27.000","°C","1024.000","hPa","38.4","pmil","0","59.850","deg","20.000","°C","100.000","%a.s.","26.990","deg","23.835","°C","1018.000","hPa","0.808","-0.065","0.00038","-0.00034","0","31","Humid","5.00","0","2500.00","34848.27","SADD0002000339 Box 1","ABF1.0.0.0","4.0.0.2353","PSt3","221014-001","6/4/2024 1:58:11 PM","0000-00","0","no battery","V","","µV","","µV"
"07/08/2024","16:14:13","1","default","166358087","001","6.516","min","243.439","μmol/L","Humid","24.470","deg","36228","µV","27.000","°C","1024.000","hPa","38.4","pmil","0","59.850","deg","20.000","°C","100.000","%a.s.","26.990","deg","23.835","°C","1018.000","hPa","0.808","-0.065","0.00038","-0.00034","0","31","Humid","5.00","0","2500.00","34843.12","SADD0002000339 Box 1","ABF1.0.0.0","4.0.0.2353","PSt3","221014-001","6/4/2024 1:58:11 PM","0000-00","0","no battery","V","","µV","","µV"
"07/08/2024","16:14:14","1","default","166358087","001","6.533","min","243.564","μmol/L","Humid","24.465","deg","36232","µV","27.000","°C","1024.000","hPa","38.4","pmil","0","59.850","deg","20.000","°C","100.000","%a.s.","26.990","deg","23.835","°C","1018.000","hPa","0.808","-0.065","0.00038","-0.00034","0","31","Humid","5.00","0","2500.00","34846.18","SADD0002000339 Box 1","ABF1.0.0.0","4.0.0.2353","PSt3","221014-001","6/4/2024 1:58:11 PM","0000-00","0","no battery","V","","µV","","µV"
"07/08/2024","16:14:15","1","default","166358087","001","6.550","min","243.539","μmol/L","Humid","24.466","deg","36231","µV","27.000","°C","1024.000","hPa","38.4","pmil","0","59.850","deg","20.000","°C","100.000","%a.s.","26.990","deg","23.835","°C","1018.000","hPa","0.808","-0.065","0.00038","-0.00034","0","31","Humid","5.00","0","2500.00","34850.85","SADD0002000339 Box 1","ABF1.0.0.0","4.0.0.2353","PSt3","221014-001","6/4/2024 1:58:11 PM","0000-00","0","no battery","V","","µV","","µV"
"07/08/2024","16:14:16","1","default","166358087","001","6.566","min","243.663","μmol/L","Humid","24.461","deg","36231","µV","27.000","°C","1024.000","hPa","38.4","pmil","0","59.850","deg","20.000","°C","100.000","%a.s.","26.990","deg","23.835","°C","1018.000","hPa","0.808","-0.065","0.00038","-0.00034","0","31","Humid","5.00","0","2500.00","34847.08","SADD0002000339 Box 1","ABF1.0.0.0","4.0.0.2353","PSt3","221014-001","6/4/2024 1:58:11 PM","0000-00","0","no battery","V","","µV","","µV"
"07/08/2024","16:14:17","1","default","166358087","001","6.583","min","243.514","μmol/L","Humid","24.467","deg","36231","µV","27.000","°C","1024.000","hPa","38.4","pmil","0","59.850","deg","20.000","°C","100.000","%a.s.","26.990","deg","23.835","°C","1018.000","hPa","0.808","-0.065","0.00038","-0.00034","0","31","Humid","5.00","0","2500.00","34848.78","SADD0002000339 Box 1","ABF1.0.0.0","4.0.0.2353","PSt3","221014-001","6/4/2024 1:58:11 PM","0000-00","0","no battery","V","","µV","","µV"
"07/08/2024","16:14:18","1","default","166358087","001","6.600","min","243.514","μmol/L","Humid","24.467","deg","36238","µV","27.000","°C","1024.000","hPa","38.4","pmil","0","59.850","deg","20.000","°C","100.000","%a.s.","26.990","deg","23.835","°C","1018.000","hPa","0.808","-0.065","0.00038","-0.00034","0","31","Humid","5.00","0","2500.00","34847.50","SADD0002000339 Box 1","ABF1.0.0.0","4.0.0.2353","PSt3","221014-001","6/4/2024 1:58:11 PM","0000-00","0","no battery","V","","µV","","µV"
"07/08/2024","16:14:19","1","default","166358087","001","6.616","min","243.166","μmol/L","Humid","24.481","deg","36234","µV","27.000","°C","1024.000","hPa","38.4","pmil","0","59.850","deg","20.000","°C","100.000","%a.s.","26.990","deg","23.835","°C","1018.000","hPa","0.808","-0.065","0.00038","-0.00034","0","31","Humid","5.00","0","2500.00","34848.60","SADD0002000339 Box 1","ABF1.0.0.0","4.0.0.2353","PSt3","221014-001","6/4/2024 1:58:11 PM","0000-00","0","no battery","V","","µV","","µV"
"07/08/2024","16:14:20","1","default","166358087","001","6.633","min","243.191","μmol/L","Humid","24.480","deg","36241","µV","27.000","°C","1024.000","hPa","38.4","pmil","0","59.850","deg","20.000","°C","100.000","%a.s.","26.990","deg","23.835","°C","1018.000","hPa","0.808","-0.065","0.00038","-0.00034","0","31","Humid","5.00","0","2500.00","34855.01","SADD0002000339 Box 1","ABF1.0.0.0","4.0.0.2353","PSt3","221014-001","6/4/2024 1:58:11 PM","0000-00","0","no battery","V","","µV","","µV"
"07/08/2024","16:14:21","1","default","166358087","001","6.650","min","243.564","μmol/L","Humid","24.465","deg","36232","µV","27.000","°C","1024.000","hPa","38.4","pmil","0","59.850","deg","20.000","°C","100.000","%a.s.","26.990","deg","23.835","°C","1018.000","hPa","0.808","-0.065","0.00038","-0.00034","0","31","Humid","5.00","0","2500.00","34849.54","SADD0002000339 Box 1","ABF1.0.0.0","4.0.0.2353","PSt3","221014-001","6/4/2024 1:58:11 PM","0000-00","0","no battery","V","","µV","","µV"
"07/08/2024","16:14:22","1","default","166358087","001","6.666","min","243.315","μmol/L","Humid","24.475","deg","36233","µV","27.000","°C","1024.000","hPa","38.4","pmil","0","59.850","deg","20.000","°C","100.000","%a.s.","26.990","deg","23.835","°C","1018.000","hPa","0.808","-0.065","0.00038","-0.00034","0","31","Humid","5.00","0","2500.00","34849.86","SADD0002000339 Box 1","ABF1.0.0.0","4.0.0.2353","PSt3","221014-001","6/4/2024 1:58:11 PM","0000-00","0","no battery","V","","µV","","µV"
"07/08/2024","16:14:23","1","default","166358087","001","6.683","min","243.439","μmol/L","Humid","24.470","deg","36238","µV","27.000","°C","1024.000","hPa","38.4","pmil","0","59.850","deg","20.000","°C","100.000","%a.s.","26.990","deg","23.835","°C","1018.000","hPa","0.808","-0.065","0.00038","-0.00034","0","31","Humid","5.00","0","2500.00","34846.42","SADD0002000339 Box 1","ABF1.0.0.0","4.0.0.2353","PSt3","221014-001","6/4/2024 1:58:11 PM","0000-00","0","no battery","V","","µV","","µV"
"07/08/2024","16:14:24","1","default","166358087","001","6.700","min","243.365","μmol/L","Humid","24.473","deg","36235","µV","27.000","°C","1024.000","hPa","38.4","pmil","0","59.850","deg","20.000","°C","100.000","%a.s.","26.990","deg","23.835","°C","1018.000","hPa","0.808","-0.065","0.00038","-0.00034","0","31","Humid","5.00","0","2500.00","34844.13","SADD0002000339 Box 1","ABF1.0.0.0","4.0.0.2353","PSt3","221014-001","6/4/2024 1:58:11 PM","0000-00","0","no battery","V","","µV","","µV"
"07/08/2024","16:14:25","1","default","166358087","001","6.716","min","243.788","μmol/L","Humid","24.456","deg","36239","µV","27.000","°C","1024.000","hPa","38.4","pmil","0","59.850","deg","20.000","°C","100.000","%a.s.","26.990","deg","23.835","°C","1018.000","hPa","0.808","-0.065","0.00038","-0.00034","0","31","Humid","5.00","0","2500.00","34846.83","SADD0002000339 Box 1","ABF1.0.0.0","4.0.0.2353","PSt3","221014-001","6/4/2024 1:58:11 PM","0000-00","0","no battery","V","","µV","","µV"
"07/08/2024","16:14:26","1","default","166358087","001","6.733","min","243.788","μmol/L","Humid","24.456","deg","36232","µV","27.000","°C","1024.000","hPa","38.4","pmil","0","59.850","deg","20.000","°C","100.000","%a.s.","26.990","deg","23.835","°C","1018.000","hPa","0.808","-0.065","0.00038","-0.00034","0","31","Humid","5.00","0","2500.00","34846.90","SADD0002000339 Box 1","ABF1.0.0.0","4.0.0.2353","PSt3","221014-001","6/4/2024 1:58:11 PM","0000-00","0","no battery","V","","µV","","µV"
"07/08/2024","16:14:27","1","default","166358087","001","6.750","min","243.588","μmol/L","Humid","24.464","deg","36242","µV","27.000","°C","1024.000","hPa","38.4","pmil","0","59.850","deg","20.000","°C","100.000","%a.s.","26.990","deg","23.835","°C","1018.000","hPa","0.808","-0.065","0.00038","-0.00034","0","31","Humid","5.00","0","2500.00","34847.29","SADD0002000339 Box 1","ABF1.0.0.0","4.0.0.2353","PSt3","221014-001","6/4/2024 1:58:11 PM","0000-00","0","no battery","V","","µV","","µV"
"07/08/2024","16:14:28","1","default","166358087","001","6.766","min","243.464","μmol/L","Humid","24.469","deg","36236","µV","27.000","°C","1024.000","hPa","38.4","pmil","0","59.850","deg","20.000","°C","100.000","%a.s.","26.990","deg","23.835","°C","1018.000","hPa","0.808","-0.065","0.00038","-0.00034","0","31","Humid","5.00","0","2500.00","34844.40","SADD0002000339 Box 1","ABF1.0.0.0","4.0.0.2353","PSt3","221014-001","6/4/2024 1:58:11 PM","0000-00","0","no battery","V","","µV","","µV"
"07/08/2024","16:14:29","1","default","166358087","001","6.783","min","243.166","μmol/L","Humid","24.481","deg","36236","µV","27.000","°C","1024.000","hPa","38.4","pmil","0","59.850","deg","20.000","°C","100.000","%a.s.","26.990","deg","23.835","°C","1018.000","hPa","0.808","-0.065","0.00038","-0.00034","0","31","Humid","5.00","0","2500.00","34850.00","SADD0002000339 Box 1","ABF1.0.0.0","4.0.0.2353","PSt3","221014-001","6/4/2024 1:58:11 PM","0000-00","0","no battery","V","","µV","","µV"
"07/08/2024","16:14:30","1","default","166358087","001","6.800","min","243.613","μmol/L","Humid","24.463","deg","36234","µV","27.000","°C","1024.000","hPa","38.4","pmil","0","59.850","deg","20.000","°C","100.000","%a.s.","26.990","deg","23.835","°C","1018.000","hPa","0.808","-0.065","0.00038","-0.00034","0","31","Humid","5.00","0","2500.00","34854.59","SADD0002000339 Box 1","ABF1.0.0.0","4.0.0.2353","PSt3","221014-001","6/4/2024 1:58:11 PM","0000-00","0","no battery","V","","µV","","µV"
"07/08/2024","16:14:31","1","default","166358087","001","6.816","min","243.539","μmol/L","Humid","24.466","deg","36235","µV","27.000","°C","1024.000","hPa","38.4","pmil","0","59.850","deg","20.000","°C","100.000","%a.s.","26.990","deg","23.835","°C","1018.000","hPa","0.808","-0.065","0.00038","-0.00034","0","31","Humid","5.00","0","2500.00","34848.21","SADD0002000339 Box 1","ABF1.0.0.0","4.0.0.2353","PSt3","221014-001","6/4/2024 1:58:11 PM","0000-00","0","no battery","V","","µV","","µV"
"07/08/2024","16:14:32","1","default","166358087","001","6.833","min","243.141","μmol/L","Humid","24.482","deg","36240","µV","27.000","°C","1024.000","hPa","38.4","pmil","0","59.850","deg","20.000","°C","100.000","%a.s.","26.990","deg","23.835","°C","1018.000","hPa","0.808","-0.065","0.00038","-0.00034","0","31","Humid","5.00","0","2500.00","34853.32","SADD0002000339 Box 1","ABF1.0.0.0","4.0.0.2353","PSt3","221014-001","6/4/2024 1:58:11 PM","0000-00","0","no battery","V","","µV","","µV"
"07/08/2024","16:14:33","1","default","166358087","001","6.850","min","243.439","μmol/L","Humid","24.470","deg","36234","µV","27.000","°C","1024.000","hPa","38.4","pmil","0","59.850","deg","20.000","°C","100.000","%a.s.","26.990","deg","23.835","°C","1018.000","hPa","0.808","-0.065","0.00038","-0.00034","0","31","Humid","5.00","0","2500.00","34845.21","SADD0002000339 Box 1","ABF1.0.0.0","4.0.0.2353","PSt3","221014-001","6/4/2024 1:58:11 PM","0000-00","0","no battery","V","","µV","","µV"
"07/08/2024","16:14:34","1","default","166358087","001","6.867","min","243.414","μmol/L","Humid","24.471","deg","36235","µV","27.000","°C","1024.000","hPa","38.4","pmil","0","59.850","deg","20.000","°C","100.000","%a.s.","26.990","deg","23.835","°C","1018.000","hPa","0.808","-0.065","0.00038","-0.00034","0","31","Humid","5.00","0","2500.00","34842.79","SADD0002000339 Box 1","ABF1.0.0.0","4.0.0.2353","PSt3","221014-001","6/4/2024 1:58:11 PM","0000-00","0","no battery","V","","µV","","µV"
"07/08/2024","16:14:35","1","default","166358087","001","6.883","min","243.340","μmol/L","Humid","24.474","deg","36233","µV","27.000","°C","1024.000","hPa","38.4","pmil","0","59.850","deg","20.000","°C","100.000","%a.s.","26.990","deg","23.835","°C","1018.000","hPa","0.808","-0.065","0.00038","-0.00034","0","31","Humid","5.00","0","2500.00","34851.41","SADD0002000339 Box 1","ABF1.0.0.0","4.0.0.2353","PSt3","221014-001","6/4/2024 1:58:11 PM","0000-00","0","no battery","V","","µV","","µV"
"07/08/2024","16:14:36","1","default","166358087","001","6.900","min","243.265","μmol/L","Humid","24.477","deg","36233","µV","27.000","°C","1024.000","hPa","38.4","pmil","0","59.850","deg","20.000","°C","100.000","%a.s.","26.990","deg","23.835","°C","1018.000","hPa","0.808","-0.065","0.00038","-0.00034","0","31","Humid","5.00","0","2500.00","34845.36","SADD0002000339 Box 1","ABF1.0.0.0","4.0.0.2353","PSt3","221014-001","6/4/2024 1:58:11 PM","0000-00","0","no battery","V","","µV","","µV"
"07/08/2024","16:14:37","1","default","166358087","001","6.917","min","243.414","μmol/L","Humid","24.471","deg","36234","µV","27.000","°C","1024.000","hPa","38.4","pmil","0","59.850","deg","20.000","°C","100.000","%a.s.","26.990","deg","23.835","°C","1018.000","hPa","0.808","-0.065","0.00038","-0.00034","0","31","Humid","5.00","0","2500.00","34845.85","SADD0002000339 Box 1","ABF1.0.0.0","4.0.0.2353","PSt3","221014-001","6/4/2024 1:58:11 PM","0000-00","0","no battery","V","","µV","","µV"
"07/08/2024","16:14:38","1","default","166358087","001","6.933","min","243.464","μmol/L","Humid","24.469","deg","36231","µV","27.000","°C","1024.000","hPa","38.4","pmil","0","59.850","deg","20.000","°C","100.000","%a.s.","26.990","deg","23.835","°C","1018.000","hPa","0.808","-0.065","0.00038","-0.00034","0","31","Humid","5.00","0","2500.00","34850.26","SADD0002000339 Box 1","ABF1.0.0.0","4.0.0.2353","PSt3","221014-001","6/4/2024 1:58:11 PM","0000-00","0","no battery","V","","µV","","µV"
"07/08/2024","16:14:39","1","default","166358087","001","6.950","min","243.191","μmol/L","Humid","24.480","deg","36231","µV","27.000","°C","1024.000","hPa","38.4","pmil","0","59.850","deg","20.000","°C","100.000","%a.s.","26.990","deg","23.835","°C","1018.000","hPa","0.808","-0.065","0.00038","-0.00034","0","31","Humid","5.00","0","2500.00","34848.99","SADD0002000339 Box 1","ABF1.0.0.0","4.0.0.2353","PSt3","221014-001","6/4/2024 1:58:11 PM","0000-00","0","no battery","V","","µV","","µV"
"07/08/2024","16:14:40","1","default","166358087","001","6.966","min","243.191","μmol/L","Humid","24.480","deg","36233","µV","27.000","°C","1024.000","hPa","38.4","pmil","0","59.850","deg","20.000","°C","100.000","%a.s.","26.990","deg","23.835","°C","1018.000","hPa","0.808","-0.065","0.00038","-0.00034","0","31","Humid","5.00","0","2500.00","34851.13","SADD0002000339 Box 1","ABF1.0.0.0","4.0.0.2353","PSt3","221014-001","6/4/2024 1:58:11 PM","0000-00","0","no battery","V","","µV","","µV"
"07/08/2024","16:14:41","1","default","166358087","001","6.983","min","243.414","μmol/L","Humid","24.471","deg","36234","µV","27.000","°C","1024.000","hPa","38.4","pmil","0","59.850","deg","20.000","°C","100.000","%a.s.","26.990","deg","23.835","°C","1018.000","hPa","0.808","-0.065","0.00038","-0.00034","0","31","Humid","5.00","0","2500.00","34845.93","SADD0002000339 Box 1","ABF1.0.0.0","4.0.0.2353","PSt3","221014-001","6/4/2024 1:58:11 PM","0000-00","0","no battery","V","","µV","","µV"
"07/08/2024","16:14:42","1","default","166358087","001","7.000","min","243.365","μmol/L","Humid","24.473","deg","36235","µV","27.000","°C","1024.000","hPa","38.4","pmil","0","59.850","deg","20.000","°C","100.000","%a.s.","26.990","deg","23.835","°C","1018.000","hPa","0.808","-0.065","0.00038","-0.00034","0","31","Humid","5.00","0","2500.00","34844.82","SADD0002000339 Box 1","ABF1.0.0.0","4.0.0.2353","PSt3","221014-001","6/4/2024 1:58:11 PM","0000-00","0","no battery","V","","µV","","µV"
"07/08/2024","16:14:43","1","default","166358087","001","7.016","min","243.340","μmol/L","Humid","24.474","deg","36231","µV","27.000","°C","1024.000","hPa","38.4","pmil","0","59.850","deg","20.000","°C","100.000","%a.s.","26.990","deg","23.835","°C","1018.000","hPa","0.808","-0.065","0.00038","-0.00034","0","31","Humid","5.00","0","2500.00","34844.92","SADD0002000339 Box 1","ABF1.0.0.0","4.0.0.2353","PSt3","221014-001","6/4/2024 1:58:11 PM","0000-00","0","no battery","V","","µV","","µV"
"07/08/2024","16:14:44","1","default","166358087","001","7.033","min","243.564","μmol/L","Humid","24.465","deg","36228","µV","27.000","°C","1024.000","hPa","38.4","pmil","0","59.850","deg","20.000","°C","100.000","%a.s.","26.990","deg","23.835","°C","1018.000","hPa","0.808","-0.065","0.00038","-0.00034","0","31","Humid","5.00","0","2500.00","34847.32","SADD0002000339 Box 1","ABF1.0.0.0","4.0.0.2353","PSt3","221014-001","6/4/2024 1:58:11 PM","0000-00","0","no battery","V","","µV","","µV"
"07/08/2024","16:14:45","1","default","166358087","001","7.049","min","243.539","μmol/L","Humid","24.466","deg","36239","µV","27.000","°C","1024.000","hPa","38.4","pmil","0","59.850","deg","20.000","°C","100.000","%a.s.","26.990","deg","23.835","°C","1018.000","hPa","0.808","-0.065","0.00038","-0.00034","0","31","Humid","5.00","0","2500.00","34842.50","SADD0002000339 Box 1","ABF1.0.0.0","4.0.0.2353","PSt3","221014-001","6/4/2024 1:58:11 PM","0000-00","0","no battery","V","","µV","","µV"
"07/08/2024","16:14:46","1","default","166358087","001","7.066","min","243.713","μmol/L","Humid","24.459","deg","36230","µV","27.000","°C","1024.000","hPa","38.4","pmil","0","59.850","deg","20.000","°C","100.000","%a.s.","26.990","deg","23.835","°C","1018.000","hPa","0.808","-0.065","0.00038","-0.00034","0","31","Humid","5.00","0","2500.00","34841.59","SADD0002000339 Box 1","ABF1.0.0.0","4.0.0.2353","PSt3","221014-001","6/4/2024 1:58:11 PM","0000-00","0","no battery","V","","µV","","µV"
"07/08/2024","16:14:47","1","default","166358087","001","7.083","min","243.439","μmol/L","Humid","24.470","deg","36228","µV","27.000","°C","1024.000","hPa","38.4","pmil","0","59.850","deg","20.000","°C","100.000","%a.s.","26.990","deg","23.835","°C","1018.000","hPa","0.808","-0.065","0.00038","-0.00034","0","31","Humid","5.00","0","2500.00","34846.30","SADD0002000339 Box 1","ABF1.0.0.0","4.0.0.2353","PSt3","221014-001","6/4/2024 1:58:11 PM","0000-00","0","no battery","V","","µV","","µV"
"07/08/2024","16:14:48","1","default","166358087","001","7.100","min","243.464","μmol/L","Humid","24.469","deg","36237","µV","27.000","°C","1024.000","hPa","38.4","pmil","0","59.850","deg","20.000","°C","100.000","%a.s.","26.990","deg","23.835","°C","1018.000","hPa","0.808","-0.065","0.00038","-0.00034","0","31","Humid","5.00","0","2500.00","34848.36","SADD0002000339 Box 1","ABF1.0.0.0","4.0.0.2353","PSt3","221014-001","6/4/2024 1:58:11 PM","0000-00","0","no battery","V","","µV","","µV"
"07/08/2024","16:14:49","1","default","166358087","001","7.116","min","243.564","μmol/L","Humid","24.465","deg","36233","µV","27.000","°C","1024.000","hPa","38.4","pmil","0","59.850","deg","20.000","°C","100.000","%a.s.","26.990","deg","23.835","°C","1018.000","hPa","0.808","-0.065","0.00038","-0.00034","0","31","Humid","5.00","0","2500.00","34845.73","SADD0002000339 Box 1","ABF1.0.0.0","4.0.0.2353","PSt3","221014-001","6/4/2024 1:58:11 PM","0000-00","0","no battery","V","","µV","","µV"
"07/08/2024","16:14:50","1","default","166358087","001","7.133","min","243.439","μmol/L","Humid","24.470","deg","36233","µV","27.000","°C","1024.000","hPa","38.4","pmil","0","59.850","deg","20.000","°C","100.000","%a.s.","26.990","deg","23.835","°C","1018.000","hPa","0.808","-0.065","0.00038","-0.00034","0","31","Humid","5.00","0","2500.00","34846.48","SADD0002000339 Box 1","ABF1.0.0.0","4.0.0.2353","PSt3","221014-001","6/4/2024 1:58:11 PM","0000-00","0","no battery","V","","µV","","µV"
"07/08/2024","16:14:51","1","default","166358087","001","7.150","min","243.340","μmol/L","Humid","24.474","deg","36229","µV","27.000","°C","1024.000","hPa","38.4","pmil","0","59.850","deg","20.000","°C","100.000","%a.s.","26.990","deg","23.835","°C","1018.000","hPa","0.808","-0.065","0.00038","-0.00034","0","31","Humid","5.00","0","2500.00","34845.47","SADD0002000339 Box 1","ABF1.0.0.0","4.0.0.2353","PSt3","221014-001","6/4/2024 1:58:11 PM","0000-00","0","no battery","V","","µV","","µV"
"07/08/2024","16:14:52","1","default","166358087","001","7.166","min","243.141","μmol/L","Humid","24.482","deg","36229","µV","27.000","°C","1024.000","hPa","38.4","pmil","0","59.850","deg","20.000","°C","100.000","%a.s.","26.990","deg","23.835","°C","1018.000","hPa","0.808","-0.065","0.00038","-0.00034","0","31","Humid","5.00","0","2500.00","34846.68","SADD0002000339 Box 1","ABF1.0.0.0","4.0.0.2353","PSt3","221014-001","6/4/2024 1:58:11 PM","0000-00","0","no battery","V","","µV","","µV"
"07/08/2024","16:14:53","1","default","166358087","001","7.183","min","243.489","μmol/L","Humid","24.468","deg","36226","µV","27.000","°C","1024.000","hPa","38.4","pmil","0","59.850","deg","20.000","°C","100.000","%a.s.","26.990","deg","23.835","°C","1018.000","hPa","0.808","-0.065","0.00038","-0.00034","0","31","Humid","5.00","0","2500.00","34849.38","SADD0002000339 Box 1","ABF1.0.0.0","4.0.0.2353","PSt3","221014-001","6/4/2024 1:58:11 PM","0000-00","0","no battery","V","","µV","","µV"
"07/08/2024","16:14:54","1","default","166358087","001","7.200","min","243.912","μmol/L","Humid","24.451","deg","36222","µV","27.000","°C","1024.000","hPa","38.4","pmil","0","59.850","deg","20.000","°C","100.000","%a.s.","26.990","deg","23.835","°C","1018.000","hPa","0.808","-0.065","0.00038","-0.00034","0","31","Humid","5.00","0","2500.00","34846.82","SADD0002000339 Box 1","ABF1.0.0.0","4.0.0.2353","PSt3","221014-001","6/4/2024 1:58:11 PM","0000-00","0","no battery","V","","µV","","µV"
"07/08/2024","16:14:55","1","default","166358087","001","7.216","min","243.340","μmol/L","Humid","24.474","deg","36220","µV","27.000","°C","1024.000","hPa","38.4","pmil","0","59.850","deg","20.000","°C","100.000","%a.s.","26.990","deg","23.835","°C","1018.000","hPa","0.808","-0.065","0.00038","-0.00034","0","31","Humid","5.00","0","2500.00","34849.36","SADD0002000339 Box 1","ABF1.0.0.0","4.0.0.2353","PSt3","221014-001","6/4/2024 1:58:11 PM","0000-00","0","no battery","V","","µV","","µV"
"07/08/2024","16:14:56","1","default","166358087","001","7.233","min","243.464","μmol/L","Humid","24.469","deg","36227","µV","27.000","°C","1024.000","hPa","38.4","pmil","0","59.850","deg","20.000","°C","100.000","%a.s.","26.990","deg","23.835","°C","1018.000","hPa","0.808","-0.065","0.00038","-0.00034","0","31","Humid","5.00","0","2500.00","34847.15","SADD0002000339 Box 1","ABF1.0.0.0","4.0.0.2353","PSt3","221014-001","6/4/2024 1:58:11 PM","0000-00","0","no battery","V","","µV","","µV"
"07/08/2024","16:14:57","1","default","166358087","001","7.250","min","243.389","μmol/L","Humid","24.472","deg","36228","µV","27.000","°C","1024.000","hPa","38.4","pmil","0","59.850","deg","20.000","°C","100.000","%a.s.","26.990","deg","23.835","°C","1018.000","hPa","0.808","-0.065","0.00038","-0.00034","0","31","Humid","5.00","0","2500.00","34845.61","SADD0002000339 Box 1","ABF1.0.0.0","4.0.0.2353","PSt3","221014-001","6/4/2024 1:58:11 PM","0000-00","0","no battery","V","","µV","","µV"
"07/08/2024","16:14:58","1","default","166358087","001","7.266","min","243.663","μmol/L","Humid","24.461","deg","36223","µV","27.000","°C","1024.000","hPa","38.4","pmil","0","59.850","deg","20.000","°C","100.000","%a.s.","26.990","deg","23.835","°C","1018.000","hPa","0.808","-0.065","0.00038","-0.00034","0","31","Humid","5.00","0","2500.00","34844.27","SADD0002000339 Box 1","ABF1.0.0.0","4.0.0.2353","PSt3","221014-001","6/4/2024 1:58:11 PM","0000-00","0","no battery","V","","µV","","µV"
"07/08/2024","16:14:59","1","default","166358087","001","7.283","min","243.389","μmol/L","Humid","24.472","deg","36219","µV","27.000","°C","1024.000","hPa","38.4","pmil","0","59.850","deg","20.000","°C","100.000","%a.s.","26.990","deg","23.835","°C","1018.000","hPa","0.808","-0.065","0.00038","-0.00034","0","31","Humid","5.00","0","2500.00","34852.79","SADD0002000339 Box 1","ABF1.0.0.0","4.0.0.2353","PSt3","221014-001","6/4/2024 1:58:11 PM","0000-00","0","no battery","V","","µV","","µV"
"07/08/2024","16:15:00","1","default","166358087","001","7.300","min","243.240","μmol/L","Humid","24.478","deg","36224","µV","27.000","°C","1024.000","hPa","38.4","pmil","0","59.850","deg","20.000","°C","100.000","%a.s.","26.990","deg","23.835","°C","1018.000","hPa","0.808","-0.065","0.00038","-0.00034","0","31","Humid","5.00","0","2500.00","34847.62","SADD0002000339 Box 1","ABF1.0.0.0","4.0.0.2353","PSt3","221014-001","6/4/2024 1:58:11 PM","0000-00","0","no battery","V","","µV","","µV"
"07/08/2024","16:15:01","1","default","166358087","001","7.316","min","243.464","μmol/L","Humid","24.469","deg","36226","µV","27.000","°C","1024.000","hPa","38.4","pmil","0","59.850","deg","20.000","°C","100.000","%a.s.","26.990","deg","23.835","°C","1018.000","hPa","0.808","-0.065","0.00038","-0.00034","0","31","Humid","5.00","0","2500.00","34849.64","SADD0002000339 Box 1","ABF1.0.0.0","4.0.0.2353","PSt3","221014-001","6/4/2024 1:58:11 PM","0000-00","0","no battery","V","","µV","","µV"
"07/08/2024","16:15:02","1","default","166358087","001","7.333","min","243.464","μmol/L","Humid","24.469","deg","36222","µV","27.000","°C","1024.000","hPa","38.4","pmil","0","59.850","deg","20.000","°C","100.000","%a.s.","26.990","deg","23.835","°C","1018.000","hPa","0.808","-0.065","0.00038","-0.00034","0","31","Humid","5.00","0","2500.00","34845.99","SADD0002000339 Box 1","ABF1.0.0.0","4.0.0.2353","PSt3","221014-001","6/4/2024 1:58:11 PM","0000-00","0","no battery","V","","µV","","µV"
"07/08/2024","16:15:03","1","default","166358087","001","7.350","min","243.788","μmol/L","Humid","24.456","deg","36220","µV","27.000","°C","1024.000","hPa","38.4","pmil","0","59.850","deg","20.000","°C","100.000","%a.s.","26.990","deg","23.835","°C","1018.000","hPa","0.808","-0.065","0.00038","-0.00034","0","31","Humid","5.00","0","2500.00","34842.60","SADD0002000339 Box 1","ABF1.0.0.0","4.0.0.2353","PSt3","221014-001","6/4/2024 1:58:11 PM","0000-00","0","no battery","V","","µV","","µV"
"07/08/2024","16:15:04","1","default","166358087","001","7.366","min","243.290","μmol/L","Humid","24.476","deg","36226","µV","27.000","°C","1024.000","hPa","38.4","pmil","0","59.850","deg","20.000","°C","100.000","%a.s.","26.990","deg","23.835","°C","1018.000","hPa","0.808","-0.065","0.00038","-0.00034","0","31","Humid","5.00","0","2500.00","34843.51","SADD0002000339 Box 1","ABF1.0.0.0","4.0.0.2353","PSt3","221014-001","6/4/2024 1:58:11 PM","0000-00","0","no battery","V","","µV","","µV"
"07/08/2024","16:15:05","1","default","166358087","001","7.383","min","243.688","μmol/L","Humid","24.460","deg","36221","µV","27.000","°C","1024.000","hPa","38.4","pmil","0","59.850","deg","20.000","°C","100.000","%a.s.","26.990","deg","23.835","°C","1018.000","hPa","0.808","-0.065","0.00038","-0.00034","0","31","Humid","5.00","0","2500.00","34846.17","SADD0002000339 Box 1","ABF1.0.0.0","4.0.0.2353","PSt3","221014-001","6/4/2024 1:58:11 PM","0000-00","0","no battery","V","","µV","","µV"
"07/08/2024","16:15:06","1","default","166358087","001","7.400","min","243.813","μmol/L","Humid","24.455","deg","36220","µV","27.000","°C","1024.000","hPa","38.4","pmil","0","59.850","deg","20.000","°C","100.000","%a.s.","26.990","deg","23.835","°C","1018.000","hPa","0.808","-0.065","0.00038","-0.00034","0","31","Humid","5.00","0","2500.00","34852.56","SADD0002000339 Box 1","ABF1.0.0.0","4.0.0.2353","PSt3","221014-001","6/4/2024 1:58:11 PM","0000-00","0","no battery","V","","µV","","µV"
"07/08/2024","16:15:07","1","default","166358087","001","7.416","min","243.290","μmol/L","Humid","24.476","deg","36220","µV","27.000","°C","1024.000","hPa","38.4","pmil","0","59.850","deg","20.000","°C","100.000","%a.s.","26.990","deg","23.835","°C","1018.000","hPa","0.808","-0.065","0.00038","-0.00034","0","31","Humid","5.00","0","2500.00","34845.65","SADD0002000339 Box 1","ABF1.0.0.0","4.0.0.2353","PSt3","221014-001","6/4/2024 1:58:11 PM","0000-00","0","no battery","V","","µV","","µV"
"07/08/2024","16:15:08","1","default","166358087","001","7.433","min","243.389","μmol/L","Humid","24.472","deg","36213","µV","27.000","°C","1024.000","hPa","38.4","pmil","0","59.850","deg","20.000","°C","100.000","%a.s.","26.990","deg","23.835","°C","1018.000","hPa","0.808","-0.065","0.00038","-0.00034","0","31","Humid","5.00","0","2500.00","34847.99","SADD0002000339 Box 1","ABF1.0.0.0","4.0.0.2353","PSt3","221014-001","6/4/2024 1:58:11 PM","0000-00","0","no battery","V","","µV","","µV"
"07/08/2024","16:15:09","1","default","166358087","001","7.450","min","243.713","μmol/L","Humid","24.459","deg","36211","µV","27.000","°C","1024.000","hPa","38.4","pmil","0","59.850","deg","20.000","°C","100.000","%a.s.","26.990","deg","23.835","°C","1018.000","hPa","0.808","-0.065","0.00038","-0.00034","0","31","Humid","5.00","0","2500.00","34847.38","SADD0002000339 Box 1","ABF1.0.0.0","4.0.0.2353","PSt3","221014-001","6/4/2024 1:58:11 PM","0000-00","0","no battery","V","","µV","","µV"
"07/08/2024","16:15:10","1","default","166358087","001","7.466","min","243.588","μmol/L","Humid","24.464","deg","36210","µV","27.000","°C","1024.000","hPa","38.4","pmil","0","59.850","deg","20.000","°C","100.000","%a.s.","26.990","deg","23.835","°C","1018.000","hPa","0.808","-0.065","0.00038","-0.00034","0","31","Humid","5.00","0","2500.00","34850.69","SADD0002000339 Box 1","ABF1.0.0.0","4.0.0.2353","PSt3","221014-001","6/4/2024 1:58:11 PM","0000-00","0","no battery","V","","µV","","µV"
"07/08/2024","16:15:11","1","default","166358087","001","7.483","min","243.738","μmol/L","Humid","24.458","deg","36206","µV","27.000","°C","1024.000","hPa","38.4","pmil","0","59.850","deg","20.000","°C","100.000","%a.s.","26.990","deg","23.835","°C","1018.000","hPa","0.808","-0.065","0.00038","-0.00034","0","31","Humid","5.00","0","2500.00","34848.20","SADD0002000339 Box 1","ABF1.0.0.0","4.0.0.2353","PSt3","221014-001","6/4/2024 1:58:11 PM","0000-00","0","no battery","V","","µV","","µV"
"07/08/2024","16:15:12","1","default","166358087","001","7.500","min","243.788","μmol/L","Humid","24.456","deg","36202","µV","27.000","°C","1024.000","hPa","38.4","pmil","0","59.850","deg","20.000","°C","100.000","%a.s.","26.990","deg","23.835","°C","1018.000","hPa","0.808","-0.065","0.00038","-0.00034","0","31","Humid","5.00","0","2500.00","34844.76","SADD0002000339 Box 1","ABF1.0.0.0","4.0.0.2353","PSt3","221014-001","6/4/2024 1:58:11 PM","0000-00","0","no battery","V","","µV","","µV"
"07/08/2024","16:15:13","1","default","166358087","001","7.516","min","243.663","μmol/L","Humid","24.461","deg","36202","µV","27.000","°C","1024.000","hPa","38.4","pmil","0","59.850","deg","20.000","°C","100.000","%a.s.","26.990","deg","23.835","°C","1018.000","hPa","0.808","-0.065","0.00038","-0.00034","0","31","Humid","5.00","0","2500.00","34851.42","SADD0002000339 Box 1","ABF1.0.0.0","4.0.0.2353","PSt3","221014-001","6/4/2024 1:58:11 PM","0000-00","0","no battery","V","","µV","","µV"
"07/08/2024","16:15:14","1","default","166358087","001","7.534","min","243.638","μmol/L","Humid","24.462","deg","36200","µV","27.000","°C","1024.000","hPa","38.4","pmil","0","59.850","deg","20.000","°C","100.000","%a.s.","26.990","deg","23.835","°C","1018.000","hPa","0.808","-0.065","0.00038","-0.00034","0","31","Humid","5.00","0","2500.00","34851.21","SADD0002000339 Box 1","ABF1.0.0.0","4.0.0.2353","PSt3","221014-001","6/4/2024 1:58:11 PM","0000-00","0","no battery","V","","µV","","µV"
"07/08/2024","16:15:15","1","default","166358087","001","7.550","min","243.887","μmol/L","Humid","24.452","deg","36199","µV","27.000","°C","1024.000","hPa","38.4","pmil","0","59.850","deg","20.000","°C","100.000","%a.s.","26.990","deg","23.835","°C","1018.000","hPa","0.808","-0.065","0.00038","-0.00034","0","31","Humid","5.00","0","2500.00","34849.91","SADD0002000339 Box 1","ABF1.0.0.0","4.0.0.2353","PSt3","221014-001","6/4/2024 1:58:11 PM","0000-00","0","no battery","V","","µV","","µV"
"07/08/2024","16:15:16","1","default","166358087","001","7.567","min","243.688","μmol/L","Humid","24.460","deg","36195","µV","27.000","°C","1024.000","hPa","38.4","pmil","0","59.850","deg","20.000","°C","100.000","%a.s.","26.990","deg","23.835","°C","1018.000","hPa","0.808","-0.065","0.00038","-0.00034","0","31","Humid","5.00","0","2500.00","34847.59","SADD0002000339 Box 1","ABF1.0.0.0","4.0.0.2353","PSt3","221014-001","6/4/2024 1:58:11 PM","0000-00","0","no battery","V","","µV","","µV"
"07/08/2024","16:15:17","1","default","166358087","001","7.583","min","244.037","μmol/L","Humid","24.446","deg","36196","µV","27.000","°C","1024.000","hPa","38.4","pmil","0","59.850","deg","20.000","°C","100.000","%a.s.","26.990","deg","23.835","°C","1018.000","hPa","0.808","-0.065","0.00038","-0.00034","0","31","Humid","5.00","0","2500.00","34850.82","SADD0002000339 Box 1","ABF1.0.0.0","4.0.0.2353","PSt3","221014-001","6/4/2024 1:58:11 PM","0000-00","0","no battery","V","","µV","","µV"
"07/08/2024","16:15:18","1","default","166358087","001","7.600","min","243.688","μmol/L","Humid","24.460","deg","36198","µV","27.000","°C","1024.000","hPa","38.4","pmil","0","59.850","deg","20.000","°C","100.000","%a.s.","26.990","deg","23.835","°C","1018.000","hPa","0.808","-0.065","0.00038","-0.00034","0","31","Humid","5.00","0","2500.00","34852.49","SADD0002000339 Box 1","ABF1.0.0.0","4.0.0.2353","PSt3","221014-001","6/4/2024 1:58:11 PM","0000-00","0","no battery","V","","µV","","µV"
"07/08/2024","16:15:19","1","default","166358087","001","7.617","min","243.738","μmol/L","Humid","24.458","deg","36193","µV","27.000","°C","1024.000","hPa","38.4","pmil","0","59.850","deg","20.000","°C","100.000","%a.s.","26.990","deg","23.835","°C","1018.000","hPa","0.808","-0.065","0.00038","-0.00034","0","31","Humid","5.00","0","2500.00","34848.20","SADD0002000339 Box 1","ABF1.0.0.0","4.0.0.2353","PSt3","221014-001","6/4/2024 1:58:11 PM","0000-00","0","no battery","V","","µV","","µV"
"07/08/2024","16:15:20","1","default","166358087","001","7.633","min","243.862","μmol/L","Humid","24.453","deg","36192","µV","27.000","°C","1024.000","hPa","38.4","pmil","0","59.850","deg","20.000","°C","100.000","%a.s.","26.990","deg","23.835","°C","1018.000","hPa","0.808","-0.065","0.00038","-0.00034","0","31","Humid","5.00","0","2500.00","34846.42","SADD0002000339 Box 1","ABF1.0.0.0","4.0.0.2353","PSt3","221014-001","6/4/2024 1:58:11 PM","0000-00","0","no battery","V","","µV","","µV"
"07/08/2024","16:15:21","1","default","166358087","001","7.650","min","243.539","μmol/L","Humid","24.466","deg","36186","µV","27.000","°C","1024.000","hPa","38.4","pmil","0","59.850","deg","20.000","°C","100.000","%a.s.","26.990","deg","23.835","°C","1018.000","hPa","0.808","-0.065","0.00038","-0.00034","0","31","Humid","5.00","0","2500.00","34847.83","SADD0002000339 Box 1","ABF1.0.0.0","4.0.0.2353","PSt3","221014-001","6/4/2024 1:58:11 PM","0000-00","0","no battery","V","","µV","","µV"
"07/08/2024","16:15:22","1","default","166358087","001","7.667","min","243.862","μmol/L","Humid","24.453","deg","36189","µV","27.000","°C","1024.000","hPa","38.4","pmil","0","59.850","deg","20.000","°C","100.000","%a.s.","26.990","deg","23.835","°C","1018.000","hPa","0.808","-0.065","0.00038","-0.00034","0","31","Humid","5.00","0","2500.00","34852.54","SADD0002000339 Box 1","ABF1.0.0.0","4.0.0.2353","PSt3","221014-001","6/4/2024 1:58:11 PM","0000-00","0","no battery","V","","µV","","µV"
"07/08/2024","16:15:23","1","default","166358087","001","7.683","min","243.738","μmol/L","Humid","24.458","deg","36186","µV","27.000","°C","1024.000","hPa","38.4","pmil","0","59.850","deg","20.000","°C","100.000","%a.s.","26.990","deg","23.835","°C","1018.000","hPa","0.808","-0.065","0.00038","-0.00034","0","31","Humid","5.00","0","2500.00","34845.07","SADD0002000339 Box 1","ABF1.0.0.0","4.0.0.2353","PSt3","221014-001","6/4/2024 1:58:11 PM","0000-00","0","no battery","V","","µV","","µV"
"07/08/2024","16:15:24","1","default","166358087","001","7.700","min","244.012","μmol/L","Humid","24.447","deg","36189","µV","27.000","°C","1024.000","hPa","38.4","pmil","0","59.850","deg","20.000","°C","100.000","%a.s.","26.990","deg","23.835","°C","1018.000","hPa","0.808","-0.065","0.00038","-0.00034","0","31","Humid","5.00","0","2500.00","34845.97","SADD0002000339 Box 1","ABF1.0.0.0","4.0.0.2353","PSt3","221014-001","6/4/2024 1:58:11 PM","0000-00","0","no battery","V","","µV","","µV"
"07/08/2024","16:15:25","1","default","166358087","001","7.717","min","244.087","μmol/L","Humid","24.444","deg","36184","µV","27.000","°C","1024.000","hPa","38.4","pmil","0","59.850","deg","20.000","°C","100.000","%a.s.","26.990","deg","23.835","°C","1018.000","hPa","0.808","-0.065","0.00038","-0.00034","0","31","Humid","5.00","0","2500.00","34846.34","SADD0002000339 Box 1","ABF1.0.0.0","4.0.0.2353","PSt3","221014-001","6/4/2024 1:58:11 PM","0000-00","0","no battery","V","","µV","","µV"
"07/08/2024","16:15:26","1","default","166358087","001","7.733","min","243.838","μmol/L","Humid","24.454","deg","36174","µV","27.000","°C","1024.000","hPa","38.4","pmil","0","59.850","deg","20.000","°C","100.000","%a.s.","26.990","deg","23.835","°C","1018.000","hPa","0.808","-0.065","0.00038","-0.00034","0","31","Humid","5.00","0","2500.00","34846.97","SADD0002000339 Box 1","ABF1.0.0.0","4.0.0.2353","PSt3","221014-001","6/4/2024 1:58:11 PM","0000-00","0","no battery","V","","µV","","µV"
"07/08/2024","16:15:27","1","default","166358087","001","7.750","min","243.588","μmol/L","Humid","24.464","deg","36178","µV","27.000","°C","1024.000","hPa","38.4","pmil","0","59.850","deg","20.000","°C","100.000","%a.s.","26.990","deg","23.835","°C","1018.000","hPa","0.808","-0.065","0.00038","-0.00034","0","31","Humid","5.00","0","2500.00","34848.49","SADD0002000339 Box 1","ABF1.0.0.0","4.0.0.2353","PSt3","221014-001","6/4/2024 1:58:11 PM","0000-00","0","no battery","V","","µV","","µV"
"07/08/2024","16:15:28","1","default","166358087","001","7.767","min","244.012","μmol/L","Humid","24.447","deg","36178","µV","27.000","°C","1024.000","hPa","38.4","pmil","0","59.850","deg","20.000","°C","100.000","%a.s.","26.990","deg","23.835","°C","1018.000","hPa","0.808","-0.065","0.00038","-0.00034","0","31","Humid","5.00","0","2500.00","34848.52","SADD0002000339 Box 1","ABF1.0.0.0","4.0.0.2353","PSt3","221014-001","6/4/2024 1:58:11 PM","0000-00","0","no battery","V","","µV","","µV"
"07/08/2024","16:15:29","1","default","166358087","001","7.784","min","244.137","μmol/L","Humid","24.442","deg","36172","µV","27.000","°C","1024.000","hPa","38.4","pmil","0","59.850","deg","20.000","°C","100.000","%a.s.","26.990","deg","23.835","°C","1018.000","hPa","0.808","-0.065","0.00038","-0.00034","0","31","Humid","5.00","0","2500.00","34849.53","SADD0002000339 Box 1","ABF1.0.0.0","4.0.0.2353","PSt3","221014-001","6/4/2024 1:58:11 PM","0000-00","0","no battery","V","","µV","","µV"
"07/08/2024","16:15:30","1","default","166358087","001","7.800","min","244.062","μmol/L","Humid","24.445","deg","36170","µV","27.000","°C","1024.000","hPa","38.4","pmil","0","59.850","deg","20.000","°C","100.000","%a.s.","26.990","deg","23.835","°C","1018.000","hPa","0.808","-0.065","0.00038","-0.00034","0","31","Humid","5.00","0","2500.00","34849.76","SADD0002000339 Box 1","ABF1.0.0.0","4.0.0.2353","PSt3","221014-001","6/4/2024 1:58:11 PM","0000-00","0","no battery","V","","µV","","µV"
"07/08/2024","16:15:31","1","default","166358087","001","7.817","min","244.037","μmol/L","Humid","24.446","deg","36171","µV","27.000","°C","1024.000","hPa","38.4","pmil","0","59.850","deg","20.000","°C","100.000","%a.s.","26.990","deg","23.835","°C","1018.000","hPa","0.808","-0.065","0.00038","-0.00034","0","31","Humid","5.00","0","2500.00","34850.92","SADD0002000339 Box 1","ABF1.0.0.0","4.0.0.2353","PSt3","221014-001","6/4/2024 1:58:11 PM","0000-00","0","no battery","V","","µV","","µV"
"07/08/2024","16:15:32","1","default","166358087","001","7.833","min","243.887","μmol/L","Humid","24.452","deg","36172","µV","27.000","°C","1024.000","hPa","38.4","pmil","0","59.850","deg","20.000","°C","100.000","%a.s.","26.990","deg","23.835","°C","1018.000","hPa","0.808","-0.065","0.00038","-0.00034","0","31","Humid","5.00","0","2500.00","34846.16","SADD0002000339 Box 1","ABF1.0.0.0","4.0.0.2353","PSt3","221014-001","6/4/2024 1:58:11 PM","0000-00","0","no battery","V","","µV","","µV"
"07/08/2024","16:15:33","1","default","166358087","001","7.850","min","243.838","μmol/L","Humid","24.454","deg","36169","µV","27.000","°C","1024.000","hPa","38.4","pmil","0","59.850","deg","20.000","°C","100.000","%a.s.","26.990","deg","23.835","°C","1018.000","hPa","0.808","-0.065","0.00038","-0.00034","0","31","Humid","5.00","0","2500.00","34846.02","SADD0002000339 Box 1","ABF1.0.0.0","4.0.0.2353","PSt3","221014-001","6/4/2024 1:58:11 PM","0000-00","0","no battery","V","","µV","","µV"
"07/08/2024","16:15:34","1","default","166358087","001","7.867","min","243.937","μmol/L","Humid","24.450","deg","36166","µV","27.000","°C","1024.000","hPa","38.4","pmil","0","59.850","deg","20.000","°C","100.000","%a.s.","26.990","deg","23.835","°C","1018.000","hPa","0.808","-0.065","0.00038","-0.00034","0","31","Humid","5.00","0","2500.00","34845.14","SADD0002000339 Box 1","ABF1.0.0.0","4.0.0.2353","PSt3","221014-001","6/4/2024 1:58:11 PM","0000-00","0","no battery","V","","µV","","µV"
"07/08/2024","16:15:35","1","default","166358087","001","7.883","min","244.087","μmol/L","Humid","24.444","deg","36169","µV","27.000","°C","1024.000","hPa","38.4","pmil","0","59.850","deg","20.000","°C","100.000","%a.s.","26.990","deg","23.835","°C","1018.000","hPa","0.808","-0.065","0.00038","-0.00034","0","31","Humid","5.00","0","2500.00","34853.04","SADD0002000339 Box 1","ABF1.0.0.0","4.0.0.2353","PSt3","221014-001","6/4/2024 1:58:11 PM","0000-00","0","no battery","V","","µV","","µV"
"07/08/2024","16:15:36","1","default","166358087","001","7.900","min","244.187","μmol/L","Humid","24.440","deg","36165","µV","27.000","°C","1024.000","hPa","38.4","pmil","0","59.850","deg","20.000","°C","100.000","%a.s.","26.990","deg","23.835","°C","1018.000","hPa","0.808","-0.065","0.00038","-0.00034","0","31","Humid","5.00","0","2500.00","34847.68","SADD0002000339 Box 1","ABF1.0.0.0","4.0.0.2353","PSt3","221014-001","6/4/2024 1:58:11 PM","0000-00","0","no battery","V","","µV","","µV"
"07/08/2024","16:15:37","1","default","166358087","001","7.917","min","244.362","μmol/L","Humid","24.433","deg","36168","µV","27.000","°C","1024.000","hPa","38.4","pmil","0","59.850","deg","20.000","°C","100.000","%a.s.","26.990","deg","23.835","°C","1018.000","hPa","0.808","-0.065","0.00038","-0.00034","0","31","Humid","5.00","0","2500.00","34850.87","SADD0002000339 Box 1","ABF1.0.0.0","4.0.0.2353","PSt3","221014-001","6/4/2024 1:58:11 PM","0000-00","0","no battery","V","","µV","","µV"
"07/08/2024","16:15:38","1","default","166358087","001","7.933","min","244.037","μmol/L","Humid","24.446","deg","36163","µV","27.000","°C","1024.000","hPa","38.4","pmil","0","59.850","deg","20.000","°C","100.000","%a.s.","26.990","deg","23.835","°C","1018.000","hPa","0.808","-0.065","0.00038","-0.00034","0","31","Humid","5.00","0","2500.00","34848.45","SADD0002000339 Box 1","ABF1.0.0.0","4.0.0.2353","PSt3","221014-001","6/4/2024 1:58:11 PM","0000-00","0","no battery","V","","µV","","µV"
"07/08/2024","16:15:39","1","default","166358087","001","7.950","min","244.112","μmol/L","Humid","24.443","deg","36165","µV","27.000","°C","1024.000","hPa","38.4","pmil","0","59.850","deg","20.000","°C","100.000","%a.s.","26.990","deg","23.835","°C","1018.000","hPa","0.808","-0.065","0.00038","-0.00034","0","31","Humid","5.00","0","2500.00","34853.55","SADD0002000339 Box 1","ABF1.0.0.0","4.0.0.2353","PSt3","221014-001","6/4/2024 1:58:11 PM","0000-00","0","no battery","V","","µV","","µV"
"07/08/2024","16:15:40","1","default","166358087","001","7.966","min","244.562","μmol/L","Humid","24.425","deg","36164","µV","27.000","°C","1024.000","hPa","38.4","pmil","0","59.850","deg","20.000","°C","100.000","%a.s.","26.990","deg","23.835","°C","1018.000","hPa","0.808","-0.065","0.00038","-0.00034","0","31","Humid","5.00","0","2500.00","34847.57","SADD0002000339 Box 1","ABF1.0.0.0","4.0.0.2353","PSt3","221014-001","6/4/2024 1:58:11 PM","0000-00","0","no battery","V","","µV","","µV"
"07/08/2024","16:15:41","1","default","166358087","001","7.983","min","244.387","μmol/L","Humid","24.432","deg","36167","µV","27.000","°C","1024.000","hPa","38.4","pmil","0","59.850","deg","20.000","°C","100.000","%a.s.","26.990","deg","23.835","°C","1018.000","hPa","0.808","-0.065","0.00038","-0.00034","0","31","Humid","5.00","0","2500.00","34850.71","SADD0002000339 Box 1","ABF1.0.0.0","4.0.0.2353","PSt3","221014-001","6/4/2024 1:58:11 PM","0000-00","0","no battery","V","","µV","","µV"
"07/08/2024","16:15:42","1","default","166358087","001","8.000","min","244.162","μmol/L","Humid","24.441","deg","36163","µV","27.000","°C","1024.000","hPa","38.4","pmil","0","59.850","deg","20.000","°C","100.000","%a.s.","26.990","deg","23.835","°C","1018.000","hPa","0.808","-0.065","0.00038","-0.00034","0","31","Humid","5.00","0","2500.00","34848.62","SADD0002000339 Box 1","ABF1.0.0.0","4.0.0.2353","PSt3","221014-001","6/4/2024 1:58:11 PM","0000-00","0","no battery","V","","µV","","µV"
"07/08/2024","16:15:43","1","default","166358087","001","8.016","min","244.287","μmol/L","Humid","24.436","deg","36159","µV","27.000","°C","1024.000","hPa","38.4","pmil","0","59.850","deg","20.000","°C","100.000","%a.s.","26.990","deg","23.835","°C","1018.000","hPa","0.808","-0.065","0.00038","-0.00034","0","31","Humid","5.00","0","2500.00","34845.32","SADD0002000339 Box 1","ABF1.0.0.0","4.0.0.2353","PSt3","221014-001","6/4/2024 1:58:11 PM","0000-00","0","no battery","V","","µV","","µV"
"07/08/2024","16:15:44","1","default","166358087","001","8.034","min","243.887","μmol/L","Humid","24.452","deg","36151","µV","27.000","°C","1024.000","hPa","38.4","pmil","0","59.850","deg","20.000","°C","100.000","%a.s.","26.990","deg","23.835","°C","1018.000","hPa","0.808","-0.065","0.00038","-0.00034","0","31","Humid","5.00","0","2500.00","34850.42","SADD0002000339 Box 1","ABF1.0.0.0","4.0.0.2353","PSt3","221014-001","6/4/2024 1:58:11 PM","0000-00","0","no battery","V","","µV","","µV"
"07/08/2024","16:15:45","1","default","166358087","001","8.050","min","244.237","μmol/L","Humid","24.438","deg","36149","µV","27.000","°C","1024.000","hPa","38.4","pmil","0","59.850","deg","20.000","°C","100.000","%a.s.","26.990","deg","23.835","°C","1018.000","hPa","0.808","-0.065","0.00038","-0.00034","0","31","Humid","5.00","0","2500.00","34850.89","SADD0002000339 Box 1","ABF1.0.0.0","4.0.0.2353","PSt3","221014-001","6/4/2024 1:58:11 PM","0000-00","0","no battery","V","","µV","","µV"
"07/08/2024","16:15:46","1","default","166358087","001","8.067","min","244.212","μmol/L","Humid","24.439","deg","36149","µV","27.000","°C","1024.000","hPa","38.4","pmil","0","59.850","deg","20.000","°C","100.000","%a.s.","26.990","deg","23.835","°C","1018.000","hPa","0.808","-0.065","0.00038","-0.00034","0","31","Humid","5.00","0","2500.00","34848.28","SADD0002000339 Box 1","ABF1.0.0.0","4.0.0.2353","PSt3","221014-001","6/4/2024 1:58:11 PM","0000-00","0","no battery","V","","µV","","µV"
"07/08/2024","16:15:47","1","default","166358087","001","8.084","min","244.087","μmol/L","Humid","24.444","deg","36144","µV","27.000","°C","1024.000","hPa","38.4","pmil","0","59.850","deg","20.000","°C","100.000","%a.s.","26.990","deg","23.835","°C","1018.000","hPa","0.808","-0.065","0.00038","-0.00034","0","31","Humid","5.00","0","2500.00","34850.50","SADD0002000339 Box 1","ABF1.0.0.0","4.0.0.2353","PSt3","221014-001","6/4/2024 1:58:11 PM","0000-00","0","no battery","V","","µV","","µV"
"07/08/2024","16:15:48","1","default","166358087","001","8.100","min","244.087","μmol/L","Humid","24.444","deg","36147","µV","27.000","°C","1024.000","hPa","38.4","pmil","0","59.850","deg","20.000","°C","100.000","%a.s.","26.990","deg","23.835","°C","1018.000","hPa","0.808","-0.065","0.00038","-0.00034","0","31","Humid","5.00","0","2500.00","34849.40","SADD0002000339 Box 1","ABF1.0.0.0","4.0.0.2353","PSt3","221014-001","6/4/2024 1:58:11 PM","0000-00","0","no battery","V","","µV","","µV"
"07/08/2024","16:15:49","1","default","166358087","001","8.117","min","244.237","μmol/L","Humid","24.438","deg","36140","µV","27.000","°C","1024.000","hPa","38.4","pmil","0","59.850","deg","20.000","°C","100.000","%a.s.","26.990","deg","23.835","°C","1018.000","hPa","0.808","-0.065","0.00038","-0.00034","0","31","Humid","5.00","0","2500.00","34849.32","SADD0002000339 Box 1","ABF1.0.0.0","4.0.0.2353","PSt3","221014-001","6/4/2024 1:58:11 PM","0000-00","0","no battery","V","","µV","","µV"
"07/08/2024","16:15:50","1","default","166358087","001","8.133","min","244.437","μmol/L","Humid","24.430","deg","36144","µV","27.000","°C","1024.000","hPa","38.4","pmil","0","59.850","deg","20.000","°C","100.000","%a.s.","26.990","deg","23.835","°C","1018.000","hPa","0.808","-0.065","0.00038","-0.00034","0","31","Humid","5.00","0","2500.00","34846.52","SADD0002000339 Box 1","ABF1.0.0.0","4.0.0.2353","PSt3","221014-001","6/4/2024 1:58:11 PM","0000-00","0","no battery","V","","µV","","µV"
"07/08/2024","16:15:51","1","default","166358087","001","8.150","min","244.712","μmol/L","Humid","24.419","deg","36141","µV","27.000","°C","1024.000","hPa","38.4","pmil","0","59.850","deg","20.000","°C","100.000","%a.s.","26.990","deg","23.835","°C","1018.000","hPa","0.808","-0.065","0.00038","-0.00034","0","31","Humid","5.00","0","2500.00","34840.50","SADD0002000339 Box 1","ABF1.0.0.0","4.0.0.2353","PSt3","221014-001","6/4/2024 1:58:11 PM","0000-00","0","no battery","V","","µV","","µV"
"07/08/2024","16:15:52","1","default","166358087","001","8.166","min","244.437","μmol/L","Humid","24.430","deg","36135","µV","27.000","°C","1024.000","hPa","38.4","pmil","0","59.850","deg","20.000","°C","100.000","%a.s.","26.990","deg","23.835","°C","1018.000","hPa","0.808","-0.065","0.00038","-0.00034","0","31","Humid","5.00","0","2500.00","34847.84","SADD0002000339 Box 1","ABF1.0.0.0","4.0.0.2353","PSt3","221014-001","6/4/2024 1:58:11 PM","0000-00","0","no battery","V","","µV","","µV"
"07/08/2024","16:15:53","1","default","166358087","001","8.183","min","244.362","μmol/L","Humid","24.433","deg","36137","µV","27.000","°C","1024.000","hPa","38.4","pmil","0","59.850","deg","20.000","°C","100.000","%a.s.","26.990","deg","23.835","°C","1018.000","hPa","0.808","-0.065","0.00038","-0.00034","0","31","Humid","5.00","0","2500.00","34848.08","SADD0002000339 Box 1","ABF1.0.0.0","4.0.0.2353","PSt3","221014-001","6/4/2024 1:58:11 PM","0000-00","0","no battery","V","","µV","","µV"
"07/08/2024","16:15:54","1","default","166358087","001","8.199","min","244.687","μmol/L","Humid","24.420","deg","36136","µV","27.000","°C","1024.000","hPa","38.4","pmil","0","59.850","deg","20.000","°C","100.000","%a.s.","26.990","deg","23.835","°C","1018.000","hPa","0.808","-0.065","0.00038","-0.00034","0","31","Humid","5.00","0","2500.00","34844.27","SADD0002000339 Box 1","ABF1.0.0.0","4.0.0.2353","PSt3","221014-001","6/4/2024 1:58:11 PM","0000-00","0","no battery","V","","µV","","µV"
"07/08/2024","16:15:55","1","default","166358087","001","8.217","min","244.562","μmol/L","Humid","24.425","deg","36136","µV","27.000","°C","1024.000","hPa","38.4","pmil","0","59.850","deg","20.000","°C","100.000","%a.s.","26.990","deg","23.835","°C","1018.000","hPa","0.808","-0.065","0.00038","-0.00034","0","31","Humid","5.00","0","2500.00","34849.82","SADD0002000339 Box 1","ABF1.0.0.0","4.0.0.2353","PSt3","221014-001","6/4/2024 1:58:11 PM","0000-00","0","no battery","V","","µV","","µV"
"07/08/2024","16:15:56","1","default","166358087","001","8.233","min","244.487","μmol/L","Humid","24.428","deg","36137","µV","27.000","°C","1024.000","hPa","38.4","pmil","0","59.850","deg","20.000","°C","100.000","%a.s.","26.990","deg","23.835","°C","1018.000","hPa","0.808","-0.065","0.00038","-0.00034","0","31","Humid","5.00","0","2500.00","34850.95","SADD0002000339 Box 1","ABF1.0.0.0","4.0.0.2353","PSt3","221014-001","6/4/2024 1:58:11 PM","0000-00","0","no battery","V","","µV","","µV"
"07/08/2024","16:15:57","1","default","166358087","001","8.250","min","244.537","μmol/L","Humid","24.426","deg","36136","µV","27.000","°C","1024.000","hPa","38.4","pmil","0","59.850","deg","20.000","°C","100.000","%a.s.","26.990","deg","23.835","°C","1018.000","hPa","0.808","-0.065","0.00038","-0.00034","0","31","Humid","5.00","0","2500.00","34848.03","SADD0002000339 Box 1","ABF1.0.0.0","4.0.0.2353","PSt3","221014-001","6/4/2024 1:58:11 PM","0000-00","0","no battery","V","","µV","","µV"
"07/08/2024","16:15:58","1","default","166358087","001","8.266","min","244.512","μmol/L","Humid","24.427","deg","36132","µV","27.000","°C","1024.000","hPa","38.4","pmil","0","59.850","deg","20.000","°C","100.000","%a.s.","26.990","deg","23.835","°C","1018.000","hPa","0.808","-0.065","0.00038","-0.00034","0","31","Humid","5.00","0","2500.00","34843.46","SADD0002000339 Box 1","ABF1.0.0.0","4.0.0.2353","PSt3","221014-001","6/4/2024 1:58:11 PM","0000-00","0","no battery","V","","µV","","µV"
"07/08/2024","16:15:59","1","default","166358087","001","8.283","min","244.287","μmol/L","Humid","24.436","deg","36133","µV","27.000","°C","1024.000","hPa","38.4","pmil","0","59.850","deg","20.000","°C","100.000","%a.s.","26.990","deg","23.835","°C","1018.000","hPa","0.808","-0.065","0.00038","-0.00034","0","31","Humid","5.00","0","2500.00","34850.11","SADD0002000339 Box 1","ABF1.0.0.0","4.0.0.2353","PSt3","221014-001","6/4/2024 1:58:11 PM","0000-00","0","no battery","V","","µV","","µV"
"07/08/2024","16:16:00","1","default","166358087","001","8.300","min","244.612","μmol/L","Humid","24.423","deg","36133","µV","27.000","°C","1024.000","hPa","38.4","pmil","0","59.850","deg","20.000","°C","100.000","%a.s.","26.990","deg","23.835","°C","1018.000","hPa","0.808","-0.065","0.00038","-0.00034","0","31","Humid","5.00","0","2500.00","34850.42","SADD0002000339 Box 1","ABF1.0.0.0","4.0.0.2353","PSt3","221014-001","6/4/2024 1:58:11 PM","0000-00","0","no battery","V","","µV","","µV"
"07/08/2024","16:16:01","1","default","166358087","001","8.317","min","244.512","μmol/L","Humid","24.427","deg","36131","µV","27.000","°C","1024.000","hPa","38.4","pmil","0","59.850","deg","20.000","°C","100.000","%a.s.","26.990","deg","23.835","°C","1018.000","hPa","0.808","-0.065","0.00038","-0.00034","0","31","Humid","5.00","0","2500.00","34846.11","SADD0002000339 Box 1","ABF1.0.0.0","4.0.0.2353","PSt3","221014-001","6/4/2024 1:58:11 PM","0000-00","0","no battery","V","","µV","","µV"
"07/08/2024","16:16:02","1","default","166358087","001","8.334","min","244.437","μmol/L","Humid","24.430","deg","36125","µV","27.000","°C","1024.000","hPa","38.4","pmil","0","59.850","deg","20.000","°C","100.000","%a.s.","26.990","deg","23.835","°C","1018.000","hPa","0.808","-0.065","0.00038","-0.00034","0","31","Humid","5.00","0","2500.00","34850.50","SADD0002000339 Box 1","ABF1.0.0.0","4.0.0.2353","PSt3","221014-001","6/4/2024 1:58:11 PM","0000-00","0","no battery","V","","µV","","µV"
"07/08/2024","16:16:03","1","default","166358087","001","8.350","min","244.737","μmol/L","Humid","24.418","deg","36128","µV","27.000","°C","1024.000","hPa","38.4","pmil","0","59.850","deg","20.000","°C","100.000","%a.s.","26.990","deg","23.835","°C","1018.000","hPa","0.808","-0.065","0.00038","-0.00034","0","31","Humid","5.00","0","2500.00","34847.46","SADD0002000339 Box 1","ABF1.0.0.0","4.0.0.2353","PSt3","221014-001","6/4/2024 1:58:11 PM","0000-00","0","no battery","V","","µV","","µV"
"07/08/2024","16:16:04","1","default","166358087","001","8.367","min","244.687","μmol/L","Humid","24.420","deg","36130","µV","27.000","°C","1024.000","hPa","38.4","pmil","0","59.850","deg","20.000","°C","100.000","%a.s.","26.990","deg","23.835","°C","1018.000","hPa","0.808","-0.065","0.00038","-0.00034","0","31","Humid","5.00","0","2500.00","34845.35","SADD0002000339 Box 1","ABF1.0.0.0","4.0.0.2353","PSt3","221014-001","6/4/2024 1:58:11 PM","0000-00","0","no battery","V","","µV","","µV"
"07/08/2024","16:16:05","1","default","166358087","001","8.384","min","244.337","μmol/L","Humid","24.434","deg","36126","µV","27.000","°C","1024.000","hPa","38.4","pmil","0","59.850","deg","20.000","°C","100.000","%a.s.","26.990","deg","23.835","°C","1018.000","hPa","0.808","-0.065","0.00038","-0.00034","0","31","Humid","5.00","0","2500.00","34849.34","SADD0002000339 Box 1","ABF1.0.0.0","4.0.0.2353","PSt3","221014-001","6/4/2024 1:58:11 PM","0000-00","0","no battery","V","","µV","","µV"
"07/08/2024","16:16:06","1","default","166358087","001","8.400","min","244.487","μmol/L","Humid","24.428","deg","36134","µV","27.000","°C","1024.000","hPa","38.4","pmil","0","59.850","deg","20.000","°C","100.000","%a.s.","26.990","deg","23.835","°C","1018.000","hPa","0.808","-0.065","0.00038","-0.00034","0","31","Humid","5.00","0","2500.00","34844.91","SADD0002000339 Box 1","ABF1.0.0.0","4.0.0.2353","PSt3","221014-001","6/4/2024 1:58:11 PM","0000-00","0","no battery","V","","µV","","µV"
"07/08/2024","16:16:07","1","default","166358087","001","8.417","min","244.487","μmol/L","Humid","24.428","deg","36126","µV","27.000","°C","1024.000","hPa","38.4","pmil","0","59.850","deg","20.000","°C","100.000","%a.s.","26.990","deg","23.835","°C","1018.000","hPa","0.808","-0.065","0.00038","-0.00034","0","31","Humid","5.00","0","2500.00","34851.77","SADD0002000339 Box 1","ABF1.0.0.0","4.0.0.2353","PSt3","221014-001","6/4/2024 1:58:11 PM","0000-00","0","no battery","V","","µV","","µV"
"07/08/2024","16:16:08","1","default","166358087","001","8.433","min","244.562","μmol/L","Humid","24.425","deg","36124","µV","27.000","°C","1024.000","hPa","38.4","pmil","0","59.850","deg","20.000","°C","100.000","%a.s.","26.990","deg","23.835","°C","1018.000","hPa","0.808","-0.065","0.00038","-0.00034","0","31","Humid","5.00","0","2500.00","34844.65","SADD0002000339 Box 1","ABF1.0.0.0","4.0.0.2353","PSt3","221014-001","6/4/2024 1:58:11 PM","0000-00","0","no battery","V","","µV","","µV"
"07/08/2024","16:16:09","1","default","166358087","001","8.450","min","244.662","μmol/L","Humid","24.421","deg","36123","µV","27.000","°C","1024.000","hPa","38.4","pmil","0","59.850","deg","20.000","°C","100.000","%a.s.","26.990","deg","23.835","°C","1018.000","hPa","0.808","-0.065","0.00038","-0.00034","0","31","Humid","5.00","0","2500.00","34849.51","SADD0002000339 Box 1","ABF1.0.0.0","4.0.0.2353","PSt3","221014-001","6/4/2024 1:58:11 PM","0000-00","0","no battery","V","","µV","","µV"
"07/08/2024","16:16:10","1","default","166358087","001","8.467","min","244.712","μmol/L","Humid","24.419","deg","36121","µV","27.000","°C","1024.000","hPa","38.4","pmil","0","59.850","deg","20.000","°C","100.000","%a.s.","26.990","deg","23.835","°C","1018.000","hPa","0.808","-0.065","0.00038","-0.00034","0","31","Humid","5.00","0","2500.00","34845.94","SADD0002000339 Box 1","ABF1.0.0.0","4.0.0.2353","PSt3","221014-001","6/4/2024 1:58:11 PM","0000-00","0","no battery","V","","µV","","µV"
"07/08/2024","16:16:11","1","default","166358087","001","8.484","min","244.662","μmol/L","Humid","24.421","deg","36122","µV","27.000","°C","1024.000","hPa","38.4","pmil","0","59.850","deg","20.000","°C","100.000","%a.s.","26.990","deg","23.835","°C","1018.000","hPa","0.808","-0.065","0.00038","-0.00034","0","31","Humid","5.00","0","2500.00","34841.24","SADD0002000339 Box 1","ABF1.0.0.0","4.0.0.2353","PSt3","221014-001","6/4/2024 1:58:11 PM","0000-00","0","no battery","V","","µV","","µV"
"07/08/2024","16:16:12","1","default","166358087","001","8.500","min","244.487","μmol/L","Humid","24.428","deg","36117","µV","27.000","°C","1024.000","hPa","38.4","pmil","0","59.850","deg","20.000","°C","100.000","%a.s.","26.990","deg","23.835","°C","1018.000","hPa","0.808","-0.065","0.00038","-0.00034","0","31","Humid","5.00","0","2500.00","34847.76","SADD0002000339 Box 1","ABF1.0.0.0","4.0.0.2353","PSt3","221014-001","6/4/2024 1:58:11 PM","0000-00","0","no battery","V","","µV","","µV"
"07/08/2024","16:16:13","1","default","166358087","001","8.517","min","244.862","μmol/L","Humid","24.413","deg","36112","µV","27.000","°C","1024.000","hPa","38.4","pmil","0","59.850","deg","20.000","°C","100.000","%a.s.","26.990","deg","23.835","°C","1018.000","hPa","0.808","-0.065","0.00038","-0.00034","0","31","Humid","5.00","0","2500.00","34851.65","SADD0002000339 Box 1","ABF1.0.0.0","4.0.0.2353","PSt3","221014-001","6/4/2024 1:58:11 PM","0000-00","0","no battery","V","","µV","","µV"
"07/08/2024","16:16:14","1","default","166358087","001","8.534","min","244.687","μmol/L","Humid","24.420","deg","36119","µV","27.000","°C","1024.000","hPa","38.4","pmil","0","59.850","deg","20.000","°C","100.000","%a.s.","26.990","deg","23.835","°C","1018.000","hPa","0.808","-0.065","0.00038","-0.00034","0","31","Humid","5.00","0","2500.00","34849.23","SADD0002000339 Box 1","ABF1.0.0.0","4.0.0.2353","PSt3","221014-001","6/4/2024 1:58:11 PM","0000-00","0","no battery","V","","µV","","µV"
"07/08/2024","16:16:15","1","default","166358087","001","8.550","min","244.737","μmol/L","Humid","24.418","deg","36108","µV","27.000","°C","1024.000","hPa","38.4","pmil","0","59.850","deg","20.000","°C","100.000","%a.s.","26.990","deg","23.835","°C","1018.000","hPa","0.808","-0.065","0.00038","-0.00034","0","31","Humid","5.00","0","2500.00","34851.14","SADD0002000339 Box 1","ABF1.0.0.0","4.0.0.2353","PSt3","221014-001","6/4/2024 1:58:11 PM","0000-00","0","no battery","V","","µV","","µV"
"07/08/2024","16:16:16","1","default","166358087","001","8.567","min","244.687","μmol/L","Humid","24.420","deg","36111","µV","27.000","°C","1024.000","hPa","38.4","pmil","0","59.850","deg","20.000","°C","100.000","%a.s.","26.990","deg","23.835","°C","1018.000","hPa","0.808","-0.065","0.00038","-0.00034","0","31","Humid","5.00","0","2500.00","34848.32","SADD0002000339 Box 1","ABF1.0.0.0","4.0.0.2353","PSt3","221014-001","6/4/2024 1:58:11 PM","0000-00","0","no battery","V","","µV","","µV"
"07/08/2024","16:16:17","1","default","166358087","001","8.583","min","244.887","μmol/L","Humid","24.412","deg","36108","µV","27.000","°C","1024.000","hPa","38.4","pmil","0","59.850","deg","20.000","°C","100.000","%a.s.","26.990","deg","23.835","°C","1018.000","hPa","0.808","-0.065","0.00038","-0.00034","0","31","Humid","5.00","0","2500.00","34853.42","SADD0002000339 Box 1","ABF1.0.0.0","4.0.0.2353","PSt3","221014-001","6/4/2024 1:58:11 PM","0000-00","0","no battery","V","","µV","","µV"
"07/08/2024","16:16:18","1","default","166358087","001","8.600","min","244.587","μmol/L","Humid","24.424","deg","36111","µV","27.000","°C","1024.000","hPa","38.4","pmil","0","59.850","deg","20.000","°C","100.000","%a.s.","26.990","deg","23.835","°C","1018.000","hPa","0.808","-0.065","0.00038","-0.00034","0","31","Humid","5.00","0","2500.00","34846.85","SADD0002000339 Box 1","ABF1.0.0.0","4.0.0.2353","PSt3","221014-001","6/4/2024 1:58:11 PM","0000-00","0","no battery","V","","µV","","µV"
"07/08/2024","16:16:19","1","default","166358087","001","8.617","min","244.862","μmol/L","Humid","24.413","deg","36105","µV","27.000","°C","1024.000","hPa","38.4","pmil","0","59.850","deg","20.000","°C","100.000","%a.s.","26.990","deg","23.835","°C","1018.000","hPa","0.808","-0.065","0.00038","-0.00034","0","31","Humid","5.00","0","2500.00","34846.27","SADD0002000339 Box 1","ABF1.0.0.0","4.0.0.2353","PSt3","221014-001","6/4/2024 1:58:11 PM","0000-00","0","no battery","V","","µV","","µV"
"07/08/2024","16:16:20","1","default","166358087","001","8.633","min","244.937","μmol/L","Humid","24.410","deg","36102","µV","27.000","°C","1024.000","hPa","38.4","pmil","0","59.850","deg","20.000","°C","100.000","%a.s.","26.990","deg","23.835","°C","1018.000","hPa","0.808","-0.065","0.00038","-0.00034","0","31","Humid","5.00","0","2500.00","34849.86","SADD0002000339 Box 1","ABF1.0.0.0","4.0.0.2353","PSt3","221014-001","6/4/2024 1:58:11 PM","0000-00","0","no battery","V","","µV","","µV"
"07/08/2024","16:16:21","1","default","166358087","001","8.650","min","244.812","μmol/L","Humid","24.415","deg","36098","µV","27.000","°C","1024.000","hPa","38.4","pmil","0","59.850","deg","20.000","°C","100.000","%a.s.","26.990","deg","23.835","°C","1018.000","hPa","0.808","-0.065","0.00038","-0.00034","0","31","Humid","5.00","0","2500.00","34849.30","SADD0002000339 Box 1","ABF1.0.0.0","4.0.0.2353","PSt3","221014-001","6/4/2024 1:58:11 PM","0000-00","0","no battery","V","","µV","","µV"
"07/08/2024","16:16:22","1","default","166358087","001","8.667","min","245.138","μmol/L","Humid","24.402","deg","36097","µV","27.000","°C","1024.000","hPa","38.4","pmil","0","59.850","deg","20.000","°C","100.000","%a.s.","26.990","deg","23.835","°C","1018.000","hPa","0.808","-0.065","0.00038","-0.00034","0","31","Humid","5.00","0","2500.00","34844.80","SADD0002000339 Box 1","ABF1.0.0.0","4.0.0.2353","PSt3","221014-001","6/4/2024 1:58:11 PM","0000-00","0","no battery","V","","µV","","µV"
"07/08/2024","16:16:23","1","default","166358087","001","8.683","min","244.812","μmol/L","Humid","24.415","deg","36100","µV","27.000","°C","1024.000","hPa","38.4","pmil","0","59.850","deg","20.000","°C","100.000","%a.s.","26.990","deg","23.835","°C","1018.000","hPa","0.808","-0.065","0.00038","-0.00034","0","31","Humid","5.00","0","2500.00","34847.21","SADD0002000339 Box 1","ABF1.0.0.0","4.0.0.2353","PSt3","221014-001","6/4/2024 1:58:11 PM","0000-00","0","no battery","V","","µV","","µV"
"07/08/2024","16:16:24","1","default","166358087","001","8.700","min","244.987","μmol/L","Humid","24.408","deg","36095","µV","27.000","°C","1024.000","hPa","38.4","pmil","0","59.850","deg","20.000","°C","100.000","%a.s.","26.990","deg","23.835","°C","1018.000","hPa","0.808","-0.065","0.00038","-0.00034","0","31","Humid","5.00","0","2500.00","34849.90","SADD0002000339 Box 1","ABF1.0.0.0","4.0.0.2353","PSt3","221014-001","6/4/2024 1:58:11 PM","0000-00","0","no battery","V","","µV","","µV"
"07/08/2024","16:16:25","1","default","166358087","001","8.717","min","244.987","μmol/L","Humid","24.408","deg","36098","µV","27.000","°C","1024.000","hPa","38.4","pmil","0","59.850","deg","20.000","°C","100.000","%a.s.","26.990","deg","23.835","°C","1018.000","hPa","0.808","-0.065","0.00038","-0.00034","0","31","Humid","5.00","0","2500.00","34848.30","SADD0002000339 Box 1","ABF1.0.0.0","4.0.0.2353","PSt3","221014-001","6/4/2024 1:58:11 PM","0000-00","0","no battery","V","","µV","","µV"
"07/08/2024","16:16:26","1","default","166358087","001","8.733","min","244.712","μmol/L","Humid","24.419","deg","36098","µV","27.000","°C","1024.000","hPa","38.4","pmil","0","59.850","deg","20.000","°C","100.000","%a.s.","26.990","deg","23.835","°C","1018.000","hPa","0.808","-0.065","0.00038","-0.00034","0","31","Humid","5.00","0","2500.00","34844.54","SADD0002000339 Box 1","ABF1.0.0.0","4.0.0.2353","PSt3","221014-001","6/4/2024 1:58:11 PM","0000-00","0","no battery","V","","µV","","µV"
"07/08/2024","16:16:27","1","default","166358087","001","8.749","min","244.862","μmol/L","Humid","24.413","deg","36100","µV","27.000","°C","1024.000","hPa","38.4","pmil","0","59.850","deg","20.000","°C","100.000","%a.s.","26.990","deg","23.835","°C","1018.000","hPa","0.808","-0.065","0.00038","-0.00034","0","31","Humid","5.00","0","2500.00","34850.22","SADD0002000339 Box 1","ABF1.0.0.0","4.0.0.2353","PSt3","221014-001","6/4/2024 1:58:11 PM","0000-00","0","no battery","V","","µV","","µV"
"07/08/2024","16:16:28","1","default","166358087","001","8.766","min","244.737","μmol/L","Humid","24.418","deg","36104","µV","27.000","°C","1024.000","hPa","38.4","pmil","0","59.850","deg","20.000","°C","100.000","%a.s.","26.990","deg","23.835","°C","1018.000","hPa","0.808","-0.065","0.00038","-0.00034","0","31","Humid","5.00","0","2500.00","34846.76","SADD0002000339 Box 1","ABF1.0.0.0","4.0.0.2353","PSt3","221014-001","6/4/2024 1:58:11 PM","0000-00","0","no battery","V","","µV","","µV"
"07/08/2024","16:16:29","1","default","166358087","001","8.783","min","244.512","μmol/L","Humid","24.427","deg","36098","µV","27.000","°C","1024.000","hPa","38.4","pmil","0","59.850","deg","20.000","°C","100.000","%a.s.","26.990","deg","23.835","°C","1018.000","hPa","0.808","-0.065","0.00038","-0.00034","0","31","Humid","5.00","0","2500.00","34842.85","SADD0002000339 Box 1","ABF1.0.0.0","4.0.0.2353","PSt3","221014-001","6/4/2024 1:58:11 PM","0000-00","0","no battery","V","","µV","","µV"
"07/08/2024","16:16:30","1","default","166358087","001","8.800","min","245.012","μmol/L","Humid","24.407","deg","36098","µV","27.000","°C","1024.000","hPa","38.4","pmil","0","59.850","deg","20.000","°C","100.000","%a.s.","26.990","deg","23.835","°C","1018.000","hPa","0.808","-0.065","0.00038","-0.00034","0","31","Humid","5.00","0","2500.00","34845.02","SADD0002000339 Box 1","ABF1.0.0.0","4.0.0.2353","PSt3","221014-001","6/4/2024 1:58:11 PM","0000-00","0","no battery","V","","µV","","µV"
"07/08/2024","16:16:31","1","default","166358087","001","8.816","min","244.837","μmol/L","Humid","24.414","deg","36096","µV","27.000","°C","1024.000","hPa","38.4","pmil","0","59.850","deg","20.000","°C","100.000","%a.s.","26.990","deg","23.835","°C","1018.000","hPa","0.808","-0.065","0.00038","-0.00034","0","31","Humid","5.00","0","2500.00","34848.15","SADD0002000339 Box 1","ABF1.0.0.0","4.0.0.2353","PSt3","221014-001","6/4/2024 1:58:11 PM","0000-00","0","no battery","V","","µV","","µV"
"07/08/2024","16:16:32","1","default","166358087","001","8.833","min","244.862","μmol/L","Humid","24.413","deg","36097","µV","27.000","°C","1024.000","hPa","38.4","pmil","0","59.850","deg","20.000","°C","100.000","%a.s.","26.990","deg","23.835","°C","1018.000","hPa","0.808","-0.065","0.00038","-0.00034","0","31","Humid","5.00","0","2500.00","34846.20","SADD0002000339 Box 1","ABF1.0.0.0","4.0.0.2353","PSt3","221014-001","6/4/2024 1:58:11 PM","0000-00","0","no battery","V","","µV","","µV"
"07/08/2024","16:16:33","1","default","166358087","001","8.850","min","244.887","μmol/L","Humid","24.412","deg","36097","µV","27.000","°C","1024.000","hPa","38.4","pmil","0","59.850","deg","20.000","°C","100.000","%a.s.","26.990","deg","23.835","°C","1018.000","hPa","0.808","-0.065","0.00038","-0.00034","0","31","Humid","5.00","0","2500.00","34849.02","SADD0002000339 Box 1","ABF1.0.0.0","4.0.0.2353","PSt3","221014-001","6/4/2024 1:58:11 PM","0000-00","0","no battery","V","","µV","","µV"
"07/08/2024","16:16:34","1","default","166358087","001","8.867","min","244.962","μmol/L","Humid","24.409","deg","36093","µV","27.000","°C","1024.000","hPa","38.4","pmil","0","59.850","deg","20.000","°C","100.000","%a.s.","26.990","deg","23.835","°C","1018.000","hPa","0.808","-0.065","0.00038","-0.00034","0","31","Humid","5.00","0","2500.00","34847.33","SADD0002000339 Box 1","ABF1.0.0.0","4.0.0.2353","PSt3","221014-001","6/4/2024 1:58:11 PM","0000-00","0","no battery","V","","µV","","µV"
"07/08/2024","16:16:35","1","default","166358087","001","8.884","min","244.762","μmol/L","Humid","24.417","deg","36096","µV","27.000","°C","1024.000","hPa","38.4","pmil","0","59.850","deg","20.000","°C","100.000","%a.s.","26.990","deg","23.835","°C","1018.000","hPa","0.808","-0.065","0.00038","-0.00034","0","31","Humid","5.00","0","2500.00","34851.73","SADD0002000339 Box 1","ABF1.0.0.0","4.0.0.2353","PSt3","221014-001","6/4/2024 1:58:11 PM","0000-00","0","no battery","V","","µV","","µV"
"07/08/2024","16:16:36","1","default","166358087","001","8.900","min","244.437","μmol/L","Humid","24.430","deg","36092","µV","27.000","°C","1024.000","hPa","38.4","pmil","0","59.850","deg","20.000","°C","100.000","%a.s.","26.990","deg","23.835","°C","1018.000","hPa","0.808","-0.065","0.00038","-0.00034","0","31","Humid","5.00","0","2500.00","34853.43","SADD0002000339 Box 1","ABF1.0.0.0","4.0.0.2353","PSt3","221014-001","6/4/2024 1:58:11 PM","0000-00","0","no battery","V","","µV","","µV"
"07/08/2024","16:16:37","1","default","166358087","001","8.917","min","244.862","μmol/L","Humid","24.413","deg","36093","µV","27.000","°C","1024.000","hPa","38.4","pmil","0","59.850","deg","20.000","°C","100.000","%a.s.","26.990","deg","23.835","°C","1018.000","hPa","0.808","-0.065","0.00038","-0.00034","0","31","Humid","5.00","0","2500.00","34849.73","SADD0002000339 Box 1","ABF1.0.0.0","4.0.0.2353","PSt3","221014-001","6/4/2024 1:58:11 PM","0000-00","0","no battery","V","","µV","","µV"
"07/08/2024","16:16:38","1","default","166358087","001","8.934","min","244.837","μmol/L","Humid","24.414","deg","36089","µV","27.000","°C","1024.000","hPa","38.4","pmil","0","59.850","deg","20.000","°C","100.000","%a.s.","26.990","deg","23.835","°C","1018.000","hPa","0.808","-0.065","0.00038","-0.00034","0","31","Humid","5.00","0","2500.00","34845.29","SADD0002000339 Box 1","ABF1.0.0.0","4.0.0.2353","PSt3","221014-001","6/4/2024 1:58:11 PM","0000-00","0","no battery","V","","µV","","µV"
"07/08/2024","16:16:39","1","default","166358087","001","8.950","min","245.163","μmol/L","Humid","24.401","deg","36094","µV","27.000","°C","1024.000","hPa","38.4","pmil","0","59.850","deg","20.000","°C","100.000","%a.s.","26.990","deg","23.835","°C","1018.000","hPa","0.808","-0.065","0.00038","-0.00034","0","31","Humid","5.00","0","2500.00","34845.92","SADD0002000339 Box 1","ABF1.0.0.0","4.0.0.2353","PSt3","221014-001","6/4/2024 1:58:11 PM","0000-00","0","no battery","V","","µV","","µV"
"07/08/2024","16:16:40","1","default","166358087","001","8.967","min","245.063","μmol/L","Humid","24.405","deg","36093","µV","27.000","°C","1024.000","hPa","38.4","pmil","0","59.850","deg","20.000","°C","100.000","%a.s.","26.990","deg","23.835","°C","1018.000","hPa","0.808","-0.065","0.00038","-0.00034","0","31","Humid","5.00","0","2500.00","34857.95","SADD0002000339 Box 1","ABF1.0.0.0","4.0.0.2353","PSt3","221014-001","6/4/2024 1:58:11 PM","0000-00","0","no battery","V","","µV","","µV"
"07/08/2024","16:16:41","1","default","166358087","001","8.983","min","244.887","μmol/L","Humid","24.412","deg","36088","µV","27.000","°C","1024.000","hPa","38.4","pmil","0","59.850","deg","20.000","°C","100.000","%a.s.","26.990","deg","23.835","°C","1018.000","hPa","0.808","-0.065","0.00038","-0.00034","0","31","Humid","5.00","0","2500.00","34845.45","SADD0002000339 Box 1","ABF1.0.0.0","4.0.0.2353","PSt3","221014-001","6/4/2024 1:58:11 PM","0000-00","0","no battery","V","","µV","","µV"
"07/08/2024","16:16:42","1","default","166358087","001","9.000","min","244.987","μmol/L","Humid","24.408","deg","36092","µV","27.000","°C","1024.000","hPa","38.4","pmil","0","59.850","deg","20.000","°C","100.000","%a.s.","26.990","deg","23.835","°C","1018.000","hPa","0.808","-0.065","0.00038","-0.00034","0","31","Humid","5.00","0","2500.00","34845.25","SADD0002000339 Box 1","ABF1.0.0.0","4.0.0.2353","PSt3","221014-001","6/4/2024 1:58:11 PM","0000-00","0","no battery","V","","µV","","µV"
"07/08/2024","16:16:43","1","default","166358087","001","9.017","min","245.213","μmol/L","Humid","24.399","deg","36085","µV","27.000","°C","1024.000","hPa","38.4","pmil","0","59.850","deg","20.000","°C","100.000","%a.s.","26.990","deg","23.835","°C","1018.000","hPa","0.808","-0.065","0.00038","-0.00034","0","31","Humid","5.00","0","2500.00","34849.41","SADD0002000339 Box 1","ABF1.0.0.0","4.0.0.2353","PSt3","221014-001","6/4/2024 1:58:11 PM","0000-00","0","no battery","V","","µV","","µV"
"07/08/2024","16:16:44","1","default","166358087","001","9.033","min","244.862","μmol/L","Humid","24.413","deg","36086","µV","27.000","°C","1024.000","hPa","38.4","pmil","0","59.850","deg","20.000","°C","100.000","%a.s.","26.990","deg","23.835","°C","1018.000","hPa","0.808","-0.065","0.00038","-0.00034","0","31","Humid","5.00","0","2500.00","34845.20","SADD0002000339 Box 1","ABF1.0.0.0","4.0.0.2353","PSt3","221014-001","6/4/2024 1:58:11 PM","0000-00","0","no battery","V","","µV","","µV"
"07/08/2024","16:16:45","1","default","166358087","001","9.050","min","244.787","μmol/L","Humid","24.416","deg","36085","µV","27.000","°C","1024.000","hPa","38.4","pmil","0","59.850","deg","20.000","°C","100.000","%a.s.","26.990","deg","23.835","°C","1018.000","hPa","0.808","-0.065","0.00038","-0.00034","0","31","Humid","5.00","0","2500.00","34841.66","SADD0002000339 Box 1","ABF1.0.0.0","4.0.0.2353","PSt3","221014-001","6/4/2024 1:58:11 PM","0000-00","0","no battery","V","","µV","","µV"
"07/08/2024","16:16:46","1","default","166358087","001","9.067","min","245.088","μmol/L","Humid","24.404","deg","36086","µV","27.000","°C","1024.000","hPa","38.4","pmil","0","59.850","deg","20.000","°C","100.000","%a.s.","26.990","deg","23.835","°C","1018.000","hPa","0.808","-0.065","0.00038","-0.00034","0","31","Humid","5.00","0","2500.00","34846.87","SADD0002000339 Box 1","ABF1.0.0.0","4.0.0.2353","PSt3","221014-001","6/4/2024 1:58:11 PM","0000-00","0","no battery","V","","µV","","µV"
"07/08/2024","16:16:47","1","default","166358087","001","9.083","min","244.987","μmol/L","Humid","24.408","deg","36089","µV","27.000","°C","1024.000","hPa","38.4","pmil","0","59.850","deg","20.000","°C","100.000","%a.s.","26.990","deg","23.835","°C","1018.000","hPa","0.808","-0.065","0.00038","-0.00034","0","31","Humid","5.00","0","2500.00","34847.10","SADD0002000339 Box 1","ABF1.0.0.0","4.0.0.2353","PSt3","221014-001","6/4/2024 1:58:11 PM","0000-00","0","no battery","V","","µV","","µV"
"07/08/2024","16:16:48","1","default","166358087","001","9.100","min","245.113","μmol/L","Humid","24.403","deg","36088","µV","27.000","°C","1024.000","hPa","38.4","pmil","0","59.850","deg","20.000","°C","100.000","%a.s.","26.990","deg","23.835","°C","1018.000","hPa","0.808","-0.065","0.00038","-0.00034","0","31","Humid","5.00","0","2500.00","34846.80","SADD0002000339 Box 1","ABF1.0.0.0","4.0.0.2353","PSt3","221014-001","6/4/2024 1:58:11 PM","0000-00","0","no battery","V","","µV","","µV"
"07/08/2024","16:16:49","1","default","166358087","001","9.117","min","244.987","μmol/L","Humid","24.408","deg","36084","µV","27.000","°C","1024.000","hPa","38.4","pmil","0","59.850","deg","20.000","°C","100.000","%a.s.","26.990","deg","23.835","°C","1018.000","hPa","0.808","-0.065","0.00038","-0.00034","0","31","Humid","5.00","0","2500.00","34848.78","SADD0002000339 Box 1","ABF1.0.0.0","4.0.0.2353","PSt3","221014-001","6/4/2024 1:58:11 PM","0000-00","0","no battery","V","","µV","","µV"
"07/08/2024","16:16:50","1","default","166358087","001","9.133","min","244.937","μmol/L","Humid","24.410","deg","36077","µV","27.000","°C","1024.000","hPa","38.4","pmil","0","59.850","deg","20.000","°C","100.000","%a.s.","26.990","deg","23.835","°C","1018.000","hPa","0.808","-0.065","0.00038","-0.00034","0","31","Humid","5.00","0","2500.00","34845.97","SADD0002000339 Box 1","ABF1.0.0.0","4.0.0.2353","PSt3","221014-001","6/4/2024 1:58:11 PM","0000-00","0","no battery","V","","µV","","µV"
"07/08/2024","16:16:51","1","default","166358087","001","9.150","min","244.987","μmol/L","Humid","24.408","deg","36087","µV","27.000","°C","1024.000","hPa","38.4","pmil","0","59.850","deg","20.000","°C","100.000","%a.s.","26.990","deg","23.835","°C","1018.000","hPa","0.808","-0.065","0.00038","-0.00034","0","31","Humid","5.00","0","2500.00","34847.17","SADD0002000339 Box 1","ABF1.0.0.0","4.0.0.2353","PSt3","221014-001","6/4/2024 1:58:11 PM","0000-00","0","no battery","V","","µV","","µV"
"07/08/2024","16:16:52","1","default","166358087","001","9.166","min","244.812","μmol/L","Humid","24.415","deg","36076","µV","27.000","°C","1024.000","hPa","38.4","pmil","0","59.850","deg","20.000","°C","100.000","%a.s.","26.990","deg","23.835","°C","1018.000","hPa","0.808","-0.065","0.00038","-0.00034","0","31","Humid","5.00","0","2500.00","34845.53","SADD0002000339 Box 1","ABF1.0.0.0","4.0.0.2353","PSt3","221014-001","6/4/2024 1:58:11 PM","0000-00","0","no battery","V","","µV","","µV"
"07/08/2024","16:16:53","1","default","166358087","001","9.183","min","244.987","μmol/L","Humid","24.408","deg","36079","µV","27.000","°C","1024.000","hPa","38.4","pmil","0","59.850","deg","20.000","°C","100.000","%a.s.","26.990","deg","23.835","°C","1018.000","hPa","0.808","-0.065","0.00038","-0.00034","0","31","Humid","5.00","0","2500.00","34846.33","SADD0002000339 Box 1","ABF1.0.0.0","4.0.0.2353","PSt3","221014-001","6/4/2024 1:58:11 PM","0000-00","0","no battery","V","","µV","","µV"
"07/08/2024","16:16:54","1","default","166358087","001","9.200","min","244.987","μmol/L","Humid","24.408","deg","36079","µV","27.000","°C","1024.000","hPa","38.4","pmil","0","59.850","deg","20.000","°C","100.000","%a.s.","26.990","deg","23.835","°C","1018.000","hPa","0.808","-0.065","0.00038","-0.00034","0","31","Humid","5.00","0","2500.00","34842.72","SADD0002000339 Box 1","ABF1.0.0.0","4.0.0.2353","PSt3","221014-001","6/4/2024 1:58:11 PM","0000-00","0","no battery","V","","µV","","µV"
"07/08/2024","16:16:55","1","default","166358087","001","9.216","min","244.912","μmol/L","Humid","24.411","deg","36078","µV","27.000","°C","1024.000","hPa","38.4","pmil","0","59.850","deg","20.000","°C","100.000","%a.s.","26.990","deg","23.835","°C","1018.000","hPa","0.808","-0.065","0.00038","-0.00034","0","31","Humid","5.00","0","2500.00","34849.30","SADD0002000339 Box 1","ABF1.0.0.0","4.0.0.2353","PSt3","221014-001","6/4/2024 1:58:11 PM","0000-00","0","no battery","V","","µV","","µV"
"07/08/2024","16:16:56","1","default","166358087","001","9.233","min","245.113","μmol/L","Humid","24.403","deg","36076","µV","27.000","°C","1024.000","hPa","38.4","pmil","0","59.850","deg","20.000","°C","100.000","%a.s.","26.990","deg","23.835","°C","1018.000","hPa","0.808","-0.065","0.00038","-0.00034","0","31","Humid","5.00","0","2500.00","34849.59","SADD0002000339 Box 1","ABF1.0.0.0","4.0.0.2353","PSt3","221014-001","6/4/2024 1:58:11 PM","0000-00","0","no battery","V","","µV","","µV"
"07/08/2024","16:16:57","1","default","166358087","001","9.250","min","244.987","μmol/L","Humid","24.408","deg","36082","µV","27.000","°C","1024.000","hPa","38.4","pmil","0","59.850","deg","20.000","°C","100.000","%a.s.","26.990","deg","23.835","°C","1018.000","hPa","0.808","-0.065","0.00038","-0.00034","0","31","Humid","5.00","0","2500.00","34842.11","SADD0002000339 Box 1","ABF1.0.0.0","4.0.0.2353","PSt3","221014-001","6/4/2024 1:58:11 PM","0000-00","0","no battery","V","","µV","","µV"
"07/08/2024","16:16:58","1","default","166358087","001","9.266","min","245.439","μmol/L","Humid","24.390","deg","36079","µV","27.000","°C","1024.000","hPa","38.4","pmil","0","59.850","deg","20.000","°C","100.000","%a.s.","26.990","deg","23.835","°C","1018.000","hPa","0.808","-0.065","0.00038","-0.00034","0","31","Humid","5.00","0","2500.00","34850.41","SADD0002000339 Box 1","ABF1.0.0.0","4.0.0.2353","PSt3","221014-001","6/4/2024 1:58:11 PM","0000-00","0","no battery","V","","µV","","µV"
"07/08/2024","16:16:59","1","default","166358087","001","9.283","min","245.063","μmol/L","Humid","24.405","deg","36078","µV","27.000","°C","1024.000","hPa","38.4","pmil","0","59.850","deg","20.000","°C","100.000","%a.s.","26.990","deg","23.835","°C","1018.000","hPa","0.808","-0.065","0.00038","-0.00034","0","31","Humid","5.00","0","2500.00","34854.17","SADD0002000339 Box 1","ABF1.0.0.0","4.0.0.2353","PSt3","221014-001","6/4/2024 1:58:11 PM","0000-00","0","no battery","V","","µV","","µV"
"07/08/2024","16:17:00","1","default","166358087","001","9.300","min","245.138","μmol/L","Humid","24.402","deg","36081","µV","27.000","°C","1024.000","hPa","38.4","pmil","0","59.850","deg","20.000","°C","100.000","%a.s.","26.990","deg","23.835","°C","1018.000","hPa","0.808","-0.065","0.00038","-0.00034","0","31","Humid","5.00","0","2500.00","34842.33","SADD0002000339 Box 1","ABF1.0.0.0","4.0.0.2353","PSt3","221014-001","6/4/2024 1:58:11 PM","0000-00","0","no battery","V","","µV","","µV"
"07/08/2024","16:17:01","1","default","166358087","001","9.317","min","244.762","μmol/L","Humid","24.417","deg","36081","µV","27.000","°C","1024.000","hPa","38.4","pmil","0","59.850","deg","20.000","°C","100.000","%a.s.","26.990","deg","23.835","°C","1018.000","hPa","0.808","-0.065","0.00038","-0.00034","0","31","Humid","5.00","0","2500.00","34848.06","SADD0002000339 Box 1","ABF1.0.0.0","4.0.0.2353","PSt3","221014-001","6/4/2024 1:58:11 PM","0000-00","0","no battery","V","","µV","","µV"
"07/08/2024","16:17:02","1","default","166358087","001","9.334","min","244.812","μmol/L","Humid","24.415","deg","36079","µV","27.000","°C","1024.000","hPa","38.4","pmil","0","59.850","deg","20.000","°C","100.000","%a.s.","26.990","deg","23.835","°C","1018.000","hPa","0.808","-0.065","0.00038","-0.00034","0","31","Humid","5.00","0","2500.00","34848.16","SADD0002000339 Box 1","ABF1.0.0.0","4.0.0.2353","PSt3","221014-001","6/4/2024 1:58:11 PM","0000-00","0","no battery","V","","µV","","µV"
"07/08/2024","16:17:03","1","default","166358087","001","9.350","min","244.812","μmol/L","Humid","24.415","deg","36077","µV","27.000","°C","1024.000","hPa","38.4","pmil","0","59.850","deg","20.000","°C","100.000","%a.s.","26.990","deg","23.835","°C","1018.000","hPa","0.808","-0.065","0.00038","-0.00034","0","31","Humid","5.00","0","2500.00","34847.87","SADD0002000339 Box 1","ABF1.0.0.0","4.0.0.2353","PSt3","221014-001","6/4/2024 1:58:11 PM","0000-00","0","no battery","V","","µV","","µV"
"07/08/2024","16:17:04","1","default","166358087","001","9.367","min","245.088","μmol/L","Humid","24.404","deg","36075","µV","27.000","°C","1024.000","hPa","38.4","pmil","0","59.850","deg","20.000","°C","100.000","%a.s.","26.990","deg","23.835","°C","1018.000","hPa","0.808","-0.065","0.00038","-0.00034","0","31","Humid","5.00","0","2500.00","34848.03","SADD0002000339 Box 1","ABF1.0.0.0","4.0.0.2353","PSt3","221014-001","6/4/2024 1:58:11 PM","0000-00","0","no battery","V","","µV","","µV"
"07/08/2024","16:17:05","1","default","166358087","001","9.384","min","244.987","μmol/L","Humid","24.408","deg","36077","µV","27.000","°C","1024.000","hPa","38.4","pmil","0","59.850","deg","20.000","°C","100.000","%a.s.","26.990","deg","23.835","°C","1018.000","hPa","0.808","-0.065","0.00038","-0.00034","0","31","Humid","5.00","0","2500.00","34850.67","SADD0002000339 Box 1","ABF1.0.0.0","4.0.0.2353","PSt3","221014-001","6/4/2024 1:58:11 PM","0000-00","0","no battery","V","","µV","","µV"
"07/08/2024","16:17:06","1","default","166358087","001","9.400","min","245.439","μmol/L","Humid","24.390","deg","36079","µV","27.000","°C","1024.000","hPa","38.4","pmil","0","59.850","deg","20.000","°C","100.000","%a.s.","26.990","deg","23.835","°C","1018.000","hPa","0.808","-0.065","0.00038","-0.00034","0","31","Humid","5.00","0","2500.00","34846.62","SADD0002000339 Box 1","ABF1.0.0.0","4.0.0.2353","PSt3","221014-001","6/4/2024 1:58:11 PM","0000-00","0","no battery","V","","µV","","µV"
"07/08/2024","16:17:07","1","default","166358087","001","9.417","min","245.138","μmol/L","Humid","24.402","deg","36075","µV","27.000","°C","1024.000","hPa","38.4","pmil","0","59.850","deg","20.000","°C","100.000","%a.s.","26.990","deg","23.835","°C","1018.000","hPa","0.808","-0.065","0.00038","-0.00034","0","31","Humid","5.00","0","2500.00","34849.01","SADD0002000339 Box 1","ABF1.0.0.0","4.0.0.2353","PSt3","221014-001","6/4/2024 1:58:11 PM","0000-00","0","no battery","V","","µV","","µV"
"07/08/2024","16:17:08","1","default","166358087","001","9.433","min","245.113","μmol/L","Humid","24.403","deg","36076","µV","27.000","°C","1024.000","hPa","38.4","pmil","0","59.850","deg","20.000","°C","100.000","%a.s.","26.990","deg","23.835","°C","1018.000","hPa","0.808","-0.065","0.00038","-0.00034","0","31","Humid","5.00","0","2500.00","34850.38","SADD0002000339 Box 1","ABF1.0.0.0","4.0.0.2353","PSt3","221014-001","6/4/2024 1:58:11 PM","0000-00","0","no battery","V","","µV","","µV"
"07/08/2024","16:17:09","1","default","166358087","001","9.450","min","245.238","μmol/L","Humid","24.398","deg","36075","µV","27.000","°C","1024.000","hPa","38.4","pmil","0","59.850","deg","20.000","°C","100.000","%a.s.","26.990","deg","23.835","°C","1018.000","hPa","0.808","-0.065","0.00038","-0.00034","0","31","Humid","5.00","0","2500.00","34846.53","SADD0002000339 Box 1","ABF1.0.0.0","4.0.0.2353","PSt3","221014-001","6/4/2024 1:58:11 PM","0000-00","0","no battery","V","","µV","","µV"
"07/08/2024","16:17:10","1","default","166358087","001","9.467","min","245.012","μmol/L","Humid","24.407","deg","36071","µV","27.000","°C","1024.000","hPa","38.4","pmil","0","59.850","deg","20.000","°C","100.000","%a.s.","26.990","deg","23.835","°C","1018.000","hPa","0.808","-0.065","0.00038","-0.00034","0","31","Humid","5.00","0","2500.00","34853.60","SADD0002000339 Box 1","ABF1.0.0.0","4.0.0.2353","PSt3","221014-001","6/4/2024 1:58:11 PM","0000-00","0","no battery","V","","µV","","µV"
"07/08/2024","16:17:11","1","default","166358087","001","9.483","min","244.687","μmol/L","Humid","24.420","deg","36082","µV","27.000","°C","1024.000","hPa","38.4","pmil","0","59.850","deg","20.000","°C","100.000","%a.s.","26.990","deg","23.835","°C","1018.000","hPa","0.808","-0.065","0.00038","-0.00034","0","31","Humid","5.00","0","2500.00","34851.86","SADD0002000339 Box 1","ABF1.0.0.0","4.0.0.2353","PSt3","221014-001","6/4/2024 1:58:11 PM","0000-00","0","no battery","V","","µV","","µV"
"07/08/2024","16:17:12","1","default","166358087","001","9.500","min","244.887","μmol/L","Humid","24.412","deg","36081","µV","27.000","°C","1024.000","hPa","38.4","pmil","0","59.850","deg","20.000","°C","100.000","%a.s.","26.990","deg","23.835","°C","1018.000","hPa","0.808","-0.065","0.00038","-0.00034","0","31","Humid","5.00","0","2500.00","34852.91","SADD0002000339 Box 1","ABF1.0.0.0","4.0.0.2353","PSt3","221014-001","6/4/2024 1:58:11 PM","0000-00","0","no battery","V","","µV","","µV"
"07/08/2024","16:17:13","1","default","166358087","001","9.517","min","244.812","μmol/L","Humid","24.415","deg","36072","µV","27.000","°C","1024.000","hPa","38.4","pmil","0","59.850","deg","20.000","°C","100.000","%a.s.","26.990","deg","23.835","°C","1018.000","hPa","0.808","-0.065","0.00038","-0.00034","0","31","Humid","5.00","0","2500.00","34852.19","SADD0002000339 Box 1","ABF1.0.0.0","4.0.0.2353","PSt3","221014-001","6/4/2024 1:58:11 PM","0000-00","0","no battery","V","","µV","","µV"
"07/08/2024","16:17:14","1","default","166358087","001","9.533","min","244.837","μmol/L","Humid","24.414","deg","36077","µV","27.000","°C","1024.000","hPa","38.4","pmil","0","59.850","deg","20.000","°C","100.000","%a.s.","26.990","deg","23.835","°C","1018.000","hPa","0.808","-0.065","0.00038","-0.00034","0","31","Humid","5.00","0","2500.00","34852.77","SADD0002000339 Box 1","ABF1.0.0.0","4.0.0.2353","PSt3","221014-001","6/4/2024 1:58:11 PM","0000-00","0","no battery","V","","µV","","µV"
"07/08/2024","16:17:15","1","default","166358087","001","9.550","min","244.812","μmol/L","Humid","24.415","deg","36074","µV","27.000","°C","1024.000","hPa","38.4","pmil","0","59.850","deg","20.000","°C","100.000","%a.s.","26.990","deg","23.835","°C","1018.000","hPa","0.808","-0.065","0.00038","-0.00034","0","31","Humid","5.00","0","2500.00","34850.45","SADD0002000339 Box 1","ABF1.0.0.0","4.0.0.2353","PSt3","221014-001","6/4/2024 1:58:11 PM","0000-00","0","no battery","V","","µV","","µV"
"07/08/2024","16:17:16","1","default","166358087","001","9.566","min","244.937","μmol/L","Humid","24.410","deg","36078","µV","27.000","°C","1024.000","hPa","38.4","pmil","0","59.850","deg","20.000","°C","100.000","%a.s.","26.990","deg","23.835","°C","1018.000","hPa","0.808","-0.065","0.00038","-0.00034","0","31","Humid","5.00","0","2500.00","34850.71","SADD0002000339 Box 1","ABF1.0.0.0","4.0.0.2353","PSt3","221014-001","6/4/2024 1:58:11 PM","0000-00","0","no battery","V","","µV","","µV"
"07/08/2024","16:17:17","1","default","166358087","001","9.583","min","245.163","μmol/L","Humid","24.401","deg","36070","µV","27.000","°C","1024.000","hPa","38.4","pmil","0","59.850","deg","20.000","°C","100.000","%a.s.","26.990","deg","23.835","°C","1018.000","hPa","0.808","-0.065","0.00038","-0.00034","0","31","Humid","5.00","0","2500.00","34846.41","SADD0002000339 Box 1","ABF1.0.0.0","4.0.0.2353","PSt3","221014-001","6/4/2024 1:58:11 PM","0000-00","0","no battery","V","","µV","","µV"
"07/08/2024","16:17:18","1","default","166358087","001","9.600","min","245.037","μmol/L","Humid","24.406","deg","36078","µV","27.000","°C","1024.000","hPa","38.4","pmil","0","59.850","deg","20.000","°C","100.000","%a.s.","26.990","deg","23.835","°C","1018.000","hPa","0.808","-0.065","0.00038","-0.00034","0","31","Humid","5.00","0","2500.00","34848.66","SADD0002000339 Box 1","ABF1.0.0.0","4.0.0.2353","PSt3","221014-001","6/4/2024 1:58:11 PM","0000-00","0","no battery","V","","µV","","µV"
"07/08/2024","16:17:19","1","default","166358087","001","9.616","min","245.113","μmol/L","Humid","24.403","deg","36073","µV","27.000","°C","1024.000","hPa","38.4","pmil","0","59.850","deg","20.000","°C","100.000","%a.s.","26.990","deg","23.835","°C","1018.000","hPa","0.808","-0.065","0.00038","-0.00034","0","31","Humid","5.00","0","2500.00","34846.80","SADD0002000339 Box 1","ABF1.0.0.0","4.0.0.2353","PSt3","221014-001","6/4/2024 1:58:11 PM","0000-00","0","no battery","V","","µV","","µV"
"07/08/2024","16:17:20","1","default","166358087","001","9.633","min","244.712","μmol/L","Humid","24.419","deg","36073","µV","27.000","°C","1024.000","hPa","38.4","pmil","0","59.850","deg","20.000","°C","100.000","%a.s.","26.990","deg","23.835","°C","1018.000","hPa","0.808","-0.065","0.00038","-0.00034","0","31","Humid","5.00","0","2500.00","34848.55","SADD0002000339 Box 1","ABF1.0.0.0","4.0.0.2353","PSt3","221014-001","6/4/2024 1:58:11 PM","0000-00","0","no battery","V","","µV","","µV"
"07/08/2024","16:17:21","1","default","166358087","001","9.650","min","245.037","μmol/L","Humid","24.406","deg","36075","µV","27.000","°C","1024.000","hPa","38.4","pmil","0","59.850","deg","20.000","°C","100.000","%a.s.","26.990","deg","23.835","°C","1018.000","hPa","0.808","-0.065","0.00038","-0.00034","0","31","Humid","5.00","0","2500.00","34845.91","SADD0002000339 Box 1","ABF1.0.0.0","4.0.0.2353","PSt3","221014-001","6/4/2024 1:58:11 PM","0000-00","0","no battery","V","","µV","","µV"
"07/08/2024","16:17:22","1","default","166358087","001","9.667","min","244.862","μmol/L","Humid","24.413","deg","36074","µV","27.000","°C","1024.000","hPa","38.4","pmil","0","59.850","deg","20.000","°C","100.000","%a.s.","26.990","deg","23.835","°C","1018.000","hPa","0.808","-0.065","0.00038","-0.00034","0","31","Humid","5.00","0","2500.00","34851.05","SADD0002000339 Box 1","ABF1.0.0.0","4.0.0.2353","PSt3","221014-001","6/4/2024 1:58:11 PM","0000-00","0","no battery","V","","µV","","µV"
"07/08/2024","16:17:23","1","default","166358087","001","9.684","min","244.912","μmol/L","Humid","24.411","deg","36071","µV","27.000","°C","1024.000","hPa","38.4","pmil","0","59.850","deg","20.000","°C","100.000","%a.s.","26.990","deg","23.835","°C","1018.000","hPa","0.808","-0.065","0.00038","-0.00034","0","31","Humid","5.00","0","2500.00","34849.59","SADD0002000339 Box 1","ABF1.0.0.0","4.0.0.2353","PSt3","221014-001","6/4/2024 1:58:11 PM","0000-00","0","no battery","V","","µV","","µV"
"07/08/2024","16:17:24","1","default","166358087","001","9.700","min","244.962","μmol/L","Humid","24.409","deg","36068","µV","27.000","°C","1024.000","hPa","38.4","pmil","0","59.850","deg","20.000","°C","100.000","%a.s.","26.990","deg","23.835","°C","1018.000","hPa","0.808","-0.065","0.00038","-0.00034","0","31","Humid","5.00","0","2500.00","34845.37","SADD0002000339 Box 1","ABF1.0.0.0","4.0.0.2353","PSt3","221014-001","6/4/2024 1:58:11 PM","0000-00","0","no battery","V","","µV","","µV"
"07/08/2024","16:17:25","1","default","166358087","001","9.717","min","245.088","μmol/L","Humid","24.404","deg","36069","µV","27.000","°C","1024.000","hPa","38.4","pmil","0","59.850","deg","20.000","°C","100.000","%a.s.","26.990","deg","23.835","°C","1018.000","hPa","0.808","-0.065","0.00038","-0.00034","0","31","Humid","5.00","0","2500.00","34847.96","SADD0002000339 Box 1","ABF1.0.0.0","4.0.0.2353","PSt3","221014-001","6/4/2024 1:58:11 PM","0000-00","0","no battery","V","","µV","","µV"
"07/08/2024","16:17:26","1","default","166358087","001","9.733","min","244.912","μmol/L","Humid","24.411","deg","36067","µV","27.000","°C","1024.000","hPa","38.4","pmil","0","59.850","deg","20.000","°C","100.000","%a.s.","26.990","deg","23.835","°C","1018.000","hPa","0.808","-0.065","0.00038","-0.00034","0","31","Humid","5.00","0","2500.00","34845.52","SADD0002000339 Box 1","ABF1.0.0.0","4.0.0.2353","PSt3","221014-001","6/4/2024 1:58:11 PM","0000-00","0","no battery","V","","µV","","µV"
"07/08/2024","16:17:27","1","default","166358087","001","9.750","min","245.138","μmol/L","Humid","24.402","deg","36060","µV","27.000","°C","1024.000","hPa","38.4","pmil","0","59.850","deg","20.000","°C","100.000","%a.s.","26.990","deg","23.835","°C","1018.000","hPa","0.808","-0.065","0.00038","-0.00034","0","31","Humid","5.00","0","2500.00","34847.07","SADD0002000339 Box 1","ABF1.0.0.0","4.0.0.2353","PSt3","221014-001","6/4/2024 1:58:11 PM","0000-00","0","no battery","V","","µV","","µV"
"07/08/2024","16:17:28","1","default","166358087","001","9.767","min","245.188","μmol/L","Humid","24.400","deg","36069","µV","27.000","°C","1024.000","hPa","38.4","pmil","0","59.850","deg","20.000","°C","100.000","%a.s.","26.990","deg","23.835","°C","1018.000","hPa","0.808","-0.065","0.00038","-0.00034","0","31","Humid","5.00","0","2500.00","34851.08","SADD0002000339 Box 1","ABF1.0.0.0","4.0.0.2353","PSt3","221014-001","6/4/2024 1:58:11 PM","0000-00","0","no battery","V","","µV","","µV"
"07/08/2024","16:17:29","1","default","166358087","001","9.783","min","245.213","μmol/L","Humid","24.399","deg","36063","µV","27.000","°C","1024.000","hPa","38.4","pmil","0","59.850","deg","20.000","°C","100.000","%a.s.","26.990","deg","23.835","°C","1018.000","hPa","0.808","-0.065","0.00038","-0.00034","0","31","Humid","5.00","0","2500.00","34852.30","SADD0002000339 Box 1","ABF1.0.0.0","4.0.0.2353","PSt3","221014-001","6/4/2024 1:58:11 PM","0000-00","0","no battery","V","","µV","","µV"
"07/08/2024","16:17:30","1","default","166358087","001","9.800","min","244.987","μmol/L","Humid","24.408","deg","36065","µV","27.000","°C","1024.000","hPa","38.4","pmil","0","59.850","deg","20.000","°C","100.000","%a.s.","26.990","deg","23.835","°C","1018.000","hPa","0.808","-0.065","0.00038","-0.00034","0","31","Humid","5.00","0","2500.00","34842.95","SADD0002000339 Box 1","ABF1.0.0.0","4.0.0.2353","PSt3","221014-001","6/4/2024 1:58:11 PM","0000-00","0","no battery","V","","µV","","µV"
"07/08/2024","16:17:31","1","default","166358087","001","9.816","min","244.962","μmol/L","Humid","24.409","deg","36064","µV","27.000","°C","1024.000","hPa","38.4","pmil","0","59.850","deg","20.000","°C","100.000","%a.s.","26.990","deg","23.835","°C","1018.000","hPa","0.808","-0.065","0.00038","-0.00034","0","31","Humid","5.00","0","2500.00","34844.32","SADD0002000339 Box 1","ABF1.0.0.0","4.0.0.2353","PSt3","221014-001","6/4/2024 1:58:11 PM","0000-00","0","no battery","V","","µV","","µV"
"07/08/2024","16:17:32","1","default","166358087","001","9.833","min","245.263","μmol/L","Humid","24.397","deg","36064","µV","27.000","°C","1024.000","hPa","38.4","pmil","0","59.850","deg","20.000","°C","100.000","%a.s.","26.990","deg","23.835","°C","1018.000","hPa","0.808","-0.065","0.00038","-0.00034","0","31","Humid","5.00","0","2500.00","34853.82","SADD0002000339 Box 1","ABF1.0.0.0","4.0.0.2353","PSt3","221014-001","6/4/2024 1:58:11 PM","0000-00","0","no battery","V","","µV","","µV"
"07/08/2024","16:17:33","1","default","166358087","001","9.850","min","245.414","μmol/L","Humid","24.391","deg","36057","µV","27.000","°C","1024.000","hPa","38.4","pmil","0","59.850","deg","20.000","°C","100.000","%a.s.","26.990","deg","23.835","°C","1018.000","hPa","0.808","-0.065","0.00038","-0.00034","0","31","Humid","5.00","0","2500.00","34846.45","SADD0002000339 Box 1","ABF1.0.0.0","4.0.0.2353","PSt3","221014-001","6/4/2024 1:58:11 PM","0000-00","0","no battery","V","","µV","","µV"
"07/08/2024","16:17:34","1","default","166358087","001","9.866","min","245.489","μmol/L","Humid","24.388","deg","36060","µV","27.000","°C","1024.000","hPa","38.4","pmil","0","59.850","deg","20.000","°C","100.000","%a.s.","26.990","deg","23.835","°C","1018.000","hPa","0.808","-0.065","0.00038","-0.00034","0","31","Humid","5.00","0","2500.00","34846.40","SADD0002000339 Box 1","ABF1.0.0.0","4.0.0.2353","PSt3","221014-001","6/4/2024 1:58:11 PM","0000-00","0","no battery","V","","µV","","µV"
"07/08/2024","16:17:35","1","default","166358087","001","9.883","min","245.188","μmol/L","Humid","24.400","deg","36055","µV","27.000","°C","1024.000","hPa","38.4","pmil","0","59.850","deg","20.000","°C","100.000","%a.s.","26.990","deg","23.835","°C","1018.000","hPa","0.808","-0.065","0.00038","-0.00034","0","31","Humid","5.00","0","2500.00","34853.83","SADD0002000339 Box 1","ABF1.0.0.0","4.0.0.2353","PSt3","221014-001","6/4/2024 1:58:11 PM","0000-00","0","no battery","V","","µV","","µV"
"07/08/2024","16:17:36","1","default","166358087","001","9.901","min","245.138","μmol/L","Humid","24.402","deg","36057","µV","27.000","°C","1024.000","hPa","38.4","pmil","0","59.850","deg","20.000","°C","100.000","%a.s.","26.990","deg","23.835","°C","1018.000","hPa","0.808","-0.065","0.00038","-0.00034","0","31","Humid","5.00","0","2500.00","34851.63","SADD0002000339 Box 1","ABF1.0.0.0","4.0.0.2353","PSt3","221014-001","6/4/2024 1:58:11 PM","0000-00","0","no battery","V","","µV","","µV"
"07/08/2024","16:17:37","1","default","166358087","001","9.916","min","245.263","μmol/L","Humid","24.397","deg","36054","µV","27.000","°C","1024.000","hPa","38.4","pmil","0","59.850","deg","20.000","°C","100.000","%a.s.","26.990","deg","23.835","°C","1018.000","hPa","0.808","-0.065","0.00038","-0.00034","0","31","Humid","5.00","0","2500.00","34844.83","SADD0002000339 Box 1","ABF1.0.0.0","4.0.0.2353","PSt3","221014-001","6/4/2024 1:58:11 PM","0000-00","0","no battery","V","","µV","","µV"
"07/08/2024","16:17:38","1","default","166358087","001","9.933","min","245.263","μmol/L","Humid","24.397","deg","36053","µV","27.000","°C","1024.000","hPa","38.4","pmil","0","59.850","deg","20.000","°C","100.000","%a.s.","26.990","deg","23.835","°C","1018.000","hPa","0.808","-0.065","0.00038","-0.00034","0","31","Humid","5.00","0","2500.00","34844.78","SADD0002000339 Box 1","ABF1.0.0.0","4.0.0.2353","PSt3","221014-001","6/4/2024 1:58:11 PM","0000-00","0","no battery","V","","µV","","µV"
"07/08/2024","16:17:39","1","default","166358087","001","9.950","min","245.063","μmol/L","Humid","24.405","deg","36053","µV","27.000","°C","1024.000","hPa","38.4","pmil","0","59.850","deg","20.000","°C","100.000","%a.s.","26.990","deg","23.835","°C","1018.000","hPa","0.808","-0.065","0.00038","-0.00034","0","31","Humid","5.00","0","2500.00","34846.48","SADD0002000339 Box 1","ABF1.0.0.0","4.0.0.2353","PSt3","221014-001","6/4/2024 1:58:11 PM","0000-00","0","no battery","V","","µV","","µV"
"07/08/2024","16:17:40","1","default","166358087","001","9.967","min","245.063","μmol/L","Humid","24.405","deg","36051","µV","27.000","°C","1024.000","hPa","38.4","pmil","0","59.850","deg","20.000","°C","100.000","%a.s.","26.990","deg","23.835","°C","1018.000","hPa","0.808","-0.065","0.00038","-0.00034","0","31","Humid","5.00","0","2500.00","34848.70","SADD0002000339 Box 1","ABF1.0.0.0","4.0.0.2353","PSt3","221014-001","6/4/2024 1:58:11 PM","0000-00","0","no battery","V","","µV","","µV"
"07/08/2024","16:17:41","1","default","166358087","001","9.983","min","245.113","μmol/L","Humid","24.403","deg","36047","µV","27.000","°C","1024.000","hPa","38.4","pmil","0","59.850","deg","20.000","°C","100.000","%a.s.","26.990","deg","23.835","°C","1018.000","hPa","0.808","-0.065","0.00038","-0.00034","0","31","Humid","5.00","0","2500.00","34847.47","SADD0002000339 Box 1","ABF1.0.0.0","4.0.0.2353","PSt3","221014-001","6/4/2024 1:58:11 PM","0000-00","0","no battery","V","","µV","","µV"
"07/08/2024","16:17:42","1","default","166358087","001","10.000","min","245.364","μmol/L","Humid","24.393","deg","36048","µV","27.000","°C","1024.000","hPa","38.4","pmil","0","59.850","deg","20.000","°C","100.000","%a.s.","26.990","deg","23.835","°C","1018.000","hPa","0.808","-0.065","0.00038","-0.00034","0","31","Humid","5.00","0","2500.00","34847.17","SADD0002000339 Box 1","ABF1.0.0.0","4.0.0.2353","PSt3","221014-001","6/4/2024 1:58:11 PM","0000-00","0","no battery","V","","µV","","µV"
"07/08/2024","16:17:43","1","default","166358087","001","10.016","min","245.540","μmol/L","Humid","24.386","deg","36042","µV","27.000","°C","1024.000","hPa","38.4","pmil","0","59.850","deg","20.000","°C","100.000","%a.s.","26.990","deg","23.835","°C","1018.000","hPa","0.808","-0.065","0.00038","-0.00034","0","31","Humid","5.00","0","2500.00","34848.10","SADD0002000339 Box 1","ABF1.0.0.0","4.0.0.2353","PSt3","221014-001","6/4/2024 1:58:11 PM","0000-00","0","no battery","V","","µV","","µV"
"07/08/2024","16:17:44","1","default","166358087","001","10.033","min","245.414","μmol/L","Humid","24.391","deg","36040","µV","27.000","°C","1024.000","hPa","38.4","pmil","0","59.850","deg","20.000","°C","100.000","%a.s.","26.990","deg","23.835","°C","1018.000","hPa","0.808","-0.065","0.00038","-0.00034","0","31","Humid","5.00","0","2500.00","34847.83","SADD0002000339 Box 1","ABF1.0.0.0","4.0.0.2353","PSt3","221014-001","6/4/2024 1:58:11 PM","0000-00","0","no battery","V","","µV","","µV"
"07/08/2024","16:17:45","1","default","166358087","001","10.050","min","245.464","μmol/L","Humid","24.389","deg","36036","µV","27.000","°C","1024.000","hPa","38.4","pmil","0","59.850","deg","20.000","°C","100.000","%a.s.","26.990","deg","23.835","°C","1018.000","hPa","0.808","-0.065","0.00038","-0.00034","0","31","Humid","5.00","0","2500.00","34848.87","SADD0002000339 Box 1","ABF1.0.0.0","4.0.0.2353","PSt3","221014-001","6/4/2024 1:58:11 PM","0000-00","0","no battery","V","","µV","","µV"
"07/08/2024","16:17:46","1","default","166358087","001","10.066","min","245.364","μmol/L","Humid","24.393","deg","36033","µV","27.000","°C","1024.000","hPa","38.4","pmil","0","59.850","deg","20.000","°C","100.000","%a.s.","26.990","deg","23.835","°C","1018.000","hPa","0.808","-0.065","0.00038","-0.00034","0","31","Humid","5.00","0","2500.00","34847.06","SADD0002000339 Box 1","ABF1.0.0.0","4.0.0.2353","PSt3","221014-001","6/4/2024 1:58:11 PM","0000-00","0","no battery","V","","µV","","µV"
"07/08/2024","16:17:47","1","default","166358087","001","10.083","min","245.288","μmol/L","Humid","24.396","deg","36024","µV","27.000","°C","1024.000","hPa","38.4","pmil","0","59.850","deg","20.000","°C","100.000","%a.s.","26.990","deg","23.835","°C","1018.000","hPa","0.808","-0.065","0.00038","-0.00034","0","31","Humid","5.00","0","2500.00","34848.57","SADD0002000339 Box 1","ABF1.0.0.0","4.0.0.2353","PSt3","221014-001","6/4/2024 1:58:11 PM","0000-00","0","no battery","V","","µV","","µV"
"07/08/2024","16:17:48","1","default","166358087","001","10.100","min","245.766","μmol/L","Humid","24.377","deg","36026","µV","27.000","°C","1024.000","hPa","38.4","pmil","0","59.850","deg","20.000","°C","100.000","%a.s.","26.990","deg","23.835","°C","1018.000","hPa","0.808","-0.065","0.00038","-0.00034","0","31","Humid","5.00","0","2500.00","34845.14","SADD0002000339 Box 1","ABF1.0.0.0","4.0.0.2353","PSt3","221014-001","6/4/2024 1:58:11 PM","0000-00","0","no battery","V","","µV","","µV"
"07/08/2024","16:17:49","1","default","166358087","001","10.116","min","245.540","μmol/L","Humid","24.386","deg","36019","µV","27.000","°C","1024.000","hPa","38.4","pmil","0","59.850","deg","20.000","°C","100.000","%a.s.","26.990","deg","23.835","°C","1018.000","hPa","0.808","-0.065","0.00038","-0.00034","0","31","Humid","5.00","0","2500.00","34849.46","SADD0002000339 Box 1","ABF1.0.0.0","4.0.0.2353","PSt3","221014-001","6/4/2024 1:58:11 PM","0000-00","0","no battery","V","","µV","","µV"
"07/08/2024","16:17:50","1","default","166358087","001","10.133","min","245.464","μmol/L","Humid","24.389","deg","36019","µV","27.000","°C","1024.000","hPa","38.4","pmil","0","59.850","deg","20.000","°C","100.000","%a.s.","26.990","deg","23.835","°C","1018.000","hPa","0.808","-0.065","0.00038","-0.00034","0","31","Humid","5.00","0","2500.00","34850.04","SADD0002000339 Box 1","ABF1.0.0.0","4.0.0.2353","PSt3","221014-001","6/4/2024 1:58:11 PM","0000-00","0","no battery","V","","µV","","µV"
"07/08/2024","16:17:51","1","default","166358087","001","10.149","min","245.716","μmol/L","Humid","24.379","deg","36023","µV","27.000","°C","1024.000","hPa","38.4","pmil","0","59.850","deg","20.000","°C","100.000","%a.s.","26.990","deg","23.835","°C","1018.000","hPa","0.808","-0.065","0.00038","-0.00034","0","31","Humid","5.00","0","2500.00","34845.69","SADD0002000339 Box 1","ABF1.0.0.0","4.0.0.2353","PSt3","221014-001","6/4/2024 1:58:11 PM","0000-00","0","no battery","V","","µV","","µV"
"07/08/2024","16:17:52","1","default","166358087","001","10.166","min","245.665","μmol/L","Humid","24.381","deg","36009","µV","27.000","°C","1024.000","hPa","38.4","pmil","0","59.850","deg","20.000","°C","100.000","%a.s.","26.990","deg","23.835","°C","1018.000","hPa","0.808","-0.065","0.00038","-0.00034","0","31","Humid","5.00","0","2500.00","34850.01","SADD0002000339 Box 1","ABF1.0.0.0","4.0.0.2353","PSt3","221014-001","6/4/2024 1:58:11 PM","0000-00","0","no battery","V","","µV","","µV"
"07/08/2024","16:17:53","1","default","166358087","001","10.183","min","245.665","μmol/L","Humid","24.381","deg","36014","µV","27.000","°C","1024.000","hPa","38.4","pmil","0","59.850","deg","20.000","°C","100.000","%a.s.","26.990","deg","23.835","°C","1018.000","hPa","0.808","-0.065","0.00038","-0.00034","0","31","Humid","5.00","0","2500.00","34850.08","SADD0002000339 Box 1","ABF1.0.0.0","4.0.0.2353","PSt3","221014-001","6/4/2024 1:58:11 PM","0000-00","0","no battery","V","","µV","","µV"
"07/08/2024","16:17:54","1","default","166358087","001","10.199","min","245.691","μmol/L","Humid","24.380","deg","36018","µV","27.000","°C","1024.000","hPa","38.4","pmil","0","59.850","deg","20.000","°C","100.000","%a.s.","26.990","deg","23.835","°C","1018.000","hPa","0.808","-0.065","0.00038","-0.00034","0","31","Humid","5.00","0","2500.00","34848.77","SADD0002000339 Box 1","ABF1.0.0.0","4.0.0.2353","PSt3","221014-001","6/4/2024 1:58:11 PM","0000-00","0","no battery","V","","µV","","µV"
"07/08/2024","16:17:55","1","default","166358087","001","10.216","min","245.414","μmol/L","Humid","24.391","deg","36012","µV","27.000","°C","1024.000","hPa","38.4","pmil","0","59.850","deg","20.000","°C","100.000","%a.s.","26.990","deg","23.835","°C","1018.000","hPa","0.808","-0.065","0.00038","-0.00034","0","31","Humid","5.00","0","2500.00","34852.83","SADD0002000339 Box 1","ABF1.0.0.0","4.0.0.2353","PSt3","221014-001","6/4/2024 1:58:11 PM","0000-00","0","no battery","V","","µV","","µV"
"07/08/2024","16:17:56","1","default","166358087","001","10.233","min","245.741","μmol/L","Humid","24.378","deg","36009","µV","27.000","°C","1024.000","hPa","38.4","pmil","0","59.850","deg","20.000","°C","100.000","%a.s.","26.990","deg","23.835","°C","1018.000","hPa","0.808","-0.065","0.00038","-0.00034","0","31","Humid","5.00","0","2500.00","34847.44","SADD0002000339 Box 1","ABF1.0.0.0","4.0.0.2353","PSt3","221014-001","6/4/2024 1:58:11 PM","0000-00","0","no battery","V","","µV","","µV"
"07/08/2024","16:17:57","1","default","166358087","001","10.250","min","245.842","μmol/L","Humid","24.374","deg","36006","µV","27.000","°C","1024.000","hPa","38.4","pmil","0","59.850","deg","20.000","°C","100.000","%a.s.","26.990","deg","23.835","°C","1018.000","hPa","0.808","-0.065","0.00038","-0.00034","0","31","Humid","5.00","0","2500.00","34851.42","SADD0002000339 Box 1","ABF1.0.0.0","4.0.0.2353","PSt3","221014-001","6/4/2024 1:58:11 PM","0000-00","0","no battery","V","","µV","","µV"
"07/08/2024","16:17:58","1","default","166358087","001","10.267","min","245.590","μmol/L","Humid","24.384","deg","36006","µV","27.000","°C","1024.000","hPa","38.4","pmil","0","59.850","deg","20.000","°C","100.000","%a.s.","26.990","deg","23.835","°C","1018.000","hPa","0.808","-0.065","0.00038","-0.00034","0","31","Humid","5.00","0","2500.00","34851.01","SADD0002000339 Box 1","ABF1.0.0.0","4.0.0.2353","PSt3","221014-001","6/4/2024 1:58:11 PM","0000-00","0","no battery","V","","µV","","µV"
"07/08/2024","16:17:59","1","default","166358087","001","10.283","min","245.439","μmol/L","Humid","24.390","deg","36008","µV","27.000","°C","1024.000","hPa","38.4","pmil","0","59.850","deg","20.000","°C","100.000","%a.s.","26.990","deg","23.835","°C","1018.000","hPa","0.808","-0.065","0.00038","-0.00034","0","31","Humid","5.00","0","2500.00","34851.21","SADD0002000339 Box 1","ABF1.0.0.0","4.0.0.2353","PSt3","221014-001","6/4/2024 1:58:11 PM","0000-00","0","no battery","V","","µV","","µV"
"07/08/2024","16:18:00","1","default","166358087","001","10.300","min","245.590","μmol/L","Humid","24.384","deg","36007","µV","27.000","°C","1024.000","hPa","38.4","pmil","0","59.850","deg","20.000","°C","100.000","%a.s.","26.990","deg","23.835","°C","1018.000","hPa","0.808","-0.065","0.00038","-0.00034","0","31","Humid","5.00","0","2500.00","34851.66","SADD0002000339 Box 1","ABF1.0.0.0","4.0.0.2353","PSt3","221014-001","6/4/2024 1:58:11 PM","0000-00","0","no battery","V","","µV","","µV"
"07/08/2024","16:18:01","1","default","166358087","001","10.317","min","245.590","μmol/L","Humid","24.384","deg","36005","µV","27.000","°C","1024.000","hPa","38.4","pmil","0","59.850","deg","20.000","°C","100.000","%a.s.","26.990","deg","23.835","°C","1018.000","hPa","0.808","-0.065","0.00038","-0.00034","0","31","Humid","5.00","0","2500.00","34855.52","SADD0002000339 Box 1","ABF1.0.0.0","4.0.0.2353","PSt3","221014-001","6/4/2024 1:58:11 PM","0000-00","0","no battery","V","","µV","","µV"
"07/08/2024","16:18:02","1","default","166358087","001","10.333","min","245.640","μmol/L","Humid","24.382","deg","36008","µV","27.000","°C","1024.000","hPa","38.4","pmil","0","59.850","deg","20.000","°C","100.000","%a.s.","26.990","deg","23.835","°C","1018.000","hPa","0.808","-0.065","0.00038","-0.00034","0","31","Humid","5.00","0","2500.00","34851.63","SADD0002000339 Box 1","ABF1.0.0.0","4.0.0.2353","PSt3","221014-001","6/4/2024 1:58:11 PM","0000-00","0","no battery","V","","µV","","µV"
"07/08/2024","16:18:03","1","default","166358087","001","10.350","min","245.691","μmol/L","Humid","24.380","deg","36007","µV","27.000","°C","1024.000","hPa","38.4","pmil","0","59.850","deg","20.000","°C","100.000","%a.s.","26.990","deg","23.835","°C","1018.000","hPa","0.808","-0.065","0.00038","-0.00034","0","31","Humid","5.00","0","2500.00","34854.35","SADD0002000339 Box 1","ABF1.0.0.0","4.0.0.2353","PSt3","221014-001","6/4/2024 1:58:11 PM","0000-00","0","no battery","V","","µV","","µV"
"07/08/2024","16:18:04","1","default","166358087","001","10.367","min","245.917","μmol/L","Humid","24.371","deg","36001","µV","27.000","°C","1024.000","hPa","38.4","pmil","0","59.850","deg","20.000","°C","100.000","%a.s.","26.990","deg","23.835","°C","1018.000","hPa","0.808","-0.065","0.00038","-0.00034","0","31","Humid","5.00","0","2500.00","34849.20","SADD0002000339 Box 1","ABF1.0.0.0","4.0.0.2353","PSt3","221014-001","6/4/2024 1:58:11 PM","0000-00","0","no battery","V","","µV","","µV"
"07/08/2024","16:18:05","1","default","166358087","001","10.383","min","245.665","μmol/L","Humid","24.381","deg","36005","µV","27.000","°C","1024.000","hPa","38.4","pmil","0","59.850","deg","20.000","°C","100.000","%a.s.","26.990","deg","23.835","°C","1018.000","hPa","0.808","-0.065","0.00038","-0.00034","0","31","Humid","5.00","0","2500.00","34851.85","SADD0002000339 Box 1","ABF1.0.0.0","4.0.0.2353","PSt3","221014-001","6/4/2024 1:58:11 PM","0000-00","0","no battery","V","","µV","","µV"
"07/08/2024","16:18:06","1","default","166358087","001","10.400","min","245.464","μmol/L","Humid","24.389","deg","35997","µV","27.000","°C","1024.000","hPa","38.4","pmil","0","59.850","deg","20.000","°C","100.000","%a.s.","26.990","deg","23.835","°C","1018.000","hPa","0.808","-0.065","0.00038","-0.00034","0","31","Humid","5.00","0","2500.00","34847.51","SADD0002000339 Box 1","ABF1.0.0.0","4.0.0.2353","PSt3","221014-001","6/4/2024 1:58:11 PM","0000-00","0","no battery","V","","µV","","µV"
"07/08/2024","16:18:07","1","default","166358087","001","10.416","min","245.489","μmol/L","Humid","24.388","deg","36000","µV","27.000","°C","1024.000","hPa","38.4","pmil","0","59.850","deg","20.000","°C","100.000","%a.s.","26.990","deg","23.835","°C","1018.000","hPa","0.808","-0.065","0.00038","-0.00034","0","31","Humid","5.00","0","2500.00","34852.90","SADD0002000339 Box 1","ABF1.0.0.0","4.0.0.2353","PSt3","221014-001","6/4/2024 1:58:11 PM","0000-00","0","no battery","V","","µV","","µV"
"07/08/2024","16:18:08","1","default","166358087","001","10.433","min","245.842","μmol/L","Humid","24.374","deg","36002","µV","27.000","°C","1024.000","hPa","38.4","pmil","0","59.850","deg","20.000","°C","100.000","%a.s.","26.990","deg","23.835","°C","1018.000","hPa","0.808","-0.065","0.00038","-0.00034","0","31","Humid","5.00","0","2500.00","34855.38","SADD0002000339 Box 1","ABF1.0.0.0","4.0.0.2353","PSt3","221014-001","6/4/2024 1:58:11 PM","0000-00","0","no battery","V","","µV","","µV"
"07/08/2024","16:18:09","1","default","166358087","001","10.449","min","245.565","μmol/L","Humid","24.385","deg","35998","µV","27.000","°C","1024.000","hPa","38.4","pmil","0","59.850","deg","20.000","°C","100.000","%a.s.","26.990","deg","23.835","°C","1018.000","hPa","0.808","-0.065","0.00038","-0.00034","0","31","Humid","5.00","0","2500.00","34850.84","SADD0002000339 Box 1","ABF1.0.0.0","4.0.0.2353","PSt3","221014-001","6/4/2024 1:58:11 PM","0000-00","0","no battery","V","","µV","","µV"
"07/08/2024","16:18:10","1","default","166358087","001","10.466","min","245.791","μmol/L","Humid","24.376","deg","35994","µV","27.000","°C","1024.000","hPa","38.4","pmil","0","59.850","deg","20.000","°C","100.000","%a.s.","26.990","deg","23.835","°C","1018.000","hPa","0.808","-0.065","0.00038","-0.00034","0","31","Humid","5.00","0","2500.00","34849.68","SADD0002000339 Box 1","ABF1.0.0.0","4.0.0.2353","PSt3","221014-001","6/4/2024 1:58:11 PM","0000-00","0","no battery","V","","µV","","µV"
"07/08/2024","16:18:11","1","default","166358087","001","10.483","min","246.043","μmol/L","Humid","24.366","deg","36000","µV","27.000","°C","1024.000","hPa","38.4","pmil","0","59.850","deg","20.000","°C","100.000","%a.s.","26.990","deg","23.835","°C","1018.000","hPa","0.808","-0.065","0.00038","-0.00034","0","31","Humid","5.00","0","2500.00","34847.99","SADD0002000339 Box 1","ABF1.0.0.0","4.0.0.2353","PSt3","221014-001","6/4/2024 1:58:11 PM","0000-00","0","no battery","V","","µV","","µV"
"07/08/2024","16:18:12","1","default","166358087","001","10.500","min","245.766","μmol/L","Humid","24.377","deg","35995","µV","27.000","°C","1024.000","hPa","38.4","pmil","0","59.850","deg","20.000","°C","100.000","%a.s.","26.990","deg","23.835","°C","1018.000","hPa","0.808","-0.065","0.00038","-0.00034","0","31","Humid","5.00","0","2500.00","34851.10","SADD0002000339 Box 1","ABF1.0.0.0","4.0.0.2353","PSt3","221014-001","6/4/2024 1:58:11 PM","0000-00","0","no battery","V","","µV","","µV"
"07/08/2024","16:18:13","1","default","166358087","001","10.516","min","245.967","μmol/L","Humid","24.369","deg","35989","µV","27.000","°C","1024.000","hPa","38.4","pmil","0","59.850","deg","20.000","°C","100.000","%a.s.","26.990","deg","23.835","°C","1018.000","hPa","0.808","-0.065","0.00038","-0.00034","0","31","Humid","5.00","0","2500.00","34852.28","SADD0002000339 Box 1","ABF1.0.0.0","4.0.0.2353","PSt3","221014-001","6/4/2024 1:58:11 PM","0000-00","0","no battery","V","","µV","","µV"
"07/08/2024","16:18:14","1","default","166358087","001","10.533","min","245.892","μmol/L","Humid","24.372","deg","35992","µV","27.000","°C","1024.000","hPa","38.4","pmil","0","59.850","deg","20.000","°C","100.000","%a.s.","26.990","deg","23.835","°C","1018.000","hPa","0.808","-0.065","0.00038","-0.00034","0","31","Humid","5.00","0","2500.00","34852.68","SADD0002000339 Box 1","ABF1.0.0.0","4.0.0.2353","PSt3","221014-001","6/4/2024 1:58:11 PM","0000-00","0","no battery","V","","µV","","µV"
"07/08/2024","16:18:15","1","default","166358087","001","10.550","min","245.942","μmol/L","Humid","24.370","deg","36000","µV","27.000","°C","1024.000","hPa","38.4","pmil","0","59.850","deg","20.000","°C","100.000","%a.s.","26.990","deg","23.835","°C","1018.000","hPa","0.808","-0.065","0.00038","-0.00034","0","31","Humid","5.00","0","2500.00","34849.06","SADD0002000339 Box 1","ABF1.0.0.0","4.0.0.2353","PSt3","221014-001","6/4/2024 1:58:11 PM","0000-00","0","no battery","V","","µV","","µV"
"07/08/2024","16:18:16","1","default","166358087","001","10.566","min","245.791","μmol/L","Humid","24.376","deg","35984","µV","27.000","°C","1024.000","hPa","38.4","pmil","0","59.850","deg","20.000","°C","100.000","%a.s.","26.990","deg","23.835","°C","1018.000","hPa","0.808","-0.065","0.00038","-0.00034","0","31","Humid","5.00","0","2500.00","34849.46","SADD0002000339 Box 1","ABF1.0.0.0","4.0.0.2353","PSt3","221014-001","6/4/2024 1:58:11 PM","0000-00","0","no battery","V","","µV","","µV"
"07/08/2024","16:18:17","1","default","166358087","001","10.583","min","245.892","μmol/L","Humid","24.372","deg","35987","µV","27.000","°C","1024.000","hPa","38.4","pmil","0","59.850","deg","20.000","°C","100.000","%a.s.","26.990","deg","23.835","°C","1018.000","hPa","0.808","-0.065","0.00038","-0.00034","0","31","Humid","5.00","0","2500.00","34846.96","SADD0002000339 Box 1","ABF1.0.0.0","4.0.0.2353","PSt3","221014-001","6/4/2024 1:58:11 PM","0000-00","0","no battery","V","","µV","","µV"
"07/08/2024","16:18:18","1","default","166358087","001","10.600","min","245.791","μmol/L","Humid","24.376","deg","35986","µV","27.000","°C","1024.000","hPa","38.4","pmil","0","59.850","deg","20.000","°C","100.000","%a.s.","26.990","deg","23.835","°C","1018.000","hPa","0.808","-0.065","0.00038","-0.00034","0","31","Humid","5.00","0","2500.00","34839.45","SADD0002000339 Box 1","ABF1.0.0.0","4.0.0.2353","PSt3","221014-001","6/4/2024 1:58:11 PM","0000-00","0","no battery","V","","µV","","µV"
"07/08/2024","16:18:19","1","default","166358087","001","10.617","min","246.270","μmol/L","Humid","24.357","deg","35989","µV","27.000","°C","1024.000","hPa","38.4","pmil","0","59.850","deg","20.000","°C","100.000","%a.s.","26.990","deg","23.835","°C","1018.000","hPa","0.808","-0.065","0.00038","-0.00034","0","31","Humid","5.00","0","2500.00","34851.65","SADD0002000339 Box 1","ABF1.0.0.0","4.0.0.2353","PSt3","221014-001","6/4/2024 1:58:11 PM","0000-00","0","no battery","V","","µV","","µV"
"07/08/2024","16:18:20","1","default","166358087","001","10.634","min","245.942","μmol/L","Humid","24.370","deg","35981","µV","27.000","°C","1024.000","hPa","38.4","pmil","0","59.850","deg","20.000","°C","100.000","%a.s.","26.990","deg","23.835","°C","1018.000","hPa","0.808","-0.065","0.00038","-0.00034","0","31","Humid","5.00","0","2500.00","34847.11","SADD0002000339 Box 1","ABF1.0.0.0","4.0.0.2353","PSt3","221014-001","6/4/2024 1:58:11 PM","0000-00","0","no battery","V","","µV","","µV"
"07/08/2024","16:18:21","1","default","166358087","001","10.650","min","245.766","μmol/L","Humid","24.377","deg","35988","µV","27.000","°C","1024.000","hPa","38.4","pmil","0","59.850","deg","20.000","°C","100.000","%a.s.","26.990","deg","23.835","°C","1018.000","hPa","0.808","-0.065","0.00038","-0.00034","0","31","Humid","5.00","0","2500.00","34851.65","SADD0002000339 Box 1","ABF1.0.0.0","4.0.0.2353","PSt3","221014-001","6/4/2024 1:58:11 PM","0000-00","0","no battery","V","","µV","","µV"
"07/08/2024","16:18:22","1","default","166358087","001","10.667","min","245.867","μmol/L","Humid","24.373","deg","35983","µV","27.000","°C","1024.000","hPa","38.4","pmil","0","59.850","deg","20.000","°C","100.000","%a.s.","26.990","deg","23.835","°C","1018.000","hPa","0.808","-0.065","0.00038","-0.00034","0","31","Humid","5.00","0","2500.00","34849.49","SADD0002000339 Box 1","ABF1.0.0.0","4.0.0.2353","PSt3","221014-001","6/4/2024 1:58:11 PM","0000-00","0","no battery","V","","µV","","µV"
"07/08/2024","16:18:23","1","default","166358087","001","10.683","min","246.346","μmol/L","Humid","24.354","deg","35984","µV","27.000","°C","1024.000","hPa","38.4","pmil","0","59.850","deg","20.000","°C","100.000","%a.s.","26.990","deg","23.835","°C","1018.000","hPa","0.808","-0.065","0.00038","-0.00034","0","31","Humid","5.00","0","2500.00","34851.45","SADD0002000339 Box 1","ABF1.0.0.0","4.0.0.2353","PSt3","221014-001","6/4/2024 1:58:11 PM","0000-00","0","no battery","V","","µV","","µV"
"07/08/2024","16:18:24","1","default","166358087","001","10.700","min","245.867","μmol/L","Humid","24.373","deg","35983","µV","27.000","°C","1024.000","hPa","38.4","pmil","0","59.850","deg","20.000","°C","100.000","%a.s.","26.990","deg","23.835","°C","1018.000","hPa","0.808","-0.065","0.00038","-0.00034","0","31","Humid","5.00","0","2500.00","34850.63","SADD0002000339 Box 1","ABF1.0.0.0","4.0.0.2353","PSt3","221014-001","6/4/2024 1:58:11 PM","0000-00","0","no battery","V","","µV","","µV"
"07/08/2024","16:18:25","1","default","166358087","001","10.716","min","246.068","μmol/L","Humid","24.365","deg","35979","µV","27.000","°C","1024.000","hPa","38.4","pmil","0","59.850","deg","20.000","°C","100.000","%a.s.","26.990","deg","23.835","°C","1018.000","hPa","0.808","-0.065","0.00038","-0.00034","0","31","Humid","5.00","0","2500.00","34848.51","SADD0002000339 Box 1","ABF1.0.0.0","4.0.0.2353","PSt3","221014-001","6/4/2024 1:58:11 PM","0000-00","0","no battery","V","","µV","","µV"
"07/08/2024","16:18:26","1","default","166358087","001","10.733","min","246.093","μmol/L","Humid","24.364","deg","35972","µV","27.000","°C","1024.000","hPa","38.4","pmil","0","59.850","deg","20.000","°C","100.000","%a.s.","26.990","deg","23.835","°C","1018.000","hPa","0.808","-0.065","0.00038","-0.00034","0","31","Humid","5.00","0","2500.00","34849.14","SADD0002000339 Box 1","ABF1.0.0.0","4.0.0.2353","PSt3","221014-001","6/4/2024 1:58:11 PM","0000-00","0","no battery","V","","µV","","µV"
"07/08/2024","16:18:27","1","default","166358087","001","10.749","min","246.093","μmol/L","Humid","24.364","deg","35981","µV","27.000","°C","1024.000","hPa","38.4","pmil","0","59.850","deg","20.000","°C","100.000","%a.s.","26.990","deg","23.835","°C","1018.000","hPa","0.808","-0.065","0.00038","-0.00034","0","31","Humid","5.00","0","2500.00","34849.85","SADD0002000339 Box 1","ABF1.0.0.0","4.0.0.2353","PSt3","221014-001","6/4/2024 1:58:11 PM","0000-00","0","no battery","V","","µV","","µV"
"07/08/2024","16:18:28","1","default","166358087","001","10.767","min","245.791","μmol/L","Humid","24.376","deg","35978","µV","27.000","°C","1024.000","hPa","38.4","pmil","0","59.850","deg","20.000","°C","100.000","%a.s.","26.990","deg","23.835","°C","1018.000","hPa","0.808","-0.065","0.00038","-0.00034","0","31","Humid","5.00","0","2500.00","34848.60","SADD0002000339 Box 1","ABF1.0.0.0","4.0.0.2353","PSt3","221014-001","6/4/2024 1:58:11 PM","0000-00","0","no battery","V","","µV","","µV"
"07/08/2024","16:18:29","1","default","166358087","001","10.784","min","245.716","μmol/L","Humid","24.379","deg","35979","µV","27.000","°C","1024.000","hPa","38.4","pmil","0","59.850","deg","20.000","°C","100.000","%a.s.","26.990","deg","23.835","°C","1018.000","hPa","0.808","-0.065","0.00038","-0.00034","0","31","Humid","5.00","0","2500.00","34848.78","SADD0002000339 Box 1","ABF1.0.0.0","4.0.0.2353","PSt3","221014-001","6/4/2024 1:58:11 PM","0000-00","0","no battery","V","","µV","","µV"
"07/08/2024","16:18:30","1","default","166358087","001","10.800","min","245.590","μmol/L","Humid","24.384","deg","35979","µV","27.000","°C","1024.000","hPa","38.4","pmil","0","59.850","deg","20.000","°C","100.000","%a.s.","26.990","deg","23.835","°C","1018.000","hPa","0.808","-0.065","0.00038","-0.00034","0","31","Humid","5.00","0","2500.00","34848.22","SADD0002000339 Box 1","ABF1.0.0.0","4.0.0.2353","PSt3","221014-001","6/4/2024 1:58:11 PM","0000-00","0","no battery","V","","µV","","µV"
"07/08/2024","16:18:31","1","default","166358087","001","10.817","min","245.917","μmol/L","Humid","24.371","deg","35974","µV","27.000","°C","1024.000","hPa","38.4","pmil","0","59.850","deg","20.000","°C","100.000","%a.s.","26.990","deg","23.835","°C","1018.000","hPa","0.808","-0.065","0.00038","-0.00034","0","31","Humid","5.00","0","2500.00","34847.52","SADD0002000339 Box 1","ABF1.0.0.0","4.0.0.2353","PSt3","221014-001","6/4/2024 1:58:11 PM","0000-00","0","no battery","V","","µV","","µV"
"07/08/2024","16:18:32","1","default","166358087","001","10.833","min","246.068","μmol/L","Humid","24.365","deg","35976","µV","27.000","°C","1024.000","hPa","38.4","pmil","0","59.850","deg","20.000","°C","100.000","%a.s.","26.990","deg","23.835","°C","1018.000","hPa","0.808","-0.065","0.00038","-0.00034","0","31","Humid","5.00","0","2500.00","34853.58","SADD0002000339 Box 1","ABF1.0.0.0","4.0.0.2353","PSt3","221014-001","6/4/2024 1:58:11 PM","0000-00","0","no battery","V","","µV","","µV"
"07/08/2024","16:18:33","1","default","166358087","001","10.850","min","245.917","μmol/L","Humid","24.371","deg","35975","µV","27.000","°C","1024.000","hPa","38.4","pmil","0","59.850","deg","20.000","°C","100.000","%a.s.","26.990","deg","23.835","°C","1018.000","hPa","0.808","-0.065","0.00038","-0.00034","0","31","Humid","5.00","0","2500.00","34851.05","SADD0002000339 Box 1","ABF1.0.0.0","4.0.0.2353","PSt3","221014-001","6/4/2024 1:58:11 PM","0000-00","0","no battery","V","","µV","","µV"
"07/08/2024","16:18:34","1","default","166358087","001","10.866","min","246.245","μmol/L","Humid","24.358","deg","35976","µV","27.000","°C","1024.000","hPa","38.4","pmil","0","59.850","deg","20.000","°C","100.000","%a.s.","26.990","deg","23.835","°C","1018.000","hPa","0.808","-0.065","0.00038","-0.00034","0","31","Humid","5.00","0","2500.00","34850.47","SADD0002000339 Box 1","ABF1.0.0.0","4.0.0.2353","PSt3","221014-001","6/4/2024 1:58:11 PM","0000-00","0","no battery","V","","µV","","µV"
"07/08/2024","16:18:35","1","default","166358087","001","10.883","min","246.018","μmol/L","Humid","24.367","deg","35970","µV","27.000","°C","1024.000","hPa","38.4","pmil","0","59.850","deg","20.000","°C","100.000","%a.s.","26.990","deg","23.835","°C","1018.000","hPa","0.808","-0.065","0.00038","-0.00034","0","31","Humid","5.00","0","2500.00","34847.88","SADD0002000339 Box 1","ABF1.0.0.0","4.0.0.2353","PSt3","221014-001","6/4/2024 1:58:11 PM","0000-00","0","no battery","V","","µV","","µV"
"07/08/2024","16:18:36","1","default","166358087","001","10.900","min","246.068","μmol/L","Humid","24.365","deg","35969","µV","27.000","°C","1024.000","hPa","38.4","pmil","0","59.850","deg","20.000","°C","100.000","%a.s.","26.990","deg","23.835","°C","1018.000","hPa","0.808","-0.065","0.00038","-0.00034","0","31","Humid","5.00","0","2500.00","34848.35","SADD0002000339 Box 1","ABF1.0.0.0","4.0.0.2353","PSt3","221014-001","6/4/2024 1:58:11 PM","0000-00","0","no battery","V","","µV","","µV"
"07/08/2024","16:18:37","1","default","166358087","001","10.917","min","245.816","μmol/L","Humid","24.375","deg","35973","µV","27.000","°C","1024.000","hPa","38.4","pmil","0","59.850","deg","20.000","°C","100.000","%a.s.","26.990","deg","23.835","°C","1018.000","hPa","0.808","-0.065","0.00038","-0.00034","0","31","Humid","5.00","0","2500.00","34846.45","SADD0002000339 Box 1","ABF1.0.0.0","4.0.0.2353","PSt3","221014-001","6/4/2024 1:58:11 PM","0000-00","0","no battery","V","","µV","","µV"
"07/08/2024","16:18:38","1","default","166358087","001","10.933","min","246.144","μmol/L","Humid","24.362","deg","35960","µV","27.000","°C","1024.000","hPa","38.4","pmil","0","59.850","deg","20.000","°C","100.000","%a.s.","26.990","deg","23.835","°C","1018.000","hPa","0.808","-0.065","0.00038","-0.00034","0","31","Humid","5.00","0","2500.00","34851.01","SADD0002000339 Box 1","ABF1.0.0.0","4.0.0.2353","PSt3","221014-001","6/4/2024 1:58:11 PM","0000-00","0","no battery","V","","µV","","µV"
"07/08/2024","16:18:39","1","default","166358087","001","10.950","min","246.295","μmol/L","Humid","24.356","deg","35966","µV","27.000","°C","1024.000","hPa","38.4","pmil","0","59.850","deg","20.000","°C","100.000","%a.s.","26.990","deg","23.835","°C","1018.000","hPa","0.808","-0.065","0.00038","-0.00034","0","31","Humid","5.00","0","2500.00","34849.54","SADD0002000339 Box 1","ABF1.0.0.0","4.0.0.2353","PSt3","221014-001","6/4/2024 1:58:11 PM","0000-00","0","no battery","V","","µV","","µV"
"07/08/2024","16:18:40","1","default","166358087","001","10.967","min","246.220","μmol/L","Humid","24.359","deg","35965","µV","27.000","°C","1024.000","hPa","38.4","pmil","0","59.850","deg","20.000","°C","100.000","%a.s.","26.990","deg","23.835","°C","1018.000","hPa","0.808","-0.065","0.00038","-0.00034","0","31","Humid","5.00","0","2500.00","34848.25","SADD0002000339 Box 1","ABF1.0.0.0","4.0.0.2353","PSt3","221014-001","6/4/2024 1:58:11 PM","0000-00","0","no battery","V","","µV","","µV"
"07/08/2024","16:18:41","1","default","166358087","001","10.984","min","246.548","μmol/L","Humid","24.346","deg","35959","µV","27.000","°C","1024.000","hPa","38.4","pmil","0","59.850","deg","20.000","°C","100.000","%a.s.","26.990","deg","23.835","°C","1018.000","hPa","0.808","-0.065","0.00038","-0.00034","0","31","Humid","5.00","0","2500.00","34846.59","SADD0002000339 Box 1","ABF1.0.0.0","4.0.0.2353","PSt3","221014-001","6/4/2024 1:58:11 PM","0000-00","0","no battery","V","","µV","","µV"
"07/08/2024","16:18:42","1","default","166358087","001","11.000","min","246.346","μmol/L","Humid","24.354","deg","35962","µV","27.000","°C","1024.000","hPa","38.4","pmil","0","59.850","deg","20.000","°C","100.000","%a.s.","26.990","deg","23.835","°C","1018.000","hPa","0.808","-0.065","0.00038","-0.00034","0","31","Humid","5.00","0","2500.00","34845.57","SADD0002000339 Box 1","ABF1.0.0.0","4.0.0.2353","PSt3","221014-001","6/4/2024 1:58:11 PM","0000-00","0","no battery","V","","µV","","µV"
"07/08/2024","16:18:43","1","default","166358087","001","11.017","min","246.194","μmol/L","Humid","24.360","deg","35960","µV","27.000","°C","1024.000","hPa","38.4","pmil","0","59.850","deg","20.000","°C","100.000","%a.s.","26.990","deg","23.835","°C","1018.000","hPa","0.808","-0.065","0.00038","-0.00034","0","31","Humid","5.00","0","2500.00","34847.03","SADD0002000339 Box 1","ABF1.0.0.0","4.0.0.2353","PSt3","221014-001","6/4/2024 1:58:11 PM","0000-00","0","no battery","V","","µV","","µV"
"07/08/2024","16:18:44","1","default","166358087","001","11.034","min","246.119","μmol/L","Humid","24.363","deg","35956","µV","27.000","°C","1024.000","hPa","38.4","pmil","0","59.850","deg","20.000","°C","100.000","%a.s.","26.990","deg","23.835","°C","1018.000","hPa","0.808","-0.065","0.00038","-0.00034","0","31","Humid","5.00","0","2500.00","34850.56","SADD0002000339 Box 1","ABF1.0.0.0","4.0.0.2353","PSt3","221014-001","6/4/2024 1:58:11 PM","0000-00","0","no battery","V","","µV","","µV"
"07/08/2024","16:18:45","1","default","166358087","001","11.050","min","246.119","μmol/L","Humid","24.363","deg","35952","µV","27.000","°C","1024.000","hPa","38.4","pmil","0","59.850","deg","20.000","°C","100.000","%a.s.","26.990","deg","23.835","°C","1018.000","hPa","0.808","-0.065","0.00038","-0.00034","0","31","Humid","5.00","0","2500.00","34855.27","SADD0002000339 Box 1","ABF1.0.0.0","4.0.0.2353","PSt3","221014-001","6/4/2024 1:58:11 PM","0000-00","0","no battery","V","","µV","","µV"
"07/08/2024","16:18:46","1","default","166358087","001","11.067","min","246.270","μmol/L","Humid","24.357","deg","35954","µV","27.000","°C","1024.000","hPa","38.4","pmil","0","59.850","deg","20.000","°C","100.000","%a.s.","26.990","deg","23.835","°C","1018.000","hPa","0.808","-0.065","0.00038","-0.00034","0","31","Humid","5.00","0","2500.00","34840.52","SADD0002000339 Box 1","ABF1.0.0.0","4.0.0.2353","PSt3","221014-001","6/4/2024 1:58:11 PM","0000-00","0","no battery","V","","µV","","µV"
"07/08/2024","16:18:47","1","default","166358087","001","11.083","min","246.472","μmol/L","Humid","24.349","deg","35954","µV","27.000","°C","1024.000","hPa","38.4","pmil","0","59.850","deg","20.000","°C","100.000","%a.s.","26.990","deg","23.835","°C","1018.000","hPa","0.808","-0.065","0.00038","-0.00034","0","31","Humid","5.00","0","2500.00","34846.45","SADD0002000339 Box 1","ABF1.0.0.0","4.0.0.2353","PSt3","221014-001","6/4/2024 1:58:11 PM","0000-00","0","no battery","V","","µV","","µV"
"07/08/2024","16:18:48","1","default","166358087","001","11.100","min","246.270","μmol/L","Humid","24.357","deg","35950","µV","27.000","°C","1024.000","hPa","38.4","pmil","0","59.850","deg","20.000","°C","100.000","%a.s.","26.990","deg","23.835","°C","1018.000","hPa","0.808","-0.065","0.00038","-0.00034","0","31","Humid","5.00","0","2500.00","34849.81","SADD0002000339 Box 1","ABF1.0.0.0","4.0.0.2353","PSt3","221014-001","6/4/2024 1:58:11 PM","0000-00","0","no battery","V","","µV","","µV"
"07/08/2024","16:18:49","1","default","166358087","001","11.117","min","246.270","μmol/L","Humid","24.357","deg","35950","µV","27.000","°C","1024.000","hPa","38.4","pmil","0","59.850","deg","20.000","°C","100.000","%a.s.","26.990","deg","23.835","°C","1018.000","hPa","0.808","-0.065","0.00038","-0.00034","0","31","Humid","5.00","0","2500.00","34850.61","SADD0002000339 Box 1","ABF1.0.0.0","4.0.0.2353","PSt3","221014-001","6/4/2024 1:58:11 PM","0000-00","0","no battery","V","","µV","","µV"
"07/08/2024","16:18:50","1","default","166358087","001","11.133","min","245.867","μmol/L","Humid","24.373","deg","35956","µV","27.000","°C","1024.000","hPa","38.4","pmil","0","59.850","deg","20.000","°C","100.000","%a.s.","26.990","deg","23.835","°C","1018.000","hPa","0.808","-0.065","0.00038","-0.00034","0","31","Humid","5.00","0","2500.00","34847.85","SADD0002000339 Box 1","ABF1.0.0.0","4.0.0.2353","PSt3","221014-001","6/4/2024 1:58:11 PM","0000-00","0","no battery","V","","µV","","µV"
"07/08/2024","16:18:51","1","default","166358087","001","11.150","min","246.396","μmol/L","Humid","24.352","deg","35954","µV","27.000","°C","1024.000","hPa","38.4","pmil","0","59.850","deg","20.000","°C","100.000","%a.s.","26.990","deg","23.835","°C","1018.000","hPa","0.808","-0.065","0.00038","-0.00034","0","31","Humid","5.00","0","2500.00","34848.09","SADD0002000339 Box 1","ABF1.0.0.0","4.0.0.2353","PSt3","221014-001","6/4/2024 1:58:11 PM","0000-00","0","no battery","V","","µV","","µV"
"07/08/2024","16:18:52","1","default","166358087","001","11.167","min","246.422","μmol/L","Humid","24.351","deg","35948","µV","27.000","°C","1024.000","hPa","38.4","pmil","0","59.850","deg","20.000","°C","100.000","%a.s.","26.990","deg","23.835","°C","1018.000","hPa","0.808","-0.065","0.00038","-0.00034","0","31","Humid","5.00","0","2500.00","34850.00","SADD0002000339 Box 1","ABF1.0.0.0","4.0.0.2353","PSt3","221014-001","6/4/2024 1:58:11 PM","0000-00","0","no battery","V","","µV","","µV"
"07/08/2024","16:18:53","1","default","166358087","001","11.183","min","246.093","μmol/L","Humid","24.364","deg","35948","µV","27.000","°C","1024.000","hPa","38.4","pmil","0","59.850","deg","20.000","°C","100.000","%a.s.","26.990","deg","23.835","°C","1018.000","hPa","0.808","-0.065","0.00038","-0.00034","0","31","Humid","5.00","0","2500.00","34850.09","SADD0002000339 Box 1","ABF1.0.0.0","4.0.0.2353","PSt3","221014-001","6/4/2024 1:58:11 PM","0000-00","0","no battery","V","","µV","","µV"
"07/08/2024","16:18:54","1","default","166358087","001","11.200","min","246.624","μmol/L","Humid","24.343","deg","35949","µV","27.000","°C","1024.000","hPa","38.4","pmil","0","59.850","deg","20.000","°C","100.000","%a.s.","26.990","deg","23.835","°C","1018.000","hPa","0.808","-0.065","0.00038","-0.00034","0","31","Humid","5.00","0","2500.00","34850.11","SADD0002000339 Box 1","ABF1.0.0.0","4.0.0.2353","PSt3","221014-001","6/4/2024 1:58:11 PM","0000-00","0","no battery","V","","µV","","µV"
"07/08/2024","16:18:55","1","default","166358087","001","11.217","min","246.270","μmol/L","Humid","24.357","deg","35940","µV","27.000","°C","1024.000","hPa","38.4","pmil","0","59.850","deg","20.000","°C","100.000","%a.s.","26.990","deg","23.835","°C","1018.000","hPa","0.808","-0.065","0.00038","-0.00034","0","31","Humid","5.00","0","2500.00","34847.82","SADD0002000339 Box 1","ABF1.0.0.0","4.0.0.2353","PSt3","221014-001","6/4/2024 1:58:11 PM","0000-00","0","no battery","V","","µV","","µV"
"07/08/2024","16:18:56","1","default","166358087","001","11.233","min","246.093","μmol/L","Humid","24.364","deg","35949","µV","27.000","°C","1024.000","hPa","38.4","pmil","0","59.850","deg","20.000","°C","100.000","%a.s.","26.990","deg","23.835","°C","1018.000","hPa","0.808","-0.065","0.00038","-0.00034","0","31","Humid","5.00","0","2500.00","34852.27","SADD0002000339 Box 1","ABF1.0.0.0","4.0.0.2353","PSt3","221014-001","6/4/2024 1:58:11 PM","0000-00","0","no battery","V","","µV","","µV"
"07/08/2024","16:18:57","1","default","166358087","001","11.250","min","246.548","μmol/L","Humid","24.346","deg","35947","µV","27.000","°C","1024.000","hPa","38.4","pmil","0","59.850","deg","20.000","°C","100.000","%a.s.","26.990","deg","23.835","°C","1018.000","hPa","0.808","-0.065","0.00038","-0.00034","0","31","Humid","5.00","0","2500.00","34851.54","SADD0002000339 Box 1","ABF1.0.0.0","4.0.0.2353","PSt3","221014-001","6/4/2024 1:58:11 PM","0000-00","0","no battery","V","","µV","","µV"
"07/08/2024","16:18:58","1","default","166358087","001","11.266","min","246.270","μmol/L","Humid","24.357","deg","35945","µV","27.000","°C","1024.000","hPa","38.4","pmil","0","59.850","deg","20.000","°C","100.000","%a.s.","26.990","deg","23.835","°C","1018.000","hPa","0.808","-0.065","0.00038","-0.00034","0","31","Humid","5.00","0","2500.00","34849.42","SADD0002000339 Box 1","ABF1.0.0.0","4.0.0.2353","PSt3","221014-001","6/4/2024 1:58:11 PM","0000-00","0","no battery","V","","µV","","µV"
"07/08/2024","16:18:59","1","default","166358087","001","11.283","min","246.523","μmol/L","Humid","24.347","deg","35948","µV","27.000","°C","1024.000","hPa","38.4","pmil","0","59.850","deg","20.000","°C","100.000","%a.s.","26.990","deg","23.835","°C","1018.000","hPa","0.808","-0.065","0.00038","-0.00034","0","31","Humid","5.00","0","2500.00","34850.08","SADD0002000339 Box 1","ABF1.0.0.0","4.0.0.2353","PSt3","221014-001","6/4/2024 1:58:11 PM","0000-00","0","no battery","V","","µV","","µV"
"07/08/2024","16:19:00","1","default","166358087","001","11.300","min","246.270","μmol/L","Humid","24.357","deg","35942","µV","27.000","°C","1024.000","hPa","38.4","pmil","0","59.850","deg","20.000","°C","100.000","%a.s.","26.990","deg","23.835","°C","1018.000","hPa","0.808","-0.065","0.00038","-0.00034","0","31","Humid","5.00","0","2500.00","34844.50","SADD0002000339 Box 1","ABF1.0.0.0","4.0.0.2353","PSt3","221014-001","6/4/2024 1:58:11 PM","0000-00","0","no battery","V","","µV","","µV"
"07/08/2024","16:19:01","1","default","166358087","001","11.316","min","246.422","μmol/L","Humid","24.351","deg","35945","µV","27.000","°C","1024.000","hPa","38.4","pmil","0","59.850","deg","20.000","°C","100.000","%a.s.","26.990","deg","23.835","°C","1018.000","hPa","0.808","-0.065","0.00038","-0.00034","0","31","Humid","5.00","0","2500.00","34851.61","SADD0002000339 Box 1","ABF1.0.0.0","4.0.0.2353","PSt3","221014-001","6/4/2024 1:58:11 PM","0000-00","0","no battery","V","","µV","","µV"
"07/08/2024","16:19:02","1","default","166358087","001","11.333","min","246.194","μmol/L","Humid","24.360","deg","35941","µV","27.000","°C","1024.000","hPa","38.4","pmil","0","59.850","deg","20.000","°C","100.000","%a.s.","26.990","deg","23.835","°C","1018.000","hPa","0.808","-0.065","0.00038","-0.00034","0","31","Humid","5.00","0","2500.00","34851.82","SADD0002000339 Box 1","ABF1.0.0.0","4.0.0.2353","PSt3","221014-001","6/4/2024 1:58:11 PM","0000-00","0","no battery","V","","µV","","µV"
"07/08/2024","16:19:03","1","default","166358087","001","11.350","min","246.346","μmol/L","Humid","24.354","deg","35942","µV","27.000","°C","1024.000","hPa","38.4","pmil","0","59.850","deg","20.000","°C","100.000","%a.s.","26.990","deg","23.835","°C","1018.000","hPa","0.808","-0.065","0.00038","-0.00034","0","31","Humid","5.00","0","2500.00","34846.25","SADD0002000339 Box 1","ABF1.0.0.0","4.0.0.2353","PSt3","221014-001","6/4/2024 1:58:11 PM","0000-00","0","no battery","V","","µV","","µV"
"07/08/2024","16:19:04","1","default","166358087","001","11.366","min","246.523","μmol/L","Humid","24.347","deg","35938","µV","27.000","°C","1024.000","hPa","38.4","pmil","0","59.850","deg","20.000","°C","100.000","%a.s.","26.990","deg","23.835","°C","1018.000","hPa","0.808","-0.065","0.00038","-0.00034","0","31","Humid","5.00","0","2500.00","34845.17","SADD0002000339 Box 1","ABF1.0.0.0","4.0.0.2353","PSt3","221014-001","6/4/2024 1:58:11 PM","0000-00","0","no battery","V","","µV","","µV"
"07/08/2024","16:19:05","1","default","166358087","001","11.383","min","246.523","μmol/L","Humid","24.347","deg","35941","µV","27.000","°C","1024.000","hPa","38.4","pmil","0","59.850","deg","20.000","°C","100.000","%a.s.","26.990","deg","23.835","°C","1018.000","hPa","0.808","-0.065","0.00038","-0.00034","0","31","Humid","5.00","0","2500.00","34849.70","SADD0002000339 Box 1","ABF1.0.0.0","4.0.0.2353","PSt3","221014-001","6/4/2024 1:58:11 PM","0000-00","0","no battery","V","","µV","","µV"
"07/08/2024","16:19:06","1","default","166358087","001","11.400","min","246.371","μmol/L","Humid","24.353","deg","35942","µV","27.000","°C","1024.000","hPa","38.4","pmil","0","59.850","deg","20.000","°C","100.000","%a.s.","26.990","deg","23.835","°C","1018.000","hPa","0.808","-0.065","0.00038","-0.00034","0","31","Humid","5.00","0","2500.00","34848.39","SADD0002000339 Box 1","ABF1.0.0.0","4.0.0.2353","PSt3","221014-001","6/4/2024 1:58:11 PM","0000-00","0","no battery","V","","µV","","µV"
"07/08/2024","16:19:07","1","default","166358087","001","11.417","min","246.422","μmol/L","Humid","24.351","deg","35943","µV","27.000","°C","1024.000","hPa","38.4","pmil","0","59.850","deg","20.000","°C","100.000","%a.s.","26.990","deg","23.835","°C","1018.000","hPa","0.808","-0.065","0.00038","-0.00034","0","31","Humid","5.00","0","2500.00","34851.50","SADD0002000339 Box 1","ABF1.0.0.0","4.0.0.2353","PSt3","221014-001","6/4/2024 1:58:11 PM","0000-00","0","no battery","V","","µV","","µV"
"07/08/2024","16:19:08","1","default","166358087","001","11.433","min","246.548","μmol/L","Humid","24.346","deg","35945","µV","27.000","°C","1024.000","hPa","38.4","pmil","0","59.850","deg","20.000","°C","100.000","%a.s.","26.990","deg","23.835","°C","1018.000","hPa","0.808","-0.065","0.00038","-0.00034","0","31","Humid","5.00","0","2500.00","34854.08","SADD0002000339 Box 1","ABF1.0.0.0","4.0.0.2353","PSt3","221014-001","6/4/2024 1:58:11 PM","0000-00","0","no battery","V","","µV","","µV"
"07/08/2024","16:19:09","1","default","166358087","001","11.450","min","245.942","μmol/L","Humid","24.370","deg","35944","µV","27.000","°C","1024.000","hPa","38.4","pmil","0","59.850","deg","20.000","°C","100.000","%a.s.","26.990","deg","23.835","°C","1018.000","hPa","0.808","-0.065","0.00038","-0.00034","0","31","Humid","5.00","0","2500.00","34842.35","SADD0002000339 Box 1","ABF1.0.0.0","4.0.0.2353","PSt3","221014-001","6/4/2024 1:58:11 PM","0000-00","0","no battery","V","","µV","","µV"
"07/08/2024","16:19:10","1","default","166358087","001","11.467","min","246.472","μmol/L","Humid","24.349","deg","35943","µV","27.000","°C","1024.000","hPa","38.4","pmil","0","59.850","deg","20.000","°C","100.000","%a.s.","26.990","deg","23.835","°C","1018.000","hPa","0.808","-0.065","0.00038","-0.00034","0","31","Humid","5.00","0","2500.00","34847.90","SADD0002000339 Box 1","ABF1.0.0.0","4.0.0.2353","PSt3","221014-001","6/4/2024 1:58:11 PM","0000-00","0","no battery","V","","µV","","µV"
"07/08/2024","16:19:11","1","default","166358087","001","11.483","min","246.295","μmol/L","Humid","24.356","deg","35943","µV","27.000","°C","1024.000","hPa","38.4","pmil","0","59.850","deg","20.000","°C","100.000","%a.s.","26.990","deg","23.835","°C","1018.000","hPa","0.808","-0.065","0.00038","-0.00034","0","31","Humid","5.00","0","2500.00","34848.50","SADD0002000339 Box 1","ABF1.0.0.0","4.0.0.2353","PSt3","221014-001","6/4/2024 1:58:11 PM","0000-00","0","no battery","V","","µV","","µV"
"07/08/2024","16:19:12","1","default","166358087","001","11.500","min","246.422","μmol/L","Humid","24.351","deg","35946","µV","27.000","°C","1024.000","hPa","38.4","pmil","0","59.850","deg","20.000","°C","100.000","%a.s.","26.990","deg","23.835","°C","1018.000","hPa","0.808","-0.065","0.00038","-0.00034","0","31","Humid","5.00","0","2500.00","34850.37","SADD0002000339 Box 1","ABF1.0.0.0","4.0.0.2353","PSt3","221014-001","6/4/2024 1:58:11 PM","0000-00","0","no battery","V","","µV","","µV"
"07/08/2024","16:19:13","1","default","166358087","001","11.517","min","246.523","μmol/L","Humid","24.347","deg","35947","µV","27.000","°C","1024.000","hPa","38.4","pmil","0","59.850","deg","20.000","°C","100.000","%a.s.","26.990","deg","23.835","°C","1018.000","hPa","0.808","-0.065","0.00038","-0.00034","0","31","Humid","5.00","0","2500.00","34848.73","SADD0002000339 Box 1","ABF1.0.0.0","4.0.0.2353","PSt3","221014-001","6/4/2024 1:58:11 PM","0000-00","0","no battery","V","","µV","","µV"
"07/08/2024","16:19:14","1","default","166358087","001","11.533","min","246.169","μmol/L","Humid","24.361","deg","35943","µV","27.000","°C","1024.000","hPa","38.4","pmil","0","59.850","deg","20.000","°C","100.000","%a.s.","26.990","deg","23.835","°C","1018.000","hPa","0.808","-0.065","0.00038","-0.00034","0","31","Humid","5.00","0","2500.00","34849.27","SADD0002000339 Box 1","ABF1.0.0.0","4.0.0.2353","PSt3","221014-001","6/4/2024 1:58:11 PM","0000-00","0","no battery","V","","µV","","µV"
"07/08/2024","16:19:15","1","default","166358087","001","11.550","min","246.396","μmol/L","Humid","24.352","deg","35950","µV","27.000","°C","1024.000","hPa","38.4","pmil","0","59.850","deg","20.000","°C","100.000","%a.s.","26.990","deg","23.835","°C","1018.000","hPa","0.808","-0.065","0.00038","-0.00034","0","31","Humid","5.00","0","2500.00","34850.52","SADD0002000339 Box 1","ABF1.0.0.0","4.0.0.2353","PSt3","221014-001","6/4/2024 1:58:11 PM","0000-00","0","no battery","V","","µV","","µV"
"07/08/2024","16:19:16","1","default","166358087","001","11.567","min","246.321","μmol/L","Humid","24.355","deg","35948","µV","27.000","°C","1024.000","hPa","38.4","pmil","0","59.850","deg","20.000","°C","100.000","%a.s.","26.990","deg","23.835","°C","1018.000","hPa","0.808","-0.065","0.00038","-0.00034","0","31","Humid","5.00","0","2500.00","34850.74","SADD0002000339 Box 1","ABF1.0.0.0","4.0.0.2353","PSt3","221014-001","6/4/2024 1:58:11 PM","0000-00","0","no battery","V","","µV","","µV"
"07/08/2024","16:19:17","1","default","166358087","001","11.583","min","246.018","μmol/L","Humid","24.367","deg","35951","µV","27.000","°C","1024.000","hPa","38.4","pmil","0","59.850","deg","20.000","°C","100.000","%a.s.","26.990","deg","23.835","°C","1018.000","hPa","0.808","-0.065","0.00038","-0.00034","0","31","Humid","5.00","0","2500.00","34845.93","SADD0002000339 Box 1","ABF1.0.0.0","4.0.0.2353","PSt3","221014-001","6/4/2024 1:58:11 PM","0000-00","0","no battery","V","","µV","","µV"
"07/08/2024","16:19:18","1","default","166358087","001","11.600","min","246.346","μmol/L","Humid","24.354","deg","35955","µV","27.000","°C","1024.000","hPa","38.4","pmil","0","59.850","deg","20.000","°C","100.000","%a.s.","26.990","deg","23.835","°C","1018.000","hPa","0.808","-0.065","0.00038","-0.00034","0","31","Humid","5.00","0","2500.00","34852.69","SADD0002000339 Box 1","ABF1.0.0.0","4.0.0.2353","PSt3","221014-001","6/4/2024 1:58:11 PM","0000-00","0","no battery","V","","µV","","µV"
"07/08/2024","16:19:19","1","default","166358087","001","11.616","min","246.068","μmol/L","Humid","24.365","deg","35954","µV","27.000","°C","1024.000","hPa","38.4","pmil","0","59.850","deg","20.000","°C","100.000","%a.s.","26.990","deg","23.835","°C","1018.000","hPa","0.808","-0.065","0.00038","-0.00034","0","31","Humid","5.00","0","2500.00","34854.63","SADD0002000339 Box 1","ABF1.0.0.0","4.0.0.2353","PSt3","221014-001","6/4/2024 1:58:11 PM","0000-00","0","no battery","V","","µV","","µV"
"07/08/2024","16:19:20","1","default","166358087","001","11.633","min","246.321","μmol/L","Humid","24.355","deg","35954","µV","27.000","°C","1024.000","hPa","38.4","pmil","0","59.850","deg","20.000","°C","100.000","%a.s.","26.990","deg","23.835","°C","1018.000","hPa","0.808","-0.065","0.00038","-0.00034","0","31","Humid","5.00","0","2500.00","34851.20","SADD0002000339 Box 1","ABF1.0.0.0","4.0.0.2353","PSt3","221014-001","6/4/2024 1:58:11 PM","0000-00","0","no battery","V","","µV","","µV"
"07/08/2024","16:19:21","1","default","166358087","001","11.650","min","246.169","μmol/L","Humid","24.361","deg","35957","µV","27.000","°C","1024.000","hPa","38.4","pmil","0","59.850","deg","20.000","°C","100.000","%a.s.","26.990","deg","23.835","°C","1018.000","hPa","0.808","-0.065","0.00038","-0.00034","0","31","Humid","5.00","0","2500.00","34845.19","SADD0002000339 Box 1","ABF1.0.0.0","4.0.0.2353","PSt3","221014-001","6/4/2024 1:58:11 PM","0000-00","0","no battery","V","","µV","","µV"
"07/08/2024","16:19:22","1","default","166358087","001","11.666","min","246.043","μmol/L","Humid","24.366","deg","35961","µV","27.000","°C","1024.000","hPa","38.4","pmil","0","59.850","deg","20.000","°C","100.000","%a.s.","26.990","deg","23.835","°C","1018.000","hPa","0.808","-0.065","0.00038","-0.00034","0","31","Humid","5.00","0","2500.00","34849.58","SADD0002000339 Box 1","ABF1.0.0.0","4.0.0.2353","PSt3","221014-001","6/4/2024 1:58:11 PM","0000-00","0","no battery","V","","µV","","µV"
"07/08/2024","16:19:23","1","default","166358087","001","11.683","min","246.270","μmol/L","Humid","24.357","deg","35961","µV","27.000","°C","1024.000","hPa","38.4","pmil","0","59.850","deg","20.000","°C","100.000","%a.s.","26.990","deg","23.835","°C","1018.000","hPa","0.808","-0.065","0.00038","-0.00034","0","31","Humid","5.00","0","2500.00","34846.15","SADD0002000339 Box 1","ABF1.0.0.0","4.0.0.2353","PSt3","221014-001","6/4/2024 1:58:11 PM","0000-00","0","no battery","V","","µV","","µV"
"07/08/2024","16:19:24","1","default","166358087","001","11.700","min","246.220","μmol/L","Humid","24.359","deg","35959","µV","27.000","°C","1024.000","hPa","38.4","pmil","0","59.850","deg","20.000","°C","100.000","%a.s.","26.990","deg","23.835","°C","1018.000","hPa","0.808","-0.065","0.00038","-0.00034","0","31","Humid","5.00","0","2500.00","34848.45","SADD0002000339 Box 1","ABF1.0.0.0","4.0.0.2353","PSt3","221014-001","6/4/2024 1:58:11 PM","0000-00","0","no battery","V","","µV","","µV"
"07/08/2024","16:19:25","1","default","166358087","001","11.716","min","246.169","μmol/L","Humid","24.361","deg","35958","µV","27.000","°C","1024.000","hPa","38.4","pmil","0","59.850","deg","20.000","°C","100.000","%a.s.","26.990","deg","23.835","°C","1018.000","hPa","0.808","-0.065","0.00038","-0.00034","0","31","Humid","5.00","0","2500.00","34852.01","SADD0002000339 Box 1","ABF1.0.0.0","4.0.0.2353","PSt3","221014-001","6/4/2024 1:58:11 PM","0000-00","0","no battery","V","","µV","","µV"
"07/08/2024","16:19:26","1","default","166358087","001","11.733","min","246.245","μmol/L","Humid","24.358","deg","35958","µV","27.000","°C","1024.000","hPa","38.4","pmil","0","59.850","deg","20.000","°C","100.000","%a.s.","26.990","deg","23.835","°C","1018.000","hPa","0.808","-0.065","0.00038","-0.00034","0","31","Humid","5.00","0","2500.00","34848.81","SADD0002000339 Box 1","ABF1.0.0.0","4.0.0.2353","PSt3","221014-001","6/4/2024 1:58:11 PM","0000-00","0","no battery","V","","µV","","µV"
"07/08/2024","16:19:27","1","default","166358087","001","11.750","min","246.093","μmol/L","Humid","24.364","deg","35956","µV","27.000","°C","1024.000","hPa","38.4","pmil","0","59.850","deg","20.000","°C","100.000","%a.s.","26.990","deg","23.835","°C","1018.000","hPa","0.808","-0.065","0.00038","-0.00034","0","31","Humid","5.00","0","2500.00","34842.82","SADD0002000339 Box 1","ABF1.0.0.0","4.0.0.2353","PSt3","221014-001","6/4/2024 1:58:11 PM","0000-00","0","no battery","V","","µV","","µV"
"07/08/2024","16:19:28","1","default","166358087","001","11.766","min","246.371","μmol/L","Humid","24.353","deg","35961","µV","27.000","°C","1024.000","hPa","38.4","pmil","0","59.850","deg","20.000","°C","100.000","%a.s.","26.990","deg","23.835","°C","1018.000","hPa","0.808","-0.065","0.00038","-0.00034","0","31","Humid","5.00","0","2500.00","34848.42","SADD0002000339 Box 1","ABF1.0.0.0","4.0.0.2353","PSt3","221014-001","6/4/2024 1:58:11 PM","0000-00","0","no battery","V","","µV","","µV"
"07/08/2024","16:19:29","1","default","166358087","001","11.783","min","246.169","μmol/L","Humid","24.361","deg","35966","µV","27.000","°C","1024.000","hPa","38.4","pmil","0","59.850","deg","20.000","°C","100.000","%a.s.","26.990","deg","23.835","°C","1018.000","hPa","0.808","-0.065","0.00038","-0.00034","0","31","Humid","5.00","0","2500.00","34845.49","SADD0002000339 Box 1","ABF1.0.0.0","4.0.0.2353","PSt3","221014-001","6/4/2024 1:58:11 PM","0000-00","0","no battery","V","","µV","","µV"
"07/08/2024","16:19:30","1","default","166358087","001","11.800","min","246.093","μmol/L","Humid","24.364","deg","35964","µV","27.000","°C","1024.000","hPa","38.4","pmil","0","59.850","deg","20.000","°C","100.000","%a.s.","26.990","deg","23.835","°C","1018.000","hPa","0.808","-0.065","0.00038","-0.00034","0","31","Humid","5.00","0","2500.00","34848.99","SADD0002000339 Box 1","ABF1.0.0.0","4.0.0.2353","PSt3","221014-001","6/4/2024 1:58:11 PM","0000-00","0","no battery","V","","µV","","µV"
"07/08/2024","16:19:31","1","default","166358087","001","11.817","min","246.119","μmol/L","Humid","24.363","deg","35961","µV","27.000","°C","1024.000","hPa","38.4","pmil","0","59.850","deg","20.000","°C","100.000","%a.s.","26.990","deg","23.835","°C","1018.000","hPa","0.808","-0.065","0.00038","-0.00034","0","31","Humid","5.00","0","2500.00","34850.49","SADD0002000339 Box 1","ABF1.0.0.0","4.0.0.2353","PSt3","221014-001","6/4/2024 1:58:11 PM","0000-00","0","no battery","V","","µV","","µV"
"07/08/2024","16:19:32","1","default","166358087","001","11.834","min","246.043","μmol/L","Humid","24.366","deg","35968","µV","27.000","°C","1024.000","hPa","38.4","pmil","0","59.850","deg","20.000","°C","100.000","%a.s.","26.990","deg","23.835","°C","1018.000","hPa","0.808","-0.065","0.00038","-0.00034","0","31","Humid","5.00","0","2500.00","34849.12","SADD0002000339 Box 1","ABF1.0.0.0","4.0.0.2353","PSt3","221014-001","6/4/2024 1:58:11 PM","0000-00","0","no battery","V","","µV","","µV"
"07/08/2024","16:19:33","1","default","166358087","001","11.850","min","246.144","μmol/L","Humid","24.362","deg","35963","µV","27.000","°C","1024.000","hPa","38.4","pmil","0","59.850","deg","20.000","°C","100.000","%a.s.","26.990","deg","23.835","°C","1018.000","hPa","0.808","-0.065","0.00038","-0.00034","0","31","Humid","5.00","0","2500.00","34847.97","SADD0002000339 Box 1","ABF1.0.0.0","4.0.0.2353","PSt3","221014-001","6/4/2024 1:58:11 PM","0000-00","0","no battery","V","","µV","","µV"
"07/08/2024","16:19:34","1","default","166358087","001","11.867","min","246.018","μmol/L","Humid","24.367","deg","35961","µV","27.000","°C","1024.000","hPa","38.4","pmil","0","59.850","deg","20.000","°C","100.000","%a.s.","26.990","deg","23.835","°C","1018.000","hPa","0.808","-0.065","0.00038","-0.00034","0","31","Humid","5.00","0","2500.00","34848.05","SADD0002000339 Box 1","ABF1.0.0.0","4.0.0.2353","PSt3","221014-001","6/4/2024 1:58:11 PM","0000-00","0","no battery","V","","µV","","µV"
"07/08/2024","16:19:35","1","default","166358087","001","11.884","min","246.194","μmol/L","Humid","24.360","deg","35967","µV","27.000","°C","1024.000","hPa","38.4","pmil","0","59.850","deg","20.000","°C","100.000","%a.s.","26.990","deg","23.835","°C","1018.000","hPa","0.808","-0.065","0.00038","-0.00034","0","31","Humid","5.00","0","2500.00","34851.21","SADD0002000339 Box 1","ABF1.0.0.0","4.0.0.2353","PSt3","221014-001","6/4/2024 1:58:11 PM","0000-00","0","no battery","V","","µV","","µV"
"07/08/2024","16:19:36","1","default","166358087","001","11.900","min","245.993","μmol/L","Humid","24.368","deg","35967","µV","27.000","°C","1024.000","hPa","38.4","pmil","0","59.850","deg","20.000","°C","100.000","%a.s.","26.990","deg","23.835","°C","1018.000","hPa","0.808","-0.065","0.00038","-0.00034","0","31","Humid","5.00","0","2500.00","34848.49","SADD0002000339 Box 1","ABF1.0.0.0","4.0.0.2353","PSt3","221014-001","6/4/2024 1:58:11 PM","0000-00","0","no battery","V","","µV","","µV"
"07/08/2024","16:19:37","1","default","166358087","001","11.917","min","245.892","μmol/L","Humid","24.372","deg","35967","µV","27.000","°C","1024.000","hPa","38.4","pmil","0","59.850","deg","20.000","°C","100.000","%a.s.","26.990","deg","23.835","°C","1018.000","hPa","0.808","-0.065","0.00038","-0.00034","0","31","Humid","5.00","0","2500.00","34853.37","SADD0002000339 Box 1","ABF1.0.0.0","4.0.0.2353","PSt3","221014-001","6/4/2024 1:58:11 PM","0000-00","0","no battery","V","","µV","","µV"
"07/08/2024","16:19:38","1","default","166358087","001","11.934","min","245.766","μmol/L","Humid","24.377","deg","35967","µV","27.000","°C","1024.000","hPa","38.4","pmil","0","59.850","deg","20.000","°C","100.000","%a.s.","26.990","deg","23.835","°C","1018.000","hPa","0.808","-0.065","0.00038","-0.00034","0","31","Humid","5.00","0","2500.00","34851.47","SADD0002000339 Box 1","ABF1.0.0.0","4.0.0.2353","PSt3","221014-001","6/4/2024 1:58:11 PM","0000-00","0","no battery","V","","µV","","µV"
"07/08/2024","16:19:39","1","default","166358087","001","11.950","min","246.018","μmol/L","Humid","24.367","deg","35968","µV","27.000","°C","1024.000","hPa","38.4","pmil","0","59.850","deg","20.000","°C","100.000","%a.s.","26.990","deg","23.835","°C","1018.000","hPa","0.808","-0.065","0.00038","-0.00034","0","31","Humid","5.00","0","2500.00","34846.43","SADD0002000339 Box 1","ABF1.0.0.0","4.0.0.2353","PSt3","221014-001","6/4/2024 1:58:11 PM","0000-00","0","no battery","V","","µV","","µV"
"07/08/2024","16:19:40","1","default","166358087","001","11.967","min","245.665","μmol/L","Humid","24.381","deg","35971","µV","27.000","°C","1024.000","hPa","38.4","pmil","0","59.850","deg","20.000","°C","100.000","%a.s.","26.990","deg","23.835","°C","1018.000","hPa","0.808","-0.065","0.00038","-0.00034","0","31","Humid","5.00","0","2500.00","34845.26","SADD0002000339 Box 1","ABF1.0.0.0","4.0.0.2353","PSt3","221014-001","6/4/2024 1:58:11 PM","0000-00","0","no battery","V","","µV","","µV"
"07/08/2024","16:19:41","1","default","166358087","001","11.983","min","246.270","μmol/L","Humid","24.357","deg","35968","µV","27.000","°C","1024.000","hPa","38.4","pmil","0","59.850","deg","20.000","°C","100.000","%a.s.","26.990","deg","23.835","°C","1018.000","hPa","0.808","-0.065","0.00038","-0.00034","0","31","Humid","5.00","0","2500.00","34850.37","SADD0002000339 Box 1","ABF1.0.0.0","4.0.0.2353","PSt3","221014-001","6/4/2024 1:58:11 PM","0000-00","0","no battery","V","","µV","","µV"
"07/08/2024","16:19:42","1","default","166358087","001","12.000","min","245.967","μmol/L","Humid","24.369","deg","35969","µV","27.000","°C","1024.000","hPa","38.4","pmil","0","59.850","deg","20.000","°C","100.000","%a.s.","26.990","deg","23.835","°C","1018.000","hPa","0.808","-0.065","0.00038","-0.00034","0","31","Humid","5.00","0","2500.00","34848.40","SADD0002000339 Box 1","ABF1.0.0.0","4.0.0.2353","PSt3","221014-001","6/4/2024 1:58:11 PM","0000-00","0","no battery","V","","µV","","µV"
"07/08/2024","16:19:43","1","default","166358087","001","12.016","min","245.942","μmol/L","Humid","24.370","deg","35970","µV","27.000","°C","1024.000","hPa","38.4","pmil","0","59.850","deg","20.000","°C","100.000","%a.s.","26.990","deg","23.835","°C","1018.000","hPa","0.808","-0.065","0.00038","-0.00034","0","31","Humid","5.00","0","2500.00","34849.38","SADD0002000339 Box 1","ABF1.0.0.0","4.0.0.2353","PSt3","221014-001","6/4/2024 1:58:11 PM","0000-00","0","no battery","V","","µV","","µV"
"07/08/2024","16:19:44","1","default","166358087","001","12.033","min","245.716","μmol/L","Humid","24.379","deg","35968","µV","27.000","°C","1024.000","hPa","38.4","pmil","0","59.850","deg","20.000","°C","100.000","%a.s.","26.990","deg","23.835","°C","1018.000","hPa","0.808","-0.065","0.00038","-0.00034","0","31","Humid","5.00","0","2500.00","34849.49","SADD0002000339 Box 1","ABF1.0.0.0","4.0.0.2353","PSt3","221014-001","6/4/2024 1:58:11 PM","0000-00","0","no battery","V","","µV","","µV"
"07/08/2024","16:19:45","1","default","166358087","001","12.050","min","246.093","μmol/L","Humid","24.364","deg","35964","µV","27.000","°C","1024.000","hPa","38.4","pmil","0","59.850","deg","20.000","°C","100.000","%a.s.","26.990","deg","23.835","°C","1018.000","hPa","0.808","-0.065","0.00038","-0.00034","0","31","Humid","5.00","0","2500.00","34847.86","SADD0002000339 Box 1","ABF1.0.0.0","4.0.0.2353","PSt3","221014-001","6/4/2024 1:58:11 PM","0000-00","0","no battery","V","","µV","","µV"
"07/08/2024","16:19:46","1","default","166358087","001","12.066","min","245.590","μmol/L","Humid","24.384","deg","35966","µV","27.000","°C","1024.000","hPa","38.4","pmil","0","59.850","deg","20.000","°C","100.000","%a.s.","26.990","deg","23.835","°C","1018.000","hPa","0.808","-0.065","0.00038","-0.00034","0","31","Humid","5.00","0","2500.00","34851.47","SADD0002000339 Box 1","ABF1.0.0.0","4.0.0.2353","PSt3","221014-001","6/4/2024 1:58:11 PM","0000-00","0","no battery","V","","µV","","µV"
"07/08/2024","16:19:47","1","default","166358087","001","12.083","min","245.967","μmol/L","Humid","24.369","deg","35968","µV","27.000","°C","1024.000","hPa","38.4","pmil","0","59.850","deg","20.000","°C","100.000","%a.s.","26.990","deg","23.835","°C","1018.000","hPa","0.808","-0.065","0.00038","-0.00034","0","31","Humid","5.00","0","2500.00","34851.60","SADD0002000339 Box 1","ABF1.0.0.0","4.0.0.2353","PSt3","221014-001","6/4/2024 1:58:11 PM","0000-00","0","no battery","V","","µV","","µV"
"07/08/2024","16:19:48","1","default","166358087","001","12.100","min","245.665","μmol/L","Humid","24.381","deg","35965","µV","27.000","°C","1024.000","hPa","38.4","pmil","0","59.850","deg","20.000","°C","100.000","%a.s.","26.990","deg","23.835","°C","1018.000","hPa","0.808","-0.065","0.00038","-0.00034","0","31","Humid","5.00","0","2500.00","34839.96","SADD0002000339 Box 1","ABF1.0.0.0","4.0.0.2353","PSt3","221014-001","6/4/2024 1:58:11 PM","0000-00","0","no battery","V","","µV","","µV"
"07/08/2024","16:19:49","1","default","166358087","001","12.116","min","245.439","μmol/L","Humid","24.390","deg","35965","µV","27.000","°C","1024.000","hPa","38.4","pmil","0","59.850","deg","20.000","°C","100.000","%a.s.","26.990","deg","23.835","°C","1018.000","hPa","0.808","-0.065","0.00038","-0.00034","0","31","Humid","5.00","0","2500.00","34847.92","SADD0002000339 Box 1","ABF1.0.0.0","4.0.0.2353","PSt3","221014-001","6/4/2024 1:58:11 PM","0000-00","0","no battery","V","","µV","","µV"
"07/08/2024","16:19:50","1","default","166358087","001","12.133","min","246.043","μmol/L","Humid","24.366","deg","35970","µV","27.000","°C","1024.000","hPa","38.4","pmil","0","59.850","deg","20.000","°C","100.000","%a.s.","26.990","deg","23.835","°C","1018.000","hPa","0.808","-0.065","0.00038","-0.00034","0","31","Humid","5.00","0","2500.00","34859.79","SADD0002000339 Box 1","ABF1.0.0.0","4.0.0.2353","PSt3","221014-001","6/4/2024 1:58:11 PM","0000-00","0","no battery","V","","µV","","µV"
"07/08/2024","16:19:51","1","default","166358087","001","12.150","min","245.967","μmol/L","Humid","24.369","deg","35971","µV","27.000","°C","1024.000","hPa","38.4","pmil","0","59.850","deg","20.000","°C","100.000","%a.s.","26.990","deg","23.835","°C","1018.000","hPa","0.808","-0.065","0.00038","-0.00034","0","31","Humid","5.00","0","2500.00","34853.62","SADD0002000339 Box 1","ABF1.0.0.0","4.0.0.2353","PSt3","221014-001","6/4/2024 1:58:11 PM","0000-00","0","no battery","V","","µV","","µV"
"07/08/2024","16:19:52","1","default","166358087","001","12.166","min","245.842","μmol/L","Humid","24.374","deg","35972","µV","27.000","°C","1024.000","hPa","38.4","pmil","0","59.850","deg","20.000","°C","100.000","%a.s.","26.990","deg","23.835","°C","1018.000","hPa","0.808","-0.065","0.00038","-0.00034","0","31","Humid","5.00","0","2500.00","34849.63","SADD0002000339 Box 1","ABF1.0.0.0","4.0.0.2353","PSt3","221014-001","6/4/2024 1:58:11 PM","0000-00","0","no battery","V","","µV","","µV"
"07/08/2024","16:19:53","1","default","166358087","001","12.183","min","246.194","μmol/L","Humid","24.360","deg","35965","µV","27.000","°C","1024.000","hPa","38.4","pmil","0","59.850","deg","20.000","°C","100.000","%a.s.","26.990","deg","23.835","°C","1018.000","hPa","0.808","-0.065","0.00038","-0.00034","0","31","Humid","5.00","0","2500.00","34848.43","SADD0002000339 Box 1","ABF1.0.0.0","4.0.0.2353","PSt3","221014-001","6/4/2024 1:58:11 PM","0000-00","0","no battery","V","","µV","","µV"
"07/08/2024","16:19:54","1","default","166358087","001","12.200","min","245.816","μmol/L","Humid","24.375","deg","35970","µV","27.000","°C","1024.000","hPa","38.4","pmil","0","59.850","deg","20.000","°C","100.000","%a.s.","26.990","deg","23.835","°C","1018.000","hPa","0.808","-0.065","0.00038","-0.00034","0","31","Humid","5.00","0","2500.00","34848.21","SADD0002000339 Box 1","ABF1.0.0.0","4.0.0.2353","PSt3","221014-001","6/4/2024 1:58:11 PM","0000-00","0","no battery","V","","µV","","µV"
"07/08/2024","16:19:55","1","default","166358087","001","12.216","min","245.993","μmol/L","Humid","24.368","deg","35967","µV","27.000","°C","1024.000","hPa","38.4","pmil","0","59.850","deg","20.000","°C","100.000","%a.s.","26.990","deg","23.835","°C","1018.000","hPa","0.808","-0.065","0.00038","-0.00034","0","31","Humid","5.00","0","2500.00","34849.30","SADD0002000339 Box 1","ABF1.0.0.0","4.0.0.2353","PSt3","221014-001","6/4/2024 1:58:11 PM","0000-00","0","no battery","V","","µV","","µV"
"07/08/2024","16:19:56","1","default","166358087","001","12.233","min","245.942","μmol/L","Humid","24.370","deg","35966","µV","27.000","°C","1024.000","hPa","38.4","pmil","0","59.850","deg","20.000","°C","100.000","%a.s.","26.990","deg","23.835","°C","1018.000","hPa","0.808","-0.065","0.00038","-0.00034","0","31","Humid","5.00","0","2500.00","34848.56","SADD0002000339 Box 1","ABF1.0.0.0","4.0.0.2353","PSt3","221014-001","6/4/2024 1:58:11 PM","0000-00","0","no battery","V","","µV","","µV"
"07/08/2024","16:19:57","1","default","166358087","001","12.250","min","246.321","μmol/L","Humid","24.355","deg","35972","µV","27.000","°C","1024.000","hPa","38.4","pmil","0","59.850","deg","20.000","°C","100.000","%a.s.","26.990","deg","23.835","°C","1018.000","hPa","0.808","-0.065","0.00038","-0.00034","0","31","Humid","5.00","0","2500.00","34847.19","SADD0002000339 Box 1","ABF1.0.0.0","4.0.0.2353","PSt3","221014-001","6/4/2024 1:58:11 PM","0000-00","0","no battery","V","","µV","","µV"
"07/08/2024","16:19:58","1","default","166358087","001","12.266","min","245.867","μmol/L","Humid","24.373","deg","35970","µV","27.000","°C","1024.000","hPa","38.4","pmil","0","59.850","deg","20.000","°C","100.000","%a.s.","26.990","deg","23.835","°C","1018.000","hPa","0.808","-0.065","0.00038","-0.00034","0","31","Humid","5.00","0","2500.00","34848.61","SADD0002000339 Box 1","ABF1.0.0.0","4.0.0.2353","PSt3","221014-001","6/4/2024 1:58:11 PM","0000-00","0","no battery","V","","µV","","µV"
"07/08/2024","16:19:59","1","default","166358087","001","12.283","min","246.144","μmol/L","Humid","24.362","deg","35960","µV","27.000","°C","1024.000","hPa","38.4","pmil","0","59.850","deg","20.000","°C","100.000","%a.s.","26.990","deg","23.835","°C","1018.000","hPa","0.808","-0.065","0.00038","-0.00034","0","31","Humid","5.00","0","2500.00","34853.39","SADD0002000339 Box 1","ABF1.0.0.0","4.0.0.2353","PSt3","221014-001","6/4/2024 1:58:11 PM","0000-00","0","no battery","V","","µV","","µV"
"07/08/2024","16:20:00","1","default","166358087","001","12.300","min","246.245","μmol/L","Humid","24.358","deg","35964","µV","27.000","°C","1024.000","hPa","38.4","pmil","0","59.850","deg","20.000","°C","100.000","%a.s.","26.990","deg","23.835","°C","1018.000","hPa","0.808","-0.065","0.00038","-0.00034","0","31","Humid","5.00","0","2500.00","34848.44","SADD0002000339 Box 1","ABF1.0.0.0","4.0.0.2353","PSt3","221014-001","6/4/2024 1:58:11 PM","0000-00","0","no battery","V","","µV","","µV"
"07/08/2024","16:20:01","1","default","166358087","001","12.317","min","246.169","μmol/L","Humid","24.361","deg","35956","µV","27.000","°C","1024.000","hPa","38.4","pmil","0","59.850","deg","20.000","°C","100.000","%a.s.","26.990","deg","23.835","°C","1018.000","hPa","0.808","-0.065","0.00038","-0.00034","0","31","Humid","5.00","0","2500.00","34851.35","SADD0002000339 Box 1","ABF1.0.0.0","4.0.0.2353","PSt3","221014-001","6/4/2024 1:58:11 PM","0000-00","0","no battery","V","","µV","","µV"
"07/08/2024","16:20:02","1","default","166358087","001","12.333","min","245.993","μmol/L","Humid","24.368","deg","35948","µV","27.000","°C","1024.000","hPa","38.4","pmil","0","59.850","deg","20.000","°C","100.000","%a.s.","26.990","deg","23.835","°C","1018.000","hPa","0.808","-0.065","0.00038","-0.00034","0","31","Humid","5.00","0","2500.00","34847.33","SADD0002000339 Box 1","ABF1.0.0.0","4.0.0.2353","PSt3","221014-001","6/4/2024 1:58:11 PM","0000-00","0","no battery","V","","µV","","µV"
"07/08/2024","16:20:03","1","default","166358087","001","12.350","min","246.270","μmol/L","Humid","24.357","deg","35945","µV","27.000","°C","1024.000","hPa","38.4","pmil","0","59.850","deg","20.000","°C","100.000","%a.s.","26.990","deg","23.835","°C","1018.000","hPa","0.808","-0.065","0.00038","-0.00034","0","31","Humid","5.00","0","2500.00","34855.13","SADD0002000339 Box 1","ABF1.0.0.0","4.0.0.2353","PSt3","221014-001","6/4/2024 1:58:11 PM","0000-00","0","no battery","V","","µV","","µV"
"07/08/2024","16:20:04","1","default","166358087","001","12.367","min","245.967","μmol/L","Humid","24.369","deg","35957","µV","27.000","°C","1024.000","hPa","38.4","pmil","0","59.850","deg","20.000","°C","100.000","%a.s.","26.990","deg","23.835","°C","1018.000","hPa","0.808","-0.065","0.00038","-0.00034","0","31","Humid","5.00","0","2500.00","34851.48","SADD0002000339 Box 1","ABF1.0.0.0","4.0.0.2353","PSt3","221014-001","6/4/2024 1:58:11 PM","0000-00","0","no battery","V","","µV","","µV"
"07/08/2024","16:20:05","1","default","166358087","001","12.383","min","246.321","μmol/L","Humid","24.355","deg","35946","µV","27.000","°C","1024.000","hPa","38.4","pmil","0","59.850","deg","20.000","°C","100.000","%a.s.","26.990","deg","23.835","°C","1018.000","hPa","0.808","-0.065","0.00038","-0.00034","0","31","Humid","5.00","0","2500.00","34847.39","SADD0002000339 Box 1","ABF1.0.0.0","4.0.0.2353","PSt3","221014-001","6/4/2024 1:58:11 PM","0000-00","0","no battery","V","","µV","","µV"
"07/08/2024","16:20:06","1","default","166358087","001","12.400","min","246.422","μmol/L","Humid","24.351","deg","35950","µV","27.000","°C","1024.000","hPa","38.4","pmil","0","59.850","deg","20.000","°C","100.000","%a.s.","26.990","deg","23.835","°C","1018.000","hPa","0.808","-0.065","0.00038","-0.00034","0","31","Humid","5.00","0","2500.00","34848.19","SADD0002000339 Box 1","ABF1.0.0.0","4.0.0.2353","PSt3","221014-001","6/4/2024 1:58:11 PM","0000-00","0","no battery","V","","µV","","µV"
"07/08/2024","16:20:07","1","default","166358087","001","12.416","min","246.295","μmol/L","Humid","24.356","deg","35957","µV","27.000","°C","1024.000","hPa","38.4","pmil","0","59.850","deg","20.000","°C","100.000","%a.s.","26.990","deg","23.835","°C","1018.000","hPa","0.808","-0.065","0.00038","-0.00034","0","31","Humid","5.00","0","2500.00","34849.13","SADD0002000339 Box 1","ABF1.0.0.0","4.0.0.2353","PSt3","221014-001","6/4/2024 1:58:11 PM","0000-00","0","no battery","V","","µV","","µV"
"07/08/2024","16:20:08","1","default","166358087","001","12.433","min","246.321","μmol/L","Humid","24.355","deg","35947","µV","27.000","°C","1024.000","hPa","38.4","pmil","0","59.850","deg","20.000","°C","100.000","%a.s.","26.990","deg","23.835","°C","1018.000","hPa","0.808","-0.065","0.00038","-0.00034","0","31","Humid","5.00","0","2500.00","34847.47","SADD0002000339 Box 1","ABF1.0.0.0","4.0.0.2353","PSt3","221014-001","6/4/2024 1:58:11 PM","0000-00","0","no battery","V","","µV","","µV"
"07/08/2024","16:20:09","1","default","166358087","001","12.450","min","246.245","μmol/L","Humid","24.358","deg","35942","µV","27.000","°C","1024.000","hPa","38.4","pmil","0","59.850","deg","20.000","°C","100.000","%a.s.","26.990","deg","23.835","°C","1018.000","hPa","0.808","-0.065","0.00038","-0.00034","0","31","Humid","5.00","0","2500.00","34846.01","SADD0002000339 Box 1","ABF1.0.0.0","4.0.0.2353","PSt3","221014-001","6/4/2024 1:58:11 PM","0000-00","0","no battery","V","","µV","","µV"
"07/08/2024","16:20:10","1","default","166358087","001","12.467","min","246.396","μmol/L","Humid","24.352","deg","35950","µV","27.000","°C","1024.000","hPa","38.4","pmil","0","59.850","deg","20.000","°C","100.000","%a.s.","26.990","deg","23.835","°C","1018.000","hPa","0.808","-0.065","0.00038","-0.00034","0","31","Humid","5.00","0","2500.00","34847.52","SADD0002000339 Box 1","ABF1.0.0.0","4.0.0.2353","PSt3","221014-001","6/4/2024 1:58:11 PM","0000-00","0","no battery","V","","µV","","µV"
"07/08/2024","16:20:11","1","default","166358087","001","12.483","min","246.295","μmol/L","Humid","24.356","deg","35936","µV","27.000","°C","1024.000","hPa","38.4","pmil","0","59.850","deg","20.000","°C","100.000","%a.s.","26.990","deg","23.835","°C","1018.000","hPa","0.808","-0.065","0.00038","-0.00034","0","31","Humid","5.00","0","2500.00","34845.56","SADD0002000339 Box 1","ABF1.0.0.0","4.0.0.2353","PSt3","221014-001","6/4/2024 1:58:11 PM","0000-00","0","no battery","V","","µV","","µV"
"07/08/2024","16:20:12","1","default","166358087","001","12.500","min","246.422","μmol/L","Humid","24.351","deg","35943","µV","27.000","°C","1024.000","hPa","38.4","pmil","0","59.850","deg","20.000","°C","100.000","%a.s.","26.990","deg","23.835","°C","1018.000","hPa","0.808","-0.065","0.00038","-0.00034","0","31","Humid","5.00","0","2500.00","34852.71","SADD0002000339 Box 1","ABF1.0.0.0","4.0.0.2353","PSt3","221014-001","6/4/2024 1:58:11 PM","0000-00","0","no battery","V","","µV","","µV"
"07/08/2024","16:20:13","1","default","166358087","001","12.516","min","246.270","μmol/L","Humid","24.357","deg","35939","µV","27.000","°C","1024.000","hPa","38.4","pmil","0","59.850","deg","20.000","°C","100.000","%a.s.","26.990","deg","23.835","°C","1018.000","hPa","0.808","-0.065","0.00038","-0.00034","0","31","Humid","5.00","0","2500.00","34850.25","SADD0002000339 Box 1","ABF1.0.0.0","4.0.0.2353","PSt3","221014-001","6/4/2024 1:58:11 PM","0000-00","0","no battery","V","","µV","","µV"
"07/08/2024","16:20:14","1","default","166358087","001","12.533","min","246.144","μmol/L","Humid","24.362","deg","35943","µV","27.000","°C","1024.000","hPa","38.4","pmil","0","59.850","deg","20.000","°C","100.000","%a.s.","26.990","deg","23.835","°C","1018.000","hPa","0.808","-0.065","0.00038","-0.00034","0","31","Humid","5.00","0","2500.00","34851.38","SADD0002000339 Box 1","ABF1.0.0.0","4.0.0.2353","PSt3","221014-001","6/4/2024 1:58:11 PM","0000-00","0","no battery","V","","µV","","µV"
"07/08/2024","16:20:15","1","default","166358087","001","12.550","min","246.169","μmol/L","Humid","24.361","deg","35935","µV","27.000","°C","1024.000","hPa","38.4","pmil","0","59.850","deg","20.000","°C","100.000","%a.s.","26.990","deg","23.835","°C","1018.000","hPa","0.808","-0.065","0.00038","-0.00034","0","31","Humid","5.00","0","2500.00","34845.75","SADD0002000339 Box 1","ABF1.0.0.0","4.0.0.2353","PSt3","221014-001","6/4/2024 1:58:11 PM","0000-00","0","no battery","V","","µV","","µV"
"07/08/2024","16:20:16","1","default","166358087","001","12.566","min","246.396","μmol/L","Humid","24.352","deg","35938","µV","27.000","°C","1024.000","hPa","38.4","pmil","0","59.850","deg","20.000","°C","100.000","%a.s.","26.990","deg","23.835","°C","1018.000","hPa","0.808","-0.065","0.00038","-0.00034","0","31","Humid","5.00","0","2500.00","34852.15","SADD0002000339 Box 1","ABF1.0.0.0","4.0.0.2353","PSt3","221014-001","6/4/2024 1:58:11 PM","0000-00","0","no battery","V","","µV","","µV"
"07/08/2024","16:20:17","1","default","166358087","001","12.583","min","245.967","μmol/L","Humid","24.369","deg","35932","µV","27.000","°C","1024.000","hPa","38.4","pmil","0","59.850","deg","20.000","°C","100.000","%a.s.","26.990","deg","23.835","°C","1018.000","hPa","0.808","-0.065","0.00038","-0.00034","0","31","Humid","5.00","0","2500.00","34849.02","SADD0002000339 Box 1","ABF1.0.0.0","4.0.0.2353","PSt3","221014-001","6/4/2024 1:58:11 PM","0000-00","0","no battery","V","","µV","","µV"
"07/08/2024","16:20:18","1","default","166358087","001","12.599","min","246.422","μmol/L","Humid","24.351","deg","35932","µV","27.000","°C","1024.000","hPa","38.4","pmil","0","59.850","deg","20.000","°C","100.000","%a.s.","26.990","deg","23.835","°C","1018.000","hPa","0.808","-0.065","0.00038","-0.00034","0","31","Humid","5.00","0","2500.00","34855.22","SADD0002000339 Box 1","ABF1.0.0.0","4.0.0.2353","PSt3","221014-001","6/4/2024 1:58:11 PM","0000-00","0","no battery","V","","µV","","µV"
"07/08/2024","16:20:19","1","default","166358087","001","12.616","min","246.245","μmol/L","Humid","24.358","deg","35925","µV","27.000","°C","1024.000","hPa","38.4","pmil","0","59.850","deg","20.000","°C","100.000","%a.s.","26.990","deg","23.835","°C","1018.000","hPa","0.808","-0.065","0.00038","-0.00034","0","31","Humid","5.00","0","2500.00","34850.98","SADD0002000339 Box 1","ABF1.0.0.0","4.0.0.2353","PSt3","221014-001","6/4/2024 1:58:11 PM","0000-00","0","no battery","V","","µV","","µV"
"07/08/2024","16:20:20","1","default","166358087","001","12.633","min","246.245","μmol/L","Humid","24.358","deg","35924","µV","27.000","°C","1024.000","hPa","38.4","pmil","0","59.850","deg","20.000","°C","100.000","%a.s.","26.990","deg","23.835","°C","1018.000","hPa","0.808","-0.065","0.00038","-0.00034","0","31","Humid","5.00","0","2500.00","34853.08","SADD0002000339 Box 1","ABF1.0.0.0","4.0.0.2353","PSt3","221014-001","6/4/2024 1:58:11 PM","0000-00","0","no battery","V","","µV","","µV"
"07/08/2024","16:20:21","1","default","166358087","001","12.649","min","246.396","μmol/L","Humid","24.352","deg","35921","µV","27.000","°C","1024.000","hPa","38.4","pmil","0","59.850","deg","20.000","°C","100.000","%a.s.","26.990","deg","23.835","°C","1018.000","hPa","0.808","-0.065","0.00038","-0.00034","0","31","Humid","5.00","0","2500.00","34850.49","SADD0002000339 Box 1","ABF1.0.0.0","4.0.0.2353","PSt3","221014-001","6/4/2024 1:58:11 PM","0000-00","0","no battery","V","","µV","","µV"
"07/08/2024","16:20:22","1","default","166358087","001","12.666","min","246.826","μmol/L","Humid","24.335","deg","35921","µV","27.000","°C","1024.000","hPa","38.4","pmil","0","59.850","deg","20.000","°C","100.000","%a.s.","26.990","deg","23.835","°C","1018.000","hPa","0.808","-0.065","0.00038","-0.00034","0","31","Humid","5.00","0","2500.00","34851.64","SADD0002000339 Box 1","ABF1.0.0.0","4.0.0.2353","PSt3","221014-001","6/4/2024 1:58:11 PM","0000-00","0","no battery","V","","µV","","µV"
"07/08/2024","16:20:23","1","default","166358087","001","12.683","min","246.497","μmol/L","Humid","24.348","deg","35918","µV","27.000","°C","1024.000","hPa","38.4","pmil","0","59.850","deg","20.000","°C","100.000","%a.s.","26.990","deg","23.835","°C","1018.000","hPa","0.808","-0.065","0.00038","-0.00034","0","31","Humid","5.00","0","2500.00","34849.02","SADD0002000339 Box 1","ABF1.0.0.0","4.0.0.2353","PSt3","221014-001","6/4/2024 1:58:11 PM","0000-00","0","no battery","V","","µV","","µV"
"07/08/2024","16:20:24","1","default","166358087","001","12.700","min","246.851","μmol/L","Humid","24.334","deg","35906","µV","27.000","°C","1024.000","hPa","38.4","pmil","0","59.850","deg","20.000","°C","100.000","%a.s.","26.990","deg","23.835","°C","1018.000","hPa","0.808","-0.065","0.00038","-0.00034","0","31","Humid","5.00","0","2500.00","34848.94","SADD0002000339 Box 1","ABF1.0.0.0","4.0.0.2353","PSt3","221014-001","6/4/2024 1:58:11 PM","0000-00","0","no battery","V","","µV","","µV"
"07/08/2024","16:20:25","1","default","166358087","001","12.716","min","246.598","μmol/L","Humid","24.344","deg","35910","µV","27.000","°C","1024.000","hPa","38.4","pmil","0","59.850","deg","20.000","°C","100.000","%a.s.","26.990","deg","23.835","°C","1018.000","hPa","0.808","-0.065","0.00038","-0.00034","0","31","Humid","5.00","0","2500.00","34850.63","SADD0002000339 Box 1","ABF1.0.0.0","4.0.0.2353","PSt3","221014-001","6/4/2024 1:58:11 PM","0000-00","0","no battery","V","","µV","","µV"
"07/08/2024","16:20:26","1","default","166358087","001","12.733","min","246.826","μmol/L","Humid","24.335","deg","35905","µV","27.000","°C","1024.000","hPa","38.4","pmil","0","59.850","deg","20.000","°C","100.000","%a.s.","26.990","deg","23.835","°C","1018.000","hPa","0.808","-0.065","0.00038","-0.00034","0","31","Humid","5.00","0","2500.00","34843.97","SADD0002000339 Box 1","ABF1.0.0.0","4.0.0.2353","PSt3","221014-001","6/4/2024 1:58:11 PM","0000-00","0","no battery","V","","µV","","µV"
"07/08/2024","16:20:27","1","default","166358087","001","12.750","min","246.548","μmol/L","Humid","24.346","deg","35906","µV","27.000","°C","1024.000","hPa","38.4","pmil","0","59.850","deg","20.000","°C","100.000","%a.s.","26.990","deg","23.835","°C","1018.000","hPa","0.808","-0.065","0.00038","-0.00034","0","31","Humid","5.00","0","2500.00","34850.97","SADD0002000339 Box 1","ABF1.0.0.0","4.0.0.2353","PSt3","221014-001","6/4/2024 1:58:11 PM","0000-00","0","no battery","V","","µV","","µV"
"07/08/2024","16:20:28","1","default","166358087","001","12.766","min","246.598","μmol/L","Humid","24.344","deg","35901","µV","27.000","°C","1024.000","hPa","38.4","pmil","0","59.850","deg","20.000","°C","100.000","%a.s.","26.990","deg","23.835","°C","1018.000","hPa","0.808","-0.065","0.00038","-0.00034","0","31","Humid","5.00","0","2500.00","34851.71","SADD0002000339 Box 1","ABF1.0.0.0","4.0.0.2353","PSt3","221014-001","6/4/2024 1:58:11 PM","0000-00","0","no battery","V","","µV","","µV"
"07/08/2024","16:20:29","1","default","166358087","001","12.783","min","246.346","μmol/L","Humid","24.354","deg","35899","µV","27.000","°C","1024.000","hPa","38.4","pmil","0","59.850","deg","20.000","°C","100.000","%a.s.","26.990","deg","23.835","°C","1018.000","hPa","0.808","-0.065","0.00038","-0.00034","0","31","Humid","5.00","0","2500.00","34850.84","SADD0002000339 Box 1","ABF1.0.0.0","4.0.0.2353","PSt3","221014-001","6/4/2024 1:58:11 PM","0000-00","0","no battery","V","","µV","","µV"
"07/08/2024","16:20:30","1","default","166358087","001","12.800","min","246.447","μmol/L","Humid","24.350","deg","35902","µV","27.000","°C","1024.000","hPa","38.4","pmil","0","59.850","deg","20.000","°C","100.000","%a.s.","26.990","deg","23.835","°C","1018.000","hPa","0.808","-0.065","0.00038","-0.00034","0","31","Humid","5.00","0","2500.00","34853.49","SADD0002000339 Box 1","ABF1.0.0.0","4.0.0.2353","PSt3","221014-001","6/4/2024 1:58:11 PM","0000-00","0","no battery","V","","µV","","µV"
"07/08/2024","16:20:31","1","default","166358087","001","12.816","min","247.029","μmol/L","Humid","24.327","deg","35897","µV","27.000","°C","1024.000","hPa","38.4","pmil","0","59.850","deg","20.000","°C","100.000","%a.s.","26.990","deg","23.835","°C","1018.000","hPa","0.808","-0.065","0.00038","-0.00034","0","31","Humid","5.00","0","2500.00","34851.60","SADD0002000339 Box 1","ABF1.0.0.0","4.0.0.2353","PSt3","221014-001","6/4/2024 1:58:11 PM","0000-00","0","no battery","V","","µV","","µV"
"07/08/2024","16:20:32","1","default","166358087","001","12.833","min","247.029","μmol/L","Humid","24.327","deg","35899","µV","27.000","°C","1024.000","hPa","38.4","pmil","0","59.850","deg","20.000","°C","100.000","%a.s.","26.990","deg","23.835","°C","1018.000","hPa","0.808","-0.065","0.00038","-0.00034","0","31","Humid","5.00","0","2500.00","34847.27","SADD0002000339 Box 1","ABF1.0.0.0","4.0.0.2353","PSt3","221014-001","6/4/2024 1:58:11 PM","0000-00","0","no battery","V","","µV","","µV"
"07/08/2024","16:20:33","1","default","166358087","001","12.850","min","246.548","μmol/L","Humid","24.346","deg","35893","µV","27.000","°C","1024.000","hPa","38.4","pmil","0","59.850","deg","20.000","°C","100.000","%a.s.","26.990","deg","23.835","°C","1018.000","hPa","0.808","-0.065","0.00038","-0.00034","0","31","Humid","5.00","0","2500.00","34851.89","SADD0002000339 Box 1","ABF1.0.0.0","4.0.0.2353","PSt3","221014-001","6/4/2024 1:58:11 PM","0000-00","0","no battery","V","","µV","","µV"
"07/08/2024","16:20:34","1","default","166358087","001","12.866","min","247.003","μmol/L","Humid","24.328","deg","35892","µV","27.000","°C","1024.000","hPa","38.4","pmil","0","59.850","deg","20.000","°C","100.000","%a.s.","26.990","deg","23.835","°C","1018.000","hPa","0.808","-0.065","0.00038","-0.00034","0","31","Humid","5.00","0","2500.00","34853.72","SADD0002000339 Box 1","ABF1.0.0.0","4.0.0.2353","PSt3","221014-001","6/4/2024 1:58:11 PM","0000-00","0","no battery","V","","µV","","µV"
"07/08/2024","16:20:35","1","default","166358087","001","12.883","min","246.346","μmol/L","Humid","24.354","deg","35894","µV","27.000","°C","1024.000","hPa","38.4","pmil","0","59.850","deg","20.000","°C","100.000","%a.s.","26.990","deg","23.835","°C","1018.000","hPa","0.808","-0.065","0.00038","-0.00034","0","31","Humid","5.00","0","2500.00","34850.96","SADD0002000339 Box 1","ABF1.0.0.0","4.0.0.2353","PSt3","221014-001","6/4/2024 1:58:11 PM","0000-00","0","no battery","V","","µV","","µV"
"07/08/2024","16:20:36","1","default","166358087","001","12.900","min","246.573","μmol/L","Humid","24.345","deg","35896","µV","27.000","°C","1024.000","hPa","38.4","pmil","0","59.850","deg","20.000","°C","100.000","%a.s.","26.990","deg","23.835","°C","1018.000","hPa","0.808","-0.065","0.00038","-0.00034","0","31","Humid","5.00","0","2500.00","34856.29","SADD0002000339 Box 1","ABF1.0.0.0","4.0.0.2353","PSt3","221014-001","6/4/2024 1:58:11 PM","0000-00","0","no battery","V","","µV","","µV"
"07/08/2024","16:20:37","1","default","166358087","001","12.917","min","246.674","μmol/L","Humid","24.341","deg","35892","µV","27.000","°C","1024.000","hPa","38.4","pmil","0","59.850","deg","20.000","°C","100.000","%a.s.","26.990","deg","23.835","°C","1018.000","hPa","0.808","-0.065","0.00038","-0.00034","0","31","Humid","5.00","0","2500.00","34847.82","SADD0002000339 Box 1","ABF1.0.0.0","4.0.0.2353","PSt3","221014-001","6/4/2024 1:58:11 PM","0000-00","0","no battery","V","","µV","","µV"
"07/08/2024","16:20:38","1","default","166358087","001","12.934","min","246.877","μmol/L","Humid","24.333","deg","35889","µV","27.000","°C","1024.000","hPa","38.4","pmil","0","59.850","deg","20.000","°C","100.000","%a.s.","26.990","deg","23.835","°C","1018.000","hPa","0.808","-0.065","0.00038","-0.00034","0","31","Humid","5.00","0","2500.00","34851.18","SADD0002000339 Box 1","ABF1.0.0.0","4.0.0.2353","PSt3","221014-001","6/4/2024 1:58:11 PM","0000-00","0","no battery","V","","µV","","µV"
"07/08/2024","16:20:39","1","default","166358087","001","12.950","min","246.548","μmol/L","Humid","24.346","deg","35886","µV","27.000","°C","1024.000","hPa","38.4","pmil","0","59.850","deg","20.000","°C","100.000","%a.s.","26.990","deg","23.835","°C","1018.000","hPa","0.808","-0.065","0.00038","-0.00034","0","31","Humid","5.00","0","2500.00","34851.72","SADD0002000339 Box 1","ABF1.0.0.0","4.0.0.2353","PSt3","221014-001","6/4/2024 1:58:11 PM","0000-00","0","no battery","V","","µV","","µV"
"07/08/2024","16:20:40","1","default","166358087","001","12.967","min","246.877","μmol/L","Humid","24.333","deg","35885","µV","27.000","°C","1024.000","hPa","38.4","pmil","0","59.850","deg","20.000","°C","100.000","%a.s.","26.990","deg","23.835","°C","1018.000","hPa","0.808","-0.065","0.00038","-0.00034","0","31","Humid","5.00","0","2500.00","34849.62","SADD0002000339 Box 1","ABF1.0.0.0","4.0.0.2353","PSt3","221014-001","6/4/2024 1:58:11 PM","0000-00","0","no battery","V","","µV","","µV"
"07/08/2024","16:20:41","1","default","166358087","001","12.984","min","246.750","μmol/L","Humid","24.338","deg","35889","µV","27.000","°C","1024.000","hPa","38.4","pmil","0","59.850","deg","20.000","°C","100.000","%a.s.","26.990","deg","23.835","°C","1018.000","hPa","0.808","-0.065","0.00038","-0.00034","0","31","Humid","5.00","0","2500.00","34846.75","SADD0002000339 Box 1","ABF1.0.0.0","4.0.0.2353","PSt3","221014-001","6/4/2024 1:58:11 PM","0000-00","0","no battery","V","","µV","","µV"
"07/08/2024","16:20:42","1","default","166358087","001","13.000","min","247.079","μmol/L","Humid","24.325","deg","35886","µV","27.000","°C","1024.000","hPa","38.4","pmil","0","59.850","deg","20.000","°C","100.000","%a.s.","26.990","deg","23.835","°C","1018.000","hPa","0.808","-0.065","0.00038","-0.00034","0","31","Humid","5.00","0","2500.00","34848.53","SADD0002000339 Box 1","ABF1.0.0.0","4.0.0.2353","PSt3","221014-001","6/4/2024 1:58:11 PM","0000-00","0","no battery","V","","µV","","µV"
"07/08/2024","16:20:43","1","default","166358087","001","13.017","min","246.902","μmol/L","Humid","24.332","deg","35883","µV","27.000","°C","1024.000","hPa","38.4","pmil","0","59.850","deg","20.000","°C","100.000","%a.s.","26.990","deg","23.835","°C","1018.000","hPa","0.808","-0.065","0.00038","-0.00034","0","31","Humid","5.00","0","2500.00","34852.76","SADD0002000339 Box 1","ABF1.0.0.0","4.0.0.2353","PSt3","221014-001","6/4/2024 1:58:11 PM","0000-00","0","no battery","V","","µV","","µV"
"07/08/2024","16:20:44","1","default","166358087","001","13.033","min","246.826","μmol/L","Humid","24.335","deg","35881","µV","27.000","°C","1024.000","hPa","38.4","pmil","0","59.850","deg","20.000","°C","100.000","%a.s.","26.990","deg","23.835","°C","1018.000","hPa","0.808","-0.065","0.00038","-0.00034","0","31","Humid","5.00","0","2500.00","34854.51","SADD0002000339 Box 1","ABF1.0.0.0","4.0.0.2353","PSt3","221014-001","6/4/2024 1:58:11 PM","0000-00","0","no battery","V","","µV","","µV"
"07/08/2024","16:20:45","1","default","166358087","001","13.050","min","246.775","μmol/L","Humid","24.337","deg","35883","µV","27.000","°C","1024.000","hPa","38.4","pmil","0","59.850","deg","20.000","°C","100.000","%a.s.","26.990","deg","23.835","°C","1018.000","hPa","0.808","-0.065","0.00038","-0.00034","0","31","Humid","5.00","0","2500.00","34852.92","SADD0002000339 Box 1","ABF1.0.0.0","4.0.0.2353","PSt3","221014-001","6/4/2024 1:58:11 PM","0000-00","0","no battery","V","","µV","","µV"
"07/08/2024","16:20:46","1","default","166358087","001","13.066","min","247.079","μmol/L","Humid","24.325","deg","35880","µV","27.000","°C","1024.000","hPa","38.4","pmil","0","59.850","deg","20.000","°C","100.000","%a.s.","26.990","deg","23.835","°C","1018.000","hPa","0.808","-0.065","0.00038","-0.00034","0","31","Humid","5.00","0","2500.00","34850.47","SADD0002000339 Box 1","ABF1.0.0.0","4.0.0.2353","PSt3","221014-001","6/4/2024 1:58:11 PM","0000-00","0","no battery","V","","µV","","µV"
"07/08/2024","16:20:47","1","default","166358087","001","13.083","min","247.257","μmol/L","Humid","24.318","deg","35871","µV","27.000","°C","1024.000","hPa","38.4","pmil","0","59.850","deg","20.000","°C","100.000","%a.s.","26.990","deg","23.835","°C","1018.000","hPa","0.808","-0.065","0.00038","-0.00034","0","31","Humid","5.00","0","2500.00","34851.56","SADD0002000339 Box 1","ABF1.0.0.0","4.0.0.2353","PSt3","221014-001","6/4/2024 1:58:11 PM","0000-00","0","no battery","V","","µV","","µV"
"07/08/2024","16:20:48","1","default","166358087","001","13.100","min","246.851","μmol/L","Humid","24.334","deg","35868","µV","27.000","°C","1024.000","hPa","38.4","pmil","0","59.850","deg","20.000","°C","100.000","%a.s.","26.990","deg","23.835","°C","1018.000","hPa","0.808","-0.065","0.00038","-0.00034","0","31","Humid","5.00","0","2500.00","34853.05","SADD0002000339 Box 1","ABF1.0.0.0","4.0.0.2353","PSt3","221014-001","6/4/2024 1:58:11 PM","0000-00","0","no battery","V","","µV","","µV"
"07/08/2024","16:20:49","1","default","166358087","001","13.117","min","247.029","μmol/L","Humid","24.327","deg","35874","µV","27.000","°C","1024.000","hPa","38.4","pmil","0","59.850","deg","20.000","°C","100.000","%a.s.","26.990","deg","23.835","°C","1018.000","hPa","0.808","-0.065","0.00038","-0.00034","0","31","Humid","5.00","0","2500.00","34852.61","SADD0002000339 Box 1","ABF1.0.0.0","4.0.0.2353","PSt3","221014-001","6/4/2024 1:58:11 PM","0000-00","0","no battery","V","","µV","","µV"
"07/08/2024","16:20:50","1","default","166358087","001","13.134","min","247.054","μmol/L","Humid","24.326","deg","35864","µV","27.000","°C","1024.000","hPa","38.4","pmil","0","59.850","deg","20.000","°C","100.000","%a.s.","26.990","deg","23.835","°C","1018.000","hPa","0.808","-0.065","0.00038","-0.00034","0","31","Humid","5.00","0","2500.00","34849.84","SADD0002000339 Box 1","ABF1.0.0.0","4.0.0.2353","PSt3","221014-001","6/4/2024 1:58:11 PM","0000-00","0","no battery","V","","µV","","µV"
"07/08/2024","16:20:51","1","default","166358087","001","13.150","min","247.079","μmol/L","Humid","24.325","deg","35862","µV","27.000","°C","1024.000","hPa","38.4","pmil","0","59.850","deg","20.000","°C","100.000","%a.s.","26.990","deg","23.835","°C","1018.000","hPa","0.808","-0.065","0.00038","-0.00034","0","31","Humid","5.00","0","2500.00","34847.39","SADD0002000339 Box 1","ABF1.0.0.0","4.0.0.2353","PSt3","221014-001","6/4/2024 1:58:11 PM","0000-00","0","no battery","V","","µV","","µV"
"07/08/2024","16:20:52","1","default","166358087","001","13.167","min","247.384","μmol/L","Humid","24.313","deg","35862","µV","27.000","°C","1024.000","hPa","38.4","pmil","0","59.850","deg","20.000","°C","100.000","%a.s.","26.990","deg","23.835","°C","1018.000","hPa","0.808","-0.065","0.00038","-0.00034","0","31","Humid","5.00","0","2500.00","34848.94","SADD0002000339 Box 1","ABF1.0.0.0","4.0.0.2353","PSt3","221014-001","6/4/2024 1:58:11 PM","0000-00","0","no battery","V","","µV","","µV"
"07/08/2024","16:20:53","1","default","166358087","001","13.183","min","246.927","μmol/L","Humid","24.331","deg","35861","µV","27.000","°C","1024.000","hPa","38.4","pmil","0","59.850","deg","20.000","°C","100.000","%a.s.","26.990","deg","23.835","°C","1018.000","hPa","0.808","-0.065","0.00038","-0.00034","0","31","Humid","5.00","0","2500.00","34852.31","SADD0002000339 Box 1","ABF1.0.0.0","4.0.0.2353","PSt3","221014-001","6/4/2024 1:58:11 PM","0000-00","0","no battery","V","","µV","","µV"
"07/08/2024","16:20:54","1","default","166358087","001","13.200","min","246.826","μmol/L","Humid","24.335","deg","35860","µV","27.000","°C","1024.000","hPa","38.4","pmil","0","59.850","deg","20.000","°C","100.000","%a.s.","26.990","deg","23.835","°C","1018.000","hPa","0.808","-0.065","0.00038","-0.00034","0","31","Humid","5.00","0","2500.00","34849.71","SADD0002000339 Box 1","ABF1.0.0.0","4.0.0.2353","PSt3","221014-001","6/4/2024 1:58:11 PM","0000-00","0","no battery","V","","µV","","µV"
"07/08/2024","16:20:55","1","default","166358087","001","13.217","min","247.029","μmol/L","Humid","24.327","deg","35863","µV","27.000","°C","1024.000","hPa","38.4","pmil","0","59.850","deg","20.000","°C","100.000","%a.s.","26.990","deg","23.835","°C","1018.000","hPa","0.808","-0.065","0.00038","-0.00034","0","31","Humid","5.00","0","2500.00","34849.11","SADD0002000339 Box 1","ABF1.0.0.0","4.0.0.2353","PSt3","221014-001","6/4/2024 1:58:11 PM","0000-00","0","no battery","V","","µV","","µV"
"07/08/2024","16:20:56","1","default","166358087","001","13.233","min","246.750","μmol/L","Humid","24.338","deg","35862","µV","27.000","°C","1024.000","hPa","38.4","pmil","0","59.850","deg","20.000","°C","100.000","%a.s.","26.990","deg","23.835","°C","1018.000","hPa","0.808","-0.065","0.00038","-0.00034","0","31","Humid","5.00","0","2500.00","34854.30","SADD0002000339 Box 1","ABF1.0.0.0","4.0.0.2353","PSt3","221014-001","6/4/2024 1:58:11 PM","0000-00","0","no battery","V","","µV","","µV"
"07/08/2024","16:20:57","1","default","166358087","001","13.250","min","246.826","μmol/L","Humid","24.335","deg","35859","µV","27.000","°C","1024.000","hPa","38.4","pmil","0","59.850","deg","20.000","°C","100.000","%a.s.","26.990","deg","23.835","°C","1018.000","hPa","0.808","-0.065","0.00038","-0.00034","0","31","Humid","5.00","0","2500.00","34852.44","SADD0002000339 Box 1","ABF1.0.0.0","4.0.0.2353","PSt3","221014-001","6/4/2024 1:58:11 PM","0000-00","0","no battery","V","","µV","","µV"
"07/08/2024","16:20:58","1","default","166358087","001","13.267","min","247.307","μmol/L","Humid","24.316","deg","35863","µV","27.000","°C","1024.000","hPa","38.4","pmil","0","59.850","deg","20.000","°C","100.000","%a.s.","26.990","deg","23.835","°C","1018.000","hPa","0.808","-0.065","0.00038","-0.00034","0","31","Humid","5.00","0","2500.00","34848.07","SADD0002000339 Box 1","ABF1.0.0.0","4.0.0.2353","PSt3","221014-001","6/4/2024 1:58:11 PM","0000-00","0","no battery","V","","µV","","µV"
"07/08/2024","16:20:59","1","default","166358087","001","13.283","min","247.206","μmol/L","Humid","24.320","deg","35868","µV","27.000","°C","1024.000","hPa","38.4","pmil","0","59.850","deg","20.000","°C","100.000","%a.s.","26.990","deg","23.835","°C","1018.000","hPa","0.808","-0.065","0.00038","-0.00034","0","31","Humid","5.00","0","2500.00","34851.93","SADD0002000339 Box 1","ABF1.0.0.0","4.0.0.2353","PSt3","221014-001","6/4/2024 1:58:11 PM","0000-00","0","no battery","V","","µV","","µV"
"07/08/2024","16:21:00","1","default","166358087","001","13.300","min","246.953","μmol/L","Humid","24.330","deg","35864","µV","27.000","°C","1024.000","hPa","38.4","pmil","0","59.850","deg","20.000","°C","100.000","%a.s.","26.990","deg","23.835","°C","1018.000","hPa","0.808","-0.065","0.00038","-0.00034","0","31","Humid","5.00","0","2500.00","34851.86","SADD0002000339 Box 1","ABF1.0.0.0","4.0.0.2353","PSt3","221014-001","6/4/2024 1:58:11 PM","0000-00","0","no battery","V","","µV","","µV"
"07/08/2024","16:21:01","1","default","166358087","001","13.316","min","247.130","μmol/L","Humid","24.323","deg","35862","µV","27.000","°C","1024.000","hPa","38.4","pmil","0","59.850","deg","20.000","°C","100.000","%a.s.","26.990","deg","23.835","°C","1018.000","hPa","0.808","-0.065","0.00038","-0.00034","0","31","Humid","5.00","0","2500.00","34854.82","SADD0002000339 Box 1","ABF1.0.0.0","4.0.0.2353","PSt3","221014-001","6/4/2024 1:58:11 PM","0000-00","0","no battery","V","","µV","","µV"
"07/08/2024","16:21:02","1","default","166358087","001","13.333","min","247.105","μmol/L","Humid","24.324","deg","35866","µV","27.000","°C","1024.000","hPa","38.4","pmil","0","59.850","deg","20.000","°C","100.000","%a.s.","26.990","deg","23.835","°C","1018.000","hPa","0.808","-0.065","0.00038","-0.00034","0","31","Humid","5.00","0","2500.00","34848.78","SADD0002000339 Box 1","ABF1.0.0.0","4.0.0.2353","PSt3","221014-001","6/4/2024 1:58:11 PM","0000-00","0","no battery","V","","µV","","µV"
"07/08/2024","16:21:03","1","default","166358087","001","13.350","min","247.029","μmol/L","Humid","24.327","deg","35860","µV","27.000","°C","1024.000","hPa","38.4","pmil","0","59.850","deg","20.000","°C","100.000","%a.s.","26.990","deg","23.835","°C","1018.000","hPa","0.808","-0.065","0.00038","-0.00034","0","31","Humid","5.00","0","2500.00","34853.35","SADD0002000339 Box 1","ABF1.0.0.0","4.0.0.2353","PSt3","221014-001","6/4/2024 1:58:11 PM","0000-00","0","no battery","V","","µV","","µV"
"07/08/2024","16:21:04","1","default","166358087","001","13.366","min","246.927","μmol/L","Humid","24.331","deg","35867","µV","27.000","°C","1024.000","hPa","38.4","pmil","0","59.850","deg","20.000","°C","100.000","%a.s.","26.990","deg","23.835","°C","1018.000","hPa","0.808","-0.065","0.00038","-0.00034","0","31","Humid","5.00","0","2500.00","34852.33","SADD0002000339 Box 1","ABF1.0.0.0","4.0.0.2353","PSt3","221014-001","6/4/2024 1:58:11 PM","0000-00","0","no battery","V","","µV","","µV"
"07/08/2024","16:21:05","1","default","166358087","001","13.383","min","247.384","μmol/L","Humid","24.313","deg","35864","µV","27.000","°C","1024.000","hPa","38.4","pmil","0","59.850","deg","20.000","°C","100.000","%a.s.","26.990","deg","23.835","°C","1018.000","hPa","0.808","-0.065","0.00038","-0.00034","0","31","Humid","5.00","0","2500.00","34850.38","SADD0002000339 Box 1","ABF1.0.0.0","4.0.0.2353","PSt3","221014-001","6/4/2024 1:58:11 PM","0000-00","0","no battery","V","","µV","","µV"
"07/08/2024","16:21:06","1","default","166358087","001","13.400","min","247.003","μmol/L","Humid","24.328","deg","35858","µV","27.000","°C","1024.000","hPa","38.4","pmil","0","59.850","deg","20.000","°C","100.000","%a.s.","26.990","deg","23.835","°C","1018.000","hPa","0.808","-0.065","0.00038","-0.00034","0","31","Humid","5.00","0","2500.00","34848.43","SADD0002000339 Box 1","ABF1.0.0.0","4.0.0.2353","PSt3","221014-001","6/4/2024 1:58:11 PM","0000-00","0","no battery","V","","µV","","µV"
"07/08/2024","16:21:07","1","default","166358087","001","13.416","min","247.307","μmol/L","Humid","24.316","deg","35856","µV","27.000","°C","1024.000","hPa","38.4","pmil","0","59.850","deg","20.000","°C","100.000","%a.s.","26.990","deg","23.835","°C","1018.000","hPa","0.808","-0.065","0.00038","-0.00034","0","31","Humid","5.00","0","2500.00","34855.94","SADD0002000339 Box 1","ABF1.0.0.0","4.0.0.2353","PSt3","221014-001","6/4/2024 1:58:11 PM","0000-00","0","no battery","V","","µV","","µV"
"07/08/2024","16:21:08","1","default","166358087","001","13.433","min","247.282","μmol/L","Humid","24.317","deg","35858","µV","27.000","°C","1024.000","hPa","38.4","pmil","0","59.850","deg","20.000","°C","100.000","%a.s.","26.990","deg","23.835","°C","1018.000","hPa","0.808","-0.065","0.00038","-0.00034","0","31","Humid","5.00","0","2500.00","34847.84","SADD0002000339 Box 1","ABF1.0.0.0","4.0.0.2353","PSt3","221014-001","6/4/2024 1:58:11 PM","0000-00","0","no battery","V","","µV","","µV"
"07/08/2024","16:21:09","1","default","166358087","001","13.450","min","247.130","μmol/L","Humid","24.323","deg","35852","µV","27.000","°C","1024.000","hPa","38.4","pmil","0","59.850","deg","20.000","°C","100.000","%a.s.","26.990","deg","23.835","°C","1018.000","hPa","0.808","-0.065","0.00038","-0.00034","0","31","Humid","5.00","0","2500.00","34851.04","SADD0002000339 Box 1","ABF1.0.0.0","4.0.0.2353","PSt3","221014-001","6/4/2024 1:58:11 PM","0000-00","0","no battery","V","","µV","","µV"
"07/08/2024","16:21:10","1","default","166358087","001","13.467","min","247.105","μmol/L","Humid","24.324","deg","35856","µV","27.000","°C","1024.000","hPa","38.4","pmil","0","59.850","deg","20.000","°C","100.000","%a.s.","26.990","deg","23.835","°C","1018.000","hPa","0.808","-0.065","0.00038","-0.00034","0","31","Humid","5.00","0","2500.00","34853.41","SADD0002000339 Box 1","ABF1.0.0.0","4.0.0.2353","PSt3","221014-001","6/4/2024 1:58:11 PM","0000-00","0","no battery","V","","µV","","µV"
"07/08/2024","16:21:11","1","default","166358087","001","13.483","min","247.181","μmol/L","Humid","24.321","deg","35852","µV","27.000","°C","1024.000","hPa","38.4","pmil","0","59.850","deg","20.000","°C","100.000","%a.s.","26.990","deg","23.835","°C","1018.000","hPa","0.808","-0.065","0.00038","-0.00034","0","31","Humid","5.00","0","2500.00","34852.96","SADD0002000339 Box 1","ABF1.0.0.0","4.0.0.2353","PSt3","221014-001","6/4/2024 1:58:11 PM","0000-00","0","no battery","V","","µV","","µV"
"07/08/2024","16:21:12","1","default","166358087","001","13.500","min","247.130","μmol/L","Humid","24.323","deg","35851","µV","27.000","°C","1024.000","hPa","38.4","pmil","0","59.850","deg","20.000","°C","100.000","%a.s.","26.990","deg","23.835","°C","1018.000","hPa","0.808","-0.065","0.00038","-0.00034","0","31","Humid","5.00","0","2500.00","34849.54","SADD0002000339 Box 1","ABF1.0.0.0","4.0.0.2353","PSt3","221014-001","6/4/2024 1:58:11 PM","0000-00","0","no battery","V","","µV","","µV"
"07/08/2024","16:21:13","1","default","166358087","001","13.517","min","246.826","μmol/L","Humid","24.335","deg","35856","µV","27.000","°C","1024.000","hPa","38.4","pmil","0","59.850","deg","20.000","°C","100.000","%a.s.","26.990","deg","23.835","°C","1018.000","hPa","0.808","-0.065","0.00038","-0.00034","0","31","Humid","5.00","0","2500.00","34854.38","SADD0002000339 Box 1","ABF1.0.0.0","4.0.0.2353","PSt3","221014-001","6/4/2024 1:58:11 PM","0000-00","0","no battery","V","","µV","","µV"
"07/08/2024","16:21:14","1","default","166358087","001","13.533","min","247.003","μmol/L","Humid","24.328","deg","35859","µV","27.000","°C","1024.000","hPa","38.4","pmil","0","59.850","deg","20.000","°C","100.000","%a.s.","26.990","deg","23.835","°C","1018.000","hPa","0.808","-0.065","0.00038","-0.00034","0","31","Humid","5.00","0","2500.00","34849.83","SADD0002000339 Box 1","ABF1.0.0.0","4.0.0.2353","PSt3","221014-001","6/4/2024 1:58:11 PM","0000-00","0","no battery","V","","µV","","µV"
"07/08/2024","16:21:15","1","default","166358087","001","13.550","min","247.511","μmol/L","Humid","24.308","deg","35853","µV","27.000","°C","1024.000","hPa","38.4","pmil","0","59.850","deg","20.000","°C","100.000","%a.s.","26.990","deg","23.835","°C","1018.000","hPa","0.808","-0.065","0.00038","-0.00034","0","31","Humid","5.00","0","2500.00","34847.81","SADD0002000339 Box 1","ABF1.0.0.0","4.0.0.2353","PSt3","221014-001","6/4/2024 1:58:11 PM","0000-00","0","no battery","V","","µV","","µV"
"07/08/2024","16:21:16","1","default","166358087","001","13.566","min","247.561","μmol/L","Humid","24.306","deg","35852","µV","27.000","°C","1024.000","hPa","38.4","pmil","0","59.850","deg","20.000","°C","100.000","%a.s.","26.990","deg","23.835","°C","1018.000","hPa","0.808","-0.065","0.00038","-0.00034","0","31","Humid","5.00","0","2500.00","34851.32","SADD0002000339 Box 1","ABF1.0.0.0","4.0.0.2353","PSt3","221014-001","6/4/2024 1:58:11 PM","0000-00","0","no battery","V","","µV","","µV"
"07/08/2024","16:21:17","1","default","166358087","001","13.583","min","247.231","μmol/L","Humid","24.319","deg","35859","µV","27.000","°C","1024.000","hPa","38.4","pmil","0","59.850","deg","20.000","°C","100.000","%a.s.","26.990","deg","23.835","°C","1018.000","hPa","0.808","-0.065","0.00038","-0.00034","0","31","Humid","5.00","0","2500.00","34850.46","SADD0002000339 Box 1","ABF1.0.0.0","4.0.0.2353","PSt3","221014-001","6/4/2024 1:58:11 PM","0000-00","0","no battery","V","","µV","","µV"
"07/08/2024","16:21:18","1","default","166358087","001","13.600","min","247.003","μmol/L","Humid","24.328","deg","35854","µV","27.000","°C","1024.000","hPa","38.4","pmil","0","59.850","deg","20.000","°C","100.000","%a.s.","26.990","deg","23.835","°C","1018.000","hPa","0.808","-0.065","0.00038","-0.00034","0","31","Humid","5.00","0","2500.00","34851.84","SADD0002000339 Box 1","ABF1.0.0.0","4.0.0.2353","PSt3","221014-001","6/4/2024 1:58:11 PM","0000-00","0","no battery","V","","µV","","µV"
"07/08/2024","16:21:19","1","default","166358087","001","13.616","min","247.181","μmol/L","Humid","24.321","deg","35850","µV","27.000","°C","1024.000","hPa","38.4","pmil","0","59.850","deg","20.000","°C","100.000","%a.s.","26.990","deg","23.835","°C","1018.000","hPa","0.808","-0.065","0.00038","-0.00034","0","31","Humid","5.00","0","2500.00","34845.27","SADD0002000339 Box 1","ABF1.0.0.0","4.0.0.2353","PSt3","221014-001","6/4/2024 1:58:11 PM","0000-00","0","no battery","V","","µV","","µV"
"07/08/2024","16:21:20","1","default","166358087","001","13.633","min","247.358","μmol/L","Humid","24.314","deg","35842","µV","27.000","°C","1024.000","hPa","38.4","pmil","0","59.850","deg","20.000","°C","100.000","%a.s.","26.990","deg","23.835","°C","1018.000","hPa","0.808","-0.065","0.00038","-0.00034","0","31","Humid","5.00","0","2500.00","34849.39","SADD0002000339 Box 1","ABF1.0.0.0","4.0.0.2353","PSt3","221014-001","6/4/2024 1:58:11 PM","0000-00","0","no battery","V","","µV","","µV"
"07/08/2024","16:21:21","1","default","166358087","001","13.650","min","247.333","μmol/L","Humid","24.315","deg","35846","µV","27.000","°C","1024.000","hPa","38.4","pmil","0","59.850","deg","20.000","°C","100.000","%a.s.","26.990","deg","23.835","°C","1018.000","hPa","0.808","-0.065","0.00038","-0.00034","0","31","Humid","5.00","0","2500.00","34850.31","SADD0002000339 Box 1","ABF1.0.0.0","4.0.0.2353","PSt3","221014-001","6/4/2024 1:58:11 PM","0000-00","0","no battery","V","","µV","","µV"
"07/08/2024","16:21:22","1","default","166358087","001","13.666","min","247.105","μmol/L","Humid","24.324","deg","35844","µV","27.000","°C","1024.000","hPa","38.4","pmil","0","59.850","deg","20.000","°C","100.000","%a.s.","26.990","deg","23.835","°C","1018.000","hPa","0.808","-0.065","0.00038","-0.00034","0","31","Humid","5.00","0","2500.00","34850.53","SADD0002000339 Box 1","ABF1.0.0.0","4.0.0.2353","PSt3","221014-001","6/4/2024 1:58:11 PM","0000-00","0","no battery","V","","µV","","µV"
"07/08/2024","16:21:23","1","default","166358087","001","13.683","min","247.638","μmol/L","Humid","24.303","deg","35841","µV","27.000","°C","1024.000","hPa","38.4","pmil","0","59.850","deg","20.000","°C","100.000","%a.s.","26.990","deg","23.835","°C","1018.000","hPa","0.808","-0.065","0.00038","-0.00034","0","31","Humid","5.00","0","2500.00","34851.52","SADD0002000339 Box 1","ABF1.0.0.0","4.0.0.2353","PSt3","221014-001","6/4/2024 1:58:11 PM","0000-00","0","no battery","V","","µV","","µV"
"07/08/2024","16:21:24","1","default","166358087","001","13.700","min","247.079","μmol/L","Humid","24.325","deg","35841","µV","27.000","°C","1024.000","hPa","38.4","pmil","0","59.850","deg","20.000","°C","100.000","%a.s.","26.990","deg","23.835","°C","1018.000","hPa","0.808","-0.065","0.00038","-0.00034","0","31","Humid","5.00","0","2500.00","34845.99","SADD0002000339 Box 1","ABF1.0.0.0","4.0.0.2353","PSt3","221014-001","6/4/2024 1:58:11 PM","0000-00","0","no battery","V","","µV","","µV"
"07/08/2024","16:21:25","1","default","166358087","001","13.716","min","247.079","μmol/L","Humid","24.325","deg","35846","µV","27.000","°C","1024.000","hPa","38.4","pmil","0","59.850","deg","20.000","°C","100.000","%a.s.","26.990","deg","23.835","°C","1018.000","hPa","0.808","-0.065","0.00038","-0.00034","0","31","Humid","5.00","0","2500.00","34854.53","SADD0002000339 Box 1","ABF1.0.0.0","4.0.0.2353","PSt3","221014-001","6/4/2024 1:58:11 PM","0000-00","0","no battery","V","","µV","","µV"
"07/08/2024","16:21:26","1","default","166358087","001","13.734","min","247.307","μmol/L","Humid","24.316","deg","35835","µV","27.000","°C","1024.000","hPa","38.4","pmil","0","59.850","deg","20.000","°C","100.000","%a.s.","26.990","deg","23.835","°C","1018.000","hPa","0.808","-0.065","0.00038","-0.00034","0","31","Humid","5.00","0","2500.00","34857.56","SADD0002000339 Box 1","ABF1.0.0.0","4.0.0.2353","PSt3","221014-001","6/4/2024 1:58:11 PM","0000-00","0","no battery","V","","µV","","µV"
"07/08/2024","16:21:27","1","default","166358087","001","13.750","min","247.739","μmol/L","Humid","24.299","deg","35838","µV","27.000","°C","1024.000","hPa","38.4","pmil","0","59.850","deg","20.000","°C","100.000","%a.s.","26.990","deg","23.835","°C","1018.000","hPa","0.808","-0.065","0.00038","-0.00034","0","31","Humid","5.00","0","2500.00","34858.36","SADD0002000339 Box 1","ABF1.0.0.0","4.0.0.2353","PSt3","221014-001","6/4/2024 1:58:11 PM","0000-00","0","no battery","V","","µV","","µV"
"07/08/2024","16:21:28","1","default","166358087","001","13.767","min","247.181","μmol/L","Humid","24.321","deg","35835","µV","27.000","°C","1024.000","hPa","38.4","pmil","0","59.850","deg","20.000","°C","100.000","%a.s.","26.990","deg","23.835","°C","1018.000","hPa","0.808","-0.065","0.00038","-0.00034","0","31","Humid","5.00","0","2500.00","34852.35","SADD0002000339 Box 1","ABF1.0.0.0","4.0.0.2353","PSt3","221014-001","6/4/2024 1:58:11 PM","0000-00","0","no battery","V","","µV","","µV"
"07/08/2024","16:21:29","1","default","166358087","001","13.784","min","247.485","μmol/L","Humid","24.309","deg","35829","µV","27.000","°C","1024.000","hPa","38.4","pmil","0","59.850","deg","20.000","°C","100.000","%a.s.","26.990","deg","23.835","°C","1018.000","hPa","0.808","-0.065","0.00038","-0.00034","0","31","Humid","5.00","0","2500.00","34847.16","SADD0002000339 Box 1","ABF1.0.0.0","4.0.0.2353","PSt3","221014-001","6/4/2024 1:58:11 PM","0000-00","0","no battery","V","","µV","","µV"
"07/08/2024","16:21:30","1","default","166358087","001","13.800","min","247.714","μmol/L","Humid","24.300","deg","35832","µV","27.000","°C","1024.000","hPa","38.4","pmil","0","59.850","deg","20.000","°C","100.000","%a.s.","26.990","deg","23.835","°C","1018.000","hPa","0.808","-0.065","0.00038","-0.00034","0","31","Humid","5.00","0","2500.00","34848.32","SADD0002000339 Box 1","ABF1.0.0.0","4.0.0.2353","PSt3","221014-001","6/4/2024 1:58:11 PM","0000-00","0","no battery","V","","µV","","µV"
"07/08/2024","16:21:31","1","default","166358087","001","13.817","min","248.045","μmol/L","Humid","24.287","deg","35834","µV","27.000","°C","1024.000","hPa","38.4","pmil","0","59.850","deg","20.000","°C","100.000","%a.s.","26.990","deg","23.835","°C","1018.000","hPa","0.808","-0.065","0.00038","-0.00034","0","31","Humid","5.00","0","2500.00","34852.93","SADD0002000339 Box 1","ABF1.0.0.0","4.0.0.2353","PSt3","221014-001","6/4/2024 1:58:11 PM","0000-00","0","no battery","V","","µV","","µV"
"07/08/2024","16:21:32","1","default","166358087","001","13.833","min","247.358","μmol/L","Humid","24.314","deg","35831","µV","27.000","°C","1024.000","hPa","38.4","pmil","0","59.850","deg","20.000","°C","100.000","%a.s.","26.990","deg","23.835","°C","1018.000","hPa","0.808","-0.065","0.00038","-0.00034","0","31","Humid","5.00","0","2500.00","34848.42","SADD0002000339 Box 1","ABF1.0.0.0","4.0.0.2353","PSt3","221014-001","6/4/2024 1:58:11 PM","0000-00","0","no battery","V","","µV","","µV"
"07/08/2024","16:21:33","1","default","166358087","001","13.850","min","247.384","μmol/L","Humid","24.313","deg","35824","µV","27.000","°C","1024.000","hPa","38.4","pmil","0","59.850","deg","20.000","°C","100.000","%a.s.","26.990","deg","23.835","°C","1018.000","hPa","0.808","-0.065","0.00038","-0.00034","0","31","Humid","5.00","0","2500.00","34849.57","SADD0002000339 Box 1","ABF1.0.0.0","4.0.0.2353","PSt3","221014-001","6/4/2024 1:58:11 PM","0000-00","0","no battery","V","","µV","","µV"
"07/08/2024","16:21:34","1","default","166358087","001","13.867","min","247.561","μmol/L","Humid","24.306","deg","35823","µV","27.000","°C","1024.000","hPa","38.4","pmil","0","59.850","deg","20.000","°C","100.000","%a.s.","26.990","deg","23.835","°C","1018.000","hPa","0.808","-0.065","0.00038","-0.00034","0","31","Humid","5.00","0","2500.00","34851.93","SADD0002000339 Box 1","ABF1.0.0.0","4.0.0.2353","PSt3","221014-001","6/4/2024 1:58:11 PM","0000-00","0","no battery","V","","µV","","µV"
"07/08/2024","16:21:35","1","default","166358087","001","13.883","min","247.409","μmol/L","Humid","24.312","deg","35827","µV","27.000","°C","1024.000","hPa","38.4","pmil","0","59.850","deg","20.000","°C","100.000","%a.s.","26.990","deg","23.835","°C","1018.000","hPa","0.808","-0.065","0.00038","-0.00034","0","31","Humid","5.00","0","2500.00","34848.99","SADD0002000339 Box 1","ABF1.0.0.0","4.0.0.2353","PSt3","221014-001","6/4/2024 1:58:11 PM","0000-00","0","no battery","V","","µV","","µV"
"07/08/2024","16:21:36","1","default","166358087","001","13.900","min","247.282","μmol/L","Humid","24.317","deg","35822","µV","27.000","°C","1024.000","hPa","38.4","pmil","0","59.850","deg","20.000","°C","100.000","%a.s.","26.990","deg","23.835","°C","1018.000","hPa","0.808","-0.065","0.00038","-0.00034","0","31","Humid","5.00","0","2500.00","34852.25","SADD0002000339 Box 1","ABF1.0.0.0","4.0.0.2353","PSt3","221014-001","6/4/2024 1:58:11 PM","0000-00","0","no battery","V","","µV","","µV"
"07/08/2024","16:21:37","1","default","166358087","001","13.917","min","247.333","μmol/L","Humid","24.315","deg","35829","µV","27.000","°C","1024.000","hPa","38.4","pmil","0","59.850","deg","20.000","°C","100.000","%a.s.","26.990","deg","23.835","°C","1018.000","hPa","0.808","-0.065","0.00038","-0.00034","0","31","Humid","5.00","0","2500.00","34850.73","SADD0002000339 Box 1","ABF1.0.0.0","4.0.0.2353","PSt3","221014-001","6/4/2024 1:58:11 PM","0000-00","0","no battery","V","","µV","","µV"
"07/08/2024","16:21:38","1","default","166358087","001","13.934","min","247.460","μmol/L","Humid","24.310","deg","35822","µV","27.000","°C","1024.000","hPa","38.4","pmil","0","59.850","deg","20.000","°C","100.000","%a.s.","26.990","deg","23.835","°C","1018.000","hPa","0.808","-0.065","0.00038","-0.00034","0","31","Humid","5.00","0","2500.00","34850.69","SADD0002000339 Box 1","ABF1.0.0.0","4.0.0.2353","PSt3","221014-001","6/4/2024 1:58:11 PM","0000-00","0","no battery","V","","µV","","µV"
"07/08/2024","16:21:39","1","default","166358087","001","13.950","min","247.536","μmol/L","Humid","24.307","deg","35829","µV","27.000","°C","1024.000","hPa","38.4","pmil","0","59.850","deg","20.000","°C","100.000","%a.s.","26.990","deg","23.835","°C","1018.000","hPa","0.808","-0.065","0.00038","-0.00034","0","31","Humid","5.00","0","2500.00","34854.81","SADD0002000339 Box 1","ABF1.0.0.0","4.0.0.2353","PSt3","221014-001","6/4/2024 1:58:11 PM","0000-00","0","no battery","V","","µV","","µV"
"07/08/2024","16:21:40","1","default","166358087","001","13.967","min","247.485","μmol/L","Humid","24.309","deg","35823","µV","27.000","°C","1024.000","hPa","38.4","pmil","0","59.850","deg","20.000","°C","100.000","%a.s.","26.990","deg","23.835","°C","1018.000","hPa","0.808","-0.065","0.00038","-0.00034","0","31","Humid","5.00","0","2500.00","34857.82","SADD0002000339 Box 1","ABF1.0.0.0","4.0.0.2353","PSt3","221014-001","6/4/2024 1:58:11 PM","0000-00","0","no battery","V","","µV","","µV"
"07/08/2024","16:21:41","1","default","166358087","001","13.984","min","247.409","μmol/L","Humid","24.312","deg","35821","µV","27.000","°C","1024.000","hPa","38.4","pmil","0","59.850","deg","20.000","°C","100.000","%a.s.","26.990","deg","23.835","°C","1018.000","hPa","0.808","-0.065","0.00038","-0.00034","0","31","Humid","5.00","0","2500.00","34849.26","SADD0002000339 Box 1","ABF1.0.0.0","4.0.0.2353","PSt3","221014-001","6/4/2024 1:58:11 PM","0000-00","0","no battery","V","","µV","","µV"
"07/08/2024","16:21:42","1","default","166358087","001","14.000","min","247.434","μmol/L","Humid","24.311","deg","35814","µV","27.000","°C","1024.000","hPa","38.4","pmil","0","59.850","deg","20.000","°C","100.000","%a.s.","26.990","deg","23.835","°C","1018.000","hPa","0.808","-0.065","0.00038","-0.00034","0","31","Humid","5.00","0","2500.00","34845.23","SADD0002000339 Box 1","ABF1.0.0.0","4.0.0.2353","PSt3","221014-001","6/4/2024 1:58:11 PM","0000-00","0","no battery","V","","µV","","µV"
"07/08/2024","16:21:43","1","default","166358087","001","14.017","min","247.307","μmol/L","Humid","24.316","deg","35809","µV","27.000","°C","1024.000","hPa","38.4","pmil","0","59.850","deg","20.000","°C","100.000","%a.s.","26.990","deg","23.835","°C","1018.000","hPa","0.808","-0.065","0.00038","-0.00034","0","31","Humid","5.00","0","2500.00","34849.23","SADD0002000339 Box 1","ABF1.0.0.0","4.0.0.2353","PSt3","221014-001","6/4/2024 1:58:11 PM","0000-00","0","no battery","V","","µV","","µV"
"07/08/2024","16:21:44","1","default","166358087","001","14.033","min","247.587","μmol/L","Humid","24.305","deg","35818","µV","27.000","°C","1024.000","hPa","38.4","pmil","0","59.850","deg","20.000","°C","100.000","%a.s.","26.990","deg","23.835","°C","1018.000","hPa","0.808","-0.065","0.00038","-0.00034","0","31","Humid","5.00","0","2500.00","34855.71","SADD0002000339 Box 1","ABF1.0.0.0","4.0.0.2353","PSt3","221014-001","6/4/2024 1:58:11 PM","0000-00","0","no battery","V","","µV","","µV"
"07/08/2024","16:21:45","1","default","166358087","001","14.050","min","247.587","μmol/L","Humid","24.305","deg","35814","µV","27.000","°C","1024.000","hPa","38.4","pmil","0","59.850","deg","20.000","°C","100.000","%a.s.","26.990","deg","23.835","°C","1018.000","hPa","0.808","-0.065","0.00038","-0.00034","0","31","Humid","5.00","0","2500.00","34850.66","SADD0002000339 Box 1","ABF1.0.0.0","4.0.0.2353","PSt3","221014-001","6/4/2024 1:58:11 PM","0000-00","0","no battery","V","","µV","","µV"
"07/08/2024","16:21:46","1","default","166358087","001","14.067","min","247.638","μmol/L","Humid","24.303","deg","35819","µV","27.000","°C","1024.000","hPa","38.4","pmil","0","59.850","deg","20.000","°C","100.000","%a.s.","26.990","deg","23.835","°C","1018.000","hPa","0.808","-0.065","0.00038","-0.00034","0","31","Humid","5.00","0","2500.00","34847.48","SADD0002000339 Box 1","ABF1.0.0.0","4.0.0.2353","PSt3","221014-001","6/4/2024 1:58:11 PM","0000-00","0","no battery","V","","µV","","µV"
"07/08/2024","16:21:47","1","default","166358087","001","14.083","min","247.790","μmol/L","Humid","24.297","deg","35815","µV","27.000","°C","1024.000","hPa","38.4","pmil","0","59.850","deg","20.000","°C","100.000","%a.s.","26.990","deg","23.835","°C","1018.000","hPa","0.808","-0.065","0.00038","-0.00034","0","31","Humid","5.00","0","2500.00","34847.41","SADD0002000339 Box 1","ABF1.0.0.0","4.0.0.2353","PSt3","221014-001","6/4/2024 1:58:11 PM","0000-00","0","no battery","V","","µV","","µV"
"07/08/2024","16:21:48","1","default","166358087","001","14.100","min","247.688","μmol/L","Humid","24.301","deg","35810","µV","27.000","°C","1024.000","hPa","38.4","pmil","0","59.850","deg","20.000","°C","100.000","%a.s.","26.990","deg","23.835","°C","1018.000","hPa","0.808","-0.065","0.00038","-0.00034","0","31","Humid","5.00","0","2500.00","34849.04","SADD0002000339 Box 1","ABF1.0.0.0","4.0.0.2353","PSt3","221014-001","6/4/2024 1:58:11 PM","0000-00","0","no battery","V","","µV","","µV"
"07/08/2024","16:21:49","1","default","166358087","001","14.116","min","247.536","μmol/L","Humid","24.307","deg","35813","µV","27.000","°C","1024.000","hPa","38.4","pmil","0","59.850","deg","20.000","°C","100.000","%a.s.","26.990","deg","23.835","°C","1018.000","hPa","0.808","-0.065","0.00038","-0.00034","0","31","Humid","5.00","0","2500.00","34850.34","SADD0002000339 Box 1","ABF1.0.0.0","4.0.0.2353","PSt3","221014-001","6/4/2024 1:58:11 PM","0000-00","0","no battery","V","","µV","","µV"
"07/08/2024","16:21:50","1","default","166358087","001","14.133","min","247.688","μmol/L","Humid","24.301","deg","35812","µV","27.000","°C","1024.000","hPa","38.4","pmil","0","59.850","deg","20.000","°C","100.000","%a.s.","26.990","deg","23.835","°C","1018.000","hPa","0.808","-0.065","0.00038","-0.00034","0","31","Humid","5.00","0","2500.00","34851.42","SADD0002000339 Box 1","ABF1.0.0.0","4.0.0.2353","PSt3","221014-001","6/4/2024 1:58:11 PM","0000-00","0","no battery","V","","µV","","µV"
"07/08/2024","16:21:51","1","default","166358087","001","14.150","min","247.790","μmol/L","Humid","24.297","deg","35809","µV","27.000","°C","1024.000","hPa","38.4","pmil","0","59.850","deg","20.000","°C","100.000","%a.s.","26.990","deg","23.835","°C","1018.000","hPa","0.808","-0.065","0.00038","-0.00034","0","31","Humid","5.00","0","2500.00","34846.40","SADD0002000339 Box 1","ABF1.0.0.0","4.0.0.2353","PSt3","221014-001","6/4/2024 1:58:11 PM","0000-00","0","no battery","V","","µV","","µV"
"07/08/2024","16:21:52","1","default","166358087","001","14.166","min","247.841","μmol/L","Humid","24.295","deg","35799","µV","27.000","°C","1024.000","hPa","38.4","pmil","0","59.850","deg","20.000","°C","100.000","%a.s.","26.990","deg","23.835","°C","1018.000","hPa","0.808","-0.065","0.00038","-0.00034","0","31","Humid","5.00","0","2500.00","34846.98","SADD0002000339 Box 1","ABF1.0.0.0","4.0.0.2353","PSt3","221014-001","6/4/2024 1:58:11 PM","0000-00","0","no battery","V","","µV","","µV"
"07/08/2024","16:21:53","1","default","166358087","001","14.183","min","247.841","μmol/L","Humid","24.295","deg","35805","µV","27.000","°C","1024.000","hPa","38.4","pmil","0","59.850","deg","20.000","°C","100.000","%a.s.","26.990","deg","23.835","°C","1018.000","hPa","0.808","-0.065","0.00038","-0.00034","0","31","Humid","5.00","0","2500.00","34847.40","SADD0002000339 Box 1","ABF1.0.0.0","4.0.0.2353","PSt3","221014-001","6/4/2024 1:58:11 PM","0000-00","0","no battery","V","","µV","","µV"
"07/08/2024","16:21:54","1","default","166358087","001","14.199","min","247.663","μmol/L","Humid","24.302","deg","35801","µV","27.000","°C","1024.000","hPa","38.4","pmil","0","59.850","deg","20.000","°C","100.000","%a.s.","26.990","deg","23.835","°C","1018.000","hPa","0.808","-0.065","0.00038","-0.00034","0","31","Humid","5.00","0","2500.00","34854.03","SADD0002000339 Box 1","ABF1.0.0.0","4.0.0.2353","PSt3","221014-001","6/4/2024 1:58:11 PM","0000-00","0","no battery","V","","µV","","µV"
"07/08/2024","16:21:55","1","default","166358087","001","14.216","min","247.536","μmol/L","Humid","24.307","deg","35798","µV","27.000","°C","1024.000","hPa","38.4","pmil","0","59.850","deg","20.000","°C","100.000","%a.s.","26.990","deg","23.835","°C","1018.000","hPa","0.808","-0.065","0.00038","-0.00034","0","31","Humid","5.00","0","2500.00","34851.96","SADD0002000339 Box 1","ABF1.0.0.0","4.0.0.2353","PSt3","221014-001","6/4/2024 1:58:11 PM","0000-00","0","no battery","V","","µV","","µV"
"07/08/2024","16:21:56","1","default","166358087","001","14.233","min","247.714","μmol/L","Humid","24.300","deg","35802","µV","27.000","°C","1024.000","hPa","38.4","pmil","0","59.850","deg","20.000","°C","100.000","%a.s.","26.990","deg","23.835","°C","1018.000","hPa","0.808","-0.065","0.00038","-0.00034","0","31","Humid","5.00","0","2500.00","34843.27","SADD0002000339 Box 1","ABF1.0.0.0","4.0.0.2353","PSt3","221014-001","6/4/2024 1:58:11 PM","0000-00","0","no battery","V","","µV","","µV"
"07/08/2024","16:21:57","1","default","166358087","001","14.249","min","247.638","μmol/L","Humid","24.303","deg","35802","µV","27.000","°C","1024.000","hPa","38.4","pmil","0","59.850","deg","20.000","°C","100.000","%a.s.","26.990","deg","23.835","°C","1018.000","hPa","0.808","-0.065","0.00038","-0.00034","0","31","Humid","5.00","0","2500.00","34849.78","SADD0002000339 Box 1","ABF1.0.0.0","4.0.0.2353","PSt3","221014-001","6/4/2024 1:58:11 PM","0000-00","0","no battery","V","","µV","","µV"
"07/08/2024","16:21:58","1","default","166358087","001","14.267","min","247.739","μmol/L","Humid","24.299","deg","35804","µV","27.000","°C","1024.000","hPa","38.4","pmil","0","59.850","deg","20.000","°C","100.000","%a.s.","26.990","deg","23.835","°C","1018.000","hPa","0.808","-0.065","0.00038","-0.00034","0","31","Humid","5.00","0","2500.00","34851.23","SADD0002000339 Box 1","ABF1.0.0.0","4.0.0.2353","PSt3","221014-001","6/4/2024 1:58:11 PM","0000-00","0","no battery","V","","µV","","µV"
"07/08/2024","16:21:59","1","default","166358087","001","14.283","min","247.663","μmol/L","Humid","24.302","deg","35797","µV","27.000","°C","1024.000","hPa","38.4","pmil","0","59.850","deg","20.000","°C","100.000","%a.s.","26.990","deg","23.835","°C","1018.000","hPa","0.808","-0.065","0.00038","-0.00034","0","31","Humid","5.00","0","2500.00","34847.43","SADD0002000339 Box 1","ABF1.0.0.0","4.0.0.2353","PSt3","221014-001","6/4/2024 1:58:11 PM","0000-00","0","no battery","V","","µV","","µV"
"07/08/2024","16:22:00","1","default","166358087","001","14.300","min","247.663","μmol/L","Humid","24.302","deg","35795","µV","27.000","°C","1024.000","hPa","38.4","pmil","0","59.850","deg","20.000","°C","100.000","%a.s.","26.990","deg","23.835","°C","1018.000","hPa","0.808","-0.065","0.00038","-0.00034","0","31","Humid","5.00","0","2500.00","34850.54","SADD0002000339 Box 1","ABF1.0.0.0","4.0.0.2353","PSt3","221014-001","6/4/2024 1:58:11 PM","0000-00","0","no battery","V","","µV","","µV"
"07/08/2024","16:22:01","1","default","166358087","001","14.317","min","247.663","μmol/L","Humid","24.302","deg","35793","µV","27.000","°C","1024.000","hPa","38.4","pmil","0","59.850","deg","20.000","°C","100.000","%a.s.","26.990","deg","23.835","°C","1018.000","hPa","0.808","-0.065","0.00038","-0.00034","0","31","Humid","5.00","0","2500.00","34851.63","SADD0002000339 Box 1","ABF1.0.0.0","4.0.0.2353","PSt3","221014-001","6/4/2024 1:58:11 PM","0000-00","0","no battery","V","","µV","","µV"
"07/08/2024","16:22:02","1","default","166358087","001","14.333","min","247.587","μmol/L","Humid","24.305","deg","35793","µV","27.000","°C","1024.000","hPa","38.4","pmil","0","59.850","deg","20.000","°C","100.000","%a.s.","26.990","deg","23.835","°C","1018.000","hPa","0.808","-0.065","0.00038","-0.00034","0","31","Humid","5.00","0","2500.00","34850.75","SADD0002000339 Box 1","ABF1.0.0.0","4.0.0.2353","PSt3","221014-001","6/4/2024 1:58:11 PM","0000-00","0","no battery","V","","µV","","µV"
"07/08/2024","16:22:03","1","default","166358087","001","14.350","min","247.892","μmol/L","Humid","24.293","deg","35796","µV","27.000","°C","1024.000","hPa","38.4","pmil","0","59.850","deg","20.000","°C","100.000","%a.s.","26.990","deg","23.835","°C","1018.000","hPa","0.808","-0.065","0.00038","-0.00034","0","31","Humid","5.00","0","2500.00","34853.17","SADD0002000339 Box 1","ABF1.0.0.0","4.0.0.2353","PSt3","221014-001","6/4/2024 1:58:11 PM","0000-00","0","no battery","V","","µV","","µV"
"07/08/2024","16:22:04","1","default","166358087","001","14.367","min","247.561","μmol/L","Humid","24.306","deg","35795","µV","27.000","°C","1024.000","hPa","38.4","pmil","0","59.850","deg","20.000","°C","100.000","%a.s.","26.990","deg","23.835","°C","1018.000","hPa","0.808","-0.065","0.00038","-0.00034","0","31","Humid","5.00","0","2500.00","34849.14","SADD0002000339 Box 1","ABF1.0.0.0","4.0.0.2353","PSt3","221014-001","6/4/2024 1:58:11 PM","0000-00","0","no battery","V","","µV","","µV"
"07/08/2024","16:22:05","1","default","166358087","001","14.383","min","247.841","μmol/L","Humid","24.295","deg","35793","µV","27.000","°C","1024.000","hPa","38.4","pmil","0","59.850","deg","20.000","°C","100.000","%a.s.","26.990","deg","23.835","°C","1018.000","hPa","0.808","-0.065","0.00038","-0.00034","0","31","Humid","5.00","0","2500.00","34851.17","SADD0002000339 Box 1","ABF1.0.0.0","4.0.0.2353","PSt3","221014-001","6/4/2024 1:58:11 PM","0000-00","0","no battery","V","","µV","","µV"
"07/08/2024","16:22:06","1","default","166358087","001","14.400","min","247.638","μmol/L","Humid","24.303","deg","35791","µV","27.000","°C","1024.000","hPa","38.4","pmil","0","59.850","deg","20.000","°C","100.000","%a.s.","26.990","deg","23.835","°C","1018.000","hPa","0.808","-0.065","0.00038","-0.00034","0","31","Humid","5.00","0","2500.00","34849.05","SADD0002000339 Box 1","ABF1.0.0.0","4.0.0.2353","PSt3","221014-001","6/4/2024 1:58:11 PM","0000-00","0","no battery","V","","µV","","µV"
"07/08/2024","16:22:07","1","default","166358087","001","14.417","min","247.739","μmol/L","Humid","24.299","deg","35797","µV","27.000","°C","1024.000","hPa","38.4","pmil","0","59.850","deg","20.000","°C","100.000","%a.s.","26.990","deg","23.835","°C","1018.000","hPa","0.808","-0.065","0.00038","-0.00034","0","31","Humid","5.00","0","2500.00","34854.66","SADD0002000339 Box 1","ABF1.0.0.0","4.0.0.2353","PSt3","221014-001","6/4/2024 1:58:11 PM","0000-00","0","no battery","V","","µV","","µV"
"07/08/2024","16:22:08","1","default","166358087","001","14.433","min","247.790","μmol/L","Humid","24.297","deg","35789","µV","27.000","°C","1024.000","hPa","38.4","pmil","0","59.850","deg","20.000","°C","100.000","%a.s.","26.990","deg","23.835","°C","1018.000","hPa","0.808","-0.065","0.00038","-0.00034","0","31","Humid","5.00","0","2500.00","34849.55","SADD0002000339 Box 1","ABF1.0.0.0","4.0.0.2353","PSt3","221014-001","6/4/2024 1:58:11 PM","0000-00","0","no battery","V","","µV","","µV"
"07/08/2024","16:22:09","1","default","166358087","001","14.450","min","247.790","μmol/L","Humid","24.297","deg","35793","µV","27.000","°C","1024.000","hPa","38.4","pmil","0","59.850","deg","20.000","°C","100.000","%a.s.","26.990","deg","23.835","°C","1018.000","hPa","0.808","-0.065","0.00038","-0.00034","0","31","Humid","5.00","0","2500.00","34857.34","SADD0002000339 Box 1","ABF1.0.0.0","4.0.0.2353","PSt3","221014-001","6/4/2024 1:58:11 PM","0000-00","0","no battery","V","","µV","","µV"
"07/08/2024","16:22:10","1","default","166358087","001","14.467","min","247.892","μmol/L","Humid","24.293","deg","35798","µV","27.000","°C","1024.000","hPa","38.4","pmil","0","59.850","deg","20.000","°C","100.000","%a.s.","26.990","deg","23.835","°C","1018.000","hPa","0.808","-0.065","0.00038","-0.00034","0","31","Humid","5.00","0","2500.00","34850.99","SADD0002000339 Box 1","ABF1.0.0.0","4.0.0.2353","PSt3","221014-001","6/4/2024 1:58:11 PM","0000-00","0","no battery","V","","µV","","µV"
"07/08/2024","16:22:11","1","default","166358087","001","14.483","min","247.638","μmol/L","Humid","24.303","deg","35795","µV","27.000","°C","1024.000","hPa","38.4","pmil","0","59.850","deg","20.000","°C","100.000","%a.s.","26.990","deg","23.835","°C","1018.000","hPa","0.808","-0.065","0.00038","-0.00034","0","31","Humid","5.00","0","2500.00","34852.67","SADD0002000339 Box 1","ABF1.0.0.0","4.0.0.2353","PSt3","221014-001","6/4/2024 1:58:11 PM","0000-00","0","no battery","V","","µV","","µV"
"07/08/2024","16:22:12","1","default","166358087","001","14.500","min","247.866","μmol/L","Humid","24.294","deg","35791","µV","27.000","°C","1024.000","hPa","38.4","pmil","0","59.850","deg","20.000","°C","100.000","%a.s.","26.990","deg","23.835","°C","1018.000","hPa","0.808","-0.065","0.00038","-0.00034","0","31","Humid","5.00","0","2500.00","34847.34","SADD0002000339 Box 1","ABF1.0.0.0","4.0.0.2353","PSt3","221014-001","6/4/2024 1:58:11 PM","0000-00","0","no battery","V","","µV","","µV"
"07/08/2024","16:22:13","1","default","166358087","001","14.516","min","247.409","μmol/L","Humid","24.312","deg","35798","µV","27.000","°C","1024.000","hPa","38.4","pmil","0","59.850","deg","20.000","°C","100.000","%a.s.","26.990","deg","23.835","°C","1018.000","hPa","0.808","-0.065","0.00038","-0.00034","0","31","Humid","5.00","0","2500.00","34852.72","SADD0002000339 Box 1","ABF1.0.0.0","4.0.0.2353","PSt3","221014-001","6/4/2024 1:58:11 PM","0000-00","0","no battery","V","","µV","","µV"
"07/08/2024","16:22:14","1","default","166358087","001","14.533","min","247.943","μmol/L","Humid","24.291","deg","35793","µV","27.000","°C","1024.000","hPa","38.4","pmil","0","59.850","deg","20.000","°C","100.000","%a.s.","26.990","deg","23.835","°C","1018.000","hPa","0.808","-0.065","0.00038","-0.00034","0","31","Humid","5.00","0","2500.00","34849.95","SADD0002000339 Box 1","ABF1.0.0.0","4.0.0.2353","PSt3","221014-001","6/4/2024 1:58:11 PM","0000-00","0","no battery","V","","µV","","µV"
"07/08/2024","16:22:15","1","default","166358087","001","14.550","min","247.917","μmol/L","Humid","24.292","deg","35798","µV","27.000","°C","1024.000","hPa","38.4","pmil","0","59.850","deg","20.000","°C","100.000","%a.s.","26.990","deg","23.835","°C","1018.000","hPa","0.808","-0.065","0.00038","-0.00034","0","31","Humid","5.00","0","2500.00","34852.81","SADD0002000339 Box 1","ABF1.0.0.0","4.0.0.2353","PSt3","221014-001","6/4/2024 1:58:11 PM","0000-00","0","no battery","V","","µV","","µV"
"07/08/2024","16:22:16","1","default","166358087","001","14.566","min","247.739","μmol/L","Humid","24.299","deg","35796","µV","27.000","°C","1024.000","hPa","38.4","pmil","0","59.850","deg","20.000","°C","100.000","%a.s.","26.990","deg","23.835","°C","1018.000","hPa","0.808","-0.065","0.00038","-0.00034","0","31","Humid","5.00","0","2500.00","34856.25","SADD0002000339 Box 1","ABF1.0.0.0","4.0.0.2353","PSt3","221014-001","6/4/2024 1:58:11 PM","0000-00","0","no battery","V","","µV","","µV"
"07/08/2024","16:22:17","1","default","166358087","001","14.583","min","247.587","μmol/L","Humid","24.305","deg","35798","µV","27.000","°C","1024.000","hPa","38.4","pmil","0","59.850","deg","20.000","°C","100.000","%a.s.","26.990","deg","23.835","°C","1018.000","hPa","0.808","-0.065","0.00038","-0.00034","0","31","Humid","5.00","0","2500.00","34851.35","SADD0002000339 Box 1","ABF1.0.0.0","4.0.0.2353","PSt3","221014-001","6/4/2024 1:58:11 PM","0000-00","0","no battery","V","","µV","","µV"
"07/08/2024","16:22:18","1","default","166358087","001","14.600","min","247.994","μmol/L","Humid","24.289","deg","35801","µV","27.000","°C","1024.000","hPa","38.4","pmil","0","59.850","deg","20.000","°C","100.000","%a.s.","26.990","deg","23.835","°C","1018.000","hPa","0.808","-0.065","0.00038","-0.00034","0","31","Humid","5.00","0","2500.00","34854.42","SADD0002000339 Box 1","ABF1.0.0.0","4.0.0.2353","PSt3","221014-001","6/4/2024 1:58:11 PM","0000-00","0","no battery","V","","µV","","µV"
"07/08/2024","16:22:19","1","default","166358087","001","14.616","min","247.739","μmol/L","Humid","24.299","deg","35803","µV","27.000","°C","1024.000","hPa","38.4","pmil","0","59.850","deg","20.000","°C","100.000","%a.s.","26.990","deg","23.835","°C","1018.000","hPa","0.808","-0.065","0.00038","-0.00034","0","31","Humid","5.00","0","2500.00","34852.88","SADD0002000339 Box 1","ABF1.0.0.0","4.0.0.2353","PSt3","221014-001","6/4/2024 1:58:11 PM","0000-00","0","no battery","V","","µV","","µV"
"07/08/2024","16:22:20","1","default","166358087","001","14.633","min","247.536","μmol/L","Humid","24.307","deg","35807","µV","27.000","°C","1024.000","hPa","38.4","pmil","0","59.850","deg","20.000","°C","100.000","%a.s.","26.990","deg","23.835","°C","1018.000","hPa","0.808","-0.065","0.00038","-0.00034","0","31","Humid","5.00","0","2500.00","34849.99","SADD0002000339 Box 1","ABF1.0.0.0","4.0.0.2353","PSt3","221014-001","6/4/2024 1:58:11 PM","0000-00","0","no battery","V","","µV","","µV"
"07/08/2024","16:22:21","1","default","166358087","001","14.650","min","247.460","μmol/L","Humid","24.310","deg","35810","µV","27.000","°C","1024.000","hPa","38.4","pmil","0","59.850","deg","20.000","°C","100.000","%a.s.","26.990","deg","23.835","°C","1018.000","hPa","0.808","-0.065","0.00038","-0.00034","0","31","Humid","5.00","0","2500.00","34851.78","SADD0002000339 Box 1","ABF1.0.0.0","4.0.0.2353","PSt3","221014-001","6/4/2024 1:58:11 PM","0000-00","0","no battery","V","","µV","","µV"
"07/08/2024","16:22:22","1","default","166358087","001","14.666","min","247.663","μmol/L","Humid","24.302","deg","35804","µV","27.000","°C","1024.000","hPa","38.4","pmil","0","59.850","deg","20.000","°C","100.000","%a.s.","26.990","deg","23.835","°C","1018.000","hPa","0.808","-0.065","0.00038","-0.00034","0","31","Humid","5.00","0","2500.00","34850.97","SADD0002000339 Box 1","ABF1.0.0.0","4.0.0.2353","PSt3","221014-001","6/4/2024 1:58:11 PM","0000-00","0","no battery","V","","µV","","µV"
"07/08/2024","16:22:23","1","default","166358087","001","14.683","min","247.638","μmol/L","Humid","24.303","deg","35802","µV","27.000","°C","1024.000","hPa","38.4","pmil","0","59.850","deg","20.000","°C","100.000","%a.s.","26.990","deg","23.835","°C","1018.000","hPa","0.808","-0.065","0.00038","-0.00034","0","31","Humid","5.00","0","2500.00","34847.68","SADD0002000339 Box 1","ABF1.0.0.0","4.0.0.2353","PSt3","221014-001","6/4/2024 1:58:11 PM","0000-00","0","no battery","V","","µV","","µV"
"07/08/2024","16:22:24","1","default","166358087","001","14.699","min","247.841","μmol/L","Humid","24.295","deg","35808","µV","27.000","°C","1024.000","hPa","38.4","pmil","0","59.850","deg","20.000","°C","100.000","%a.s.","26.990","deg","23.835","°C","1018.000","hPa","0.808","-0.065","0.00038","-0.00034","0","31","Humid","5.00","0","2500.00","34847.69","SADD0002000339 Box 1","ABF1.0.0.0","4.0.0.2353","PSt3","221014-001","6/4/2024 1:58:11 PM","0000-00","0","no battery","V","","µV","","µV"
"07/08/2024","16:22:25","1","default","166358087","001","14.716","min","247.663","μmol/L","Humid","24.302","deg","35804","µV","27.000","°C","1024.000","hPa","38.4","pmil","0","59.850","deg","20.000","°C","100.000","%a.s.","26.990","deg","23.835","°C","1018.000","hPa","0.808","-0.065","0.00038","-0.00034","0","31","Humid","5.00","0","2500.00","34855.11","SADD0002000339 Box 1","ABF1.0.0.0","4.0.0.2353","PSt3","221014-001","6/4/2024 1:58:11 PM","0000-00","0","no battery","V","","µV","","µV"
"07/08/2024","16:22:26","1","default","166358087","001","14.733","min","247.587","μmol/L","Humid","24.305","deg","35811","µV","27.000","°C","1024.000","hPa","38.4","pmil","0","59.850","deg","20.000","°C","100.000","%a.s.","26.990","deg","23.835","°C","1018.000","hPa","0.808","-0.065","0.00038","-0.00034","0","31","Humid","5.00","0","2500.00","34849.96","SADD0002000339 Box 1","ABF1.0.0.0","4.0.0.2353","PSt3","221014-001","6/4/2024 1:58:11 PM","0000-00","0","no battery","V","","µV","","µV"
"07/08/2024","16:22:27","1","default","166358087","001","14.750","min","247.485","μmol/L","Humid","24.309","deg","35805","µV","27.000","°C","1024.000","hPa","38.4","pmil","0","59.850","deg","20.000","°C","100.000","%a.s.","26.990","deg","23.835","°C","1018.000","hPa","0.808","-0.065","0.00038","-0.00034","0","31","Humid","5.00","0","2500.00","34849.18","SADD0002000339 Box 1","ABF1.0.0.0","4.0.0.2353","PSt3","221014-001","6/4/2024 1:58:11 PM","0000-00","0","no battery","V","","µV","","µV"
"07/08/2024","16:22:28","1","default","166358087","001","14.766","min","247.358","μmol/L","Humid","24.314","deg","35804","µV","27.000","°C","1024.000","hPa","38.4","pmil","0","59.850","deg","20.000","°C","100.000","%a.s.","26.990","deg","23.835","°C","1018.000","hPa","0.808","-0.065","0.00038","-0.00034","0","31","Humid","5.00","0","2500.00","34854.51","SADD0002000339 Box 1","ABF1.0.0.0","4.0.0.2353","PSt3","221014-001","6/4/2024 1:58:11 PM","0000-00","0","no battery","V","","µV","","µV"
"07/08/2024","16:22:29","1","default","166358087","001","14.784","min","247.688","μmol/L","Humid","24.301","deg","35809","µV","27.000","°C","1024.000","hPa","38.4","pmil","0","59.850","deg","20.000","°C","100.000","%a.s.","26.990","deg","23.835","°C","1018.000","hPa","0.808","-0.065","0.00038","-0.00034","0","31","Humid","5.00","0","2500.00","34850.96","SADD0002000339 Box 1","ABF1.0.0.0","4.0.0.2353","PSt3","221014-001","6/4/2024 1:58:11 PM","0000-00","0","no battery","V","","µV","","µV"
"07/08/2024","16:22:30","1","default","166358087","001","14.800","min","247.866","μmol/L","Humid","24.294","deg","35801","µV","27.000","°C","1024.000","hPa","38.4","pmil","0","59.850","deg","20.000","°C","100.000","%a.s.","26.990","deg","23.835","°C","1018.000","hPa","0.808","-0.065","0.00038","-0.00034","0","31","Humid","5.00","0","2500.00","34853.66","SADD0002000339 Box 1","ABF1.0.0.0","4.0.0.2353","PSt3","221014-001","6/4/2024 1:58:11 PM","0000-00","0","no battery","V","","µV","","µV"
"07/08/2024","16:22:31","1","default","166358087","001","14.816","min","247.155","μmol/L","Humid","24.322","deg","35805","µV","27.000","°C","1024.000","hPa","38.4","pmil","0","59.850","deg","20.000","°C","100.000","%a.s.","26.990","deg","23.835","°C","1018.000","hPa","0.808","-0.065","0.00038","-0.00034","0","31","Humid","5.00","0","2500.00","34854.84","SADD0002000339 Box 1","ABF1.0.0.0","4.0.0.2353","PSt3","221014-001","6/4/2024 1:58:11 PM","0000-00","0","no battery","V","","µV","","µV"
"07/08/2024","16:22:32","1","default","166358087","001","14.833","min","247.587","μmol/L","Humid","24.305","deg","35801","µV","27.000","°C","1024.000","hPa","38.4","pmil","0","59.850","deg","20.000","°C","100.000","%a.s.","26.990","deg","23.835","°C","1018.000","hPa","0.808","-0.065","0.00038","-0.00034","0","31","Humid","5.00","0","2500.00","34851.20","SADD0002000339 Box 1","ABF1.0.0.0","4.0.0.2353","PSt3","221014-001","6/4/2024 1:58:11 PM","0000-00","0","no battery","V","","µV","","µV"
"07/08/2024","16:22:33","1","default","166358087","001","14.850","min","247.739","μmol/L","Humid","24.299","deg","35803","µV","27.000","°C","1024.000","hPa","38.4","pmil","0","59.850","deg","20.000","°C","100.000","%a.s.","26.990","deg","23.835","°C","1018.000","hPa","0.808","-0.065","0.00038","-0.00034","0","31","Humid","5.00","0","2500.00","34851.06","SADD0002000339 Box 1","ABF1.0.0.0","4.0.0.2353","PSt3","221014-001","6/4/2024 1:58:11 PM","0000-00","0","no battery","V","","µV","","µV"
"07/08/2024","16:22:34","1","default","166358087","001","14.867","min","247.892","μmol/L","Humid","24.293","deg","35811","µV","27.000","°C","1024.000","hPa","38.4","pmil","0","59.850","deg","20.000","°C","100.000","%a.s.","26.990","deg","23.835","°C","1018.000","hPa","0.808","-0.065","0.00038","-0.00034","0","31","Humid","5.00","0","2500.00","34847.76","SADD0002000339 Box 1","ABF1.0.0.0","4.0.0.2353","PSt3","221014-001","6/4/2024 1:58:11 PM","0000-00","0","no battery","V","","µV","","µV"
"07/08/2024","16:22:35","1","default","166358087","001","14.883","min","247.587","μmol/L","Humid","24.305","deg","35809","µV","27.000","°C","1024.000","hPa","38.4","pmil","0","59.850","deg","20.000","°C","100.000","%a.s.","26.990","deg","23.835","°C","1018.000","hPa","0.808","-0.065","0.00038","-0.00034","0","31","Humid","5.00","0","2500.00","34854.53","SADD0002000339 Box 1","ABF1.0.0.0","4.0.0.2353","PSt3","221014-001","6/4/2024 1:58:11 PM","0000-00","0","no battery","V","","µV","","µV"
"07/08/2024","16:22:36","1","default","166358087","001","14.900","min","247.434","μmol/L","Humid","24.311","deg","35809","µV","27.000","°C","1024.000","hPa","38.4","pmil","0","59.850","deg","20.000","°C","100.000","%a.s.","26.990","deg","23.835","°C","1018.000","hPa","0.808","-0.065","0.00038","-0.00034","0","31","Humid","5.00","0","2500.00","34857.32","SADD0002000339 Box 1","ABF1.0.0.0","4.0.0.2353","PSt3","221014-001","6/4/2024 1:58:11 PM","0000-00","0","no battery","V","","µV","","µV"
"07/08/2024","16:22:37","1","default","166358087","001","14.916","min","247.511","μmol/L","Humid","24.308","deg","35808","µV","27.000","°C","1024.000","hPa","38.4","pmil","0","59.850","deg","20.000","°C","100.000","%a.s.","26.990","deg","23.835","°C","1018.000","hPa","0.808","-0.065","0.00038","-0.00034","0","31","Humid","5.00","0","2500.00","34849.20","SADD0002000339 Box 1","ABF1.0.0.0","4.0.0.2353","PSt3","221014-001","6/4/2024 1:58:11 PM","0000-00","0","no battery","V","","µV","","µV"
"07/08/2024","16:22:38","1","default","166358087","001","14.933","min","247.536","μmol/L","Humid","24.307","deg","35812","µV","27.000","°C","1024.000","hPa","38.4","pmil","0","59.850","deg","20.000","°C","100.000","%a.s.","26.990","deg","23.835","°C","1018.000","hPa","0.808","-0.065","0.00038","-0.00034","0","31","Humid","5.00","0","2500.00","34847.96","SADD0002000339 Box 1","ABF1.0.0.0","4.0.0.2353","PSt3","221014-001","6/4/2024 1:58:11 PM","0000-00","0","no battery","V","","µV","","µV"
"07/08/2024","16:22:39","1","default","166358087","001","14.950","min","247.384","μmol/L","Humid","24.313","deg","35808","µV","27.000","°C","1024.000","hPa","38.4","pmil","0","59.850","deg","20.000","°C","100.000","%a.s.","26.990","deg","23.835","°C","1018.000","hPa","0.808","-0.065","0.00038","-0.00034","0","31","Humid","5.00","0","2500.00","34849.49","SADD0002000339 Box 1","ABF1.0.0.0","4.0.0.2353","PSt3","221014-001","6/4/2024 1:58:11 PM","0000-00","0","no battery","V","","µV","","µV"
"07/08/2024","16:22:40","1","default","166358087","001","14.966","min","247.714","μmol/L","Humid","24.300","deg","35804","µV","27.000","°C","1024.000","hPa","38.4","pmil","0","59.850","deg","20.000","°C","100.000","%a.s.","26.990","deg","23.835","°C","1018.000","hPa","0.808","-0.065","0.00038","-0.00034","0","31","Humid","5.00","0","2500.00","34854.13","SADD0002000339 Box 1","ABF1.0.0.0","4.0.0.2353","PSt3","221014-001","6/4/2024 1:58:11 PM","0000-00","0","no battery","V","","µV","","µV"
"07/08/2024","16:22:41","1","default","166358087","001","14.983","min","247.866","μmol/L","Humid","24.294","deg","35805","µV","27.000","°C","1024.000","hPa","38.4","pmil","0","59.850","deg","20.000","°C","100.000","%a.s.","26.990","deg","23.835","°C","1018.000","hPa","0.808","-0.065","0.00038","-0.00034","0","31","Humid","5.00","0","2500.00","34847.31","SADD0002000339 Box 1","ABF1.0.0.0","4.0.0.2353","PSt3","221014-001","6/4/2024 1:58:11 PM","0000-00","0","no battery","V","","µV","","µV"
"07/08/2024","16:22:42","1","default","166358087","001","15.000","min","247.409","μmol/L","Humid","24.312","deg","35807","µV","27.000","°C","1024.000","hPa","38.4","pmil","0","59.850","deg","20.000","°C","100.000","%a.s.","26.990","deg","23.835","°C","1018.000","hPa","0.808","-0.065","0.00038","-0.00034","0","31","Humid","5.00","0","2500.00","34850.29","SADD0002000339 Box 1","ABF1.0.0.0","4.0.0.2353","PSt3","221014-001","6/4/2024 1:58:11 PM","0000-00","0","no battery","V","","µV","","µV"
"07/08/2024","16:22:43","1","default","166358087","001","15.016","min","247.714","μmol/L","Humid","24.300","deg","35803","µV","27.000","°C","1024.000","hPa","38.4","pmil","0","59.850","deg","20.000","°C","100.000","%a.s.","26.990","deg","23.835","°C","1018.000","hPa","0.808","-0.065","0.00038","-0.00034","0","31","Humid","5.00","0","2500.00","34855.53","SADD0002000339 Box 1","ABF1.0.0.0","4.0.0.2353","PSt3","221014-001","6/4/2024 1:58:11 PM","0000-00","0","no battery","V","","µV","","µV"
"07/08/2024","16:22:44","1","default","166358087","001","15.033","min","247.638","μmol/L","Humid","24.303","deg","35802","µV","27.000","°C","1024.000","hPa","38.4","pmil","0","59.850","deg","20.000","°C","100.000","%a.s.","26.990","deg","23.835","°C","1018.000","hPa","0.808","-0.065","0.00038","-0.00034","0","31","Humid","5.00","0","2500.00","34850.36","SADD0002000339 Box 1","ABF1.0.0.0","4.0.0.2353","PSt3","221014-001","6/4/2024 1:58:11 PM","0000-00","0","no battery","V","","µV","","µV"
"07/08/2024","16:22:45","1","default","166358087","001","15.050","min","247.688","μmol/L","Humid","24.301","deg","35802","µV","27.000","°C","1024.000","hPa","38.4","pmil","0","59.850","deg","20.000","°C","100.000","%a.s.","26.990","deg","23.835","°C","1018.000","hPa","0.808","-0.065","0.00038","-0.00034","0","31","Humid","5.00","0","2500.00","34851.79","SADD0002000339 Box 1","ABF1.0.0.0","4.0.0.2353","PSt3","221014-001","6/4/2024 1:58:11 PM","0000-00","0","no battery","V","","µV","","µV"
"07/08/2024","16:22:46","1","default","166358087","001","15.066","min","247.460","μmol/L","Humid","24.310","deg","35801","µV","27.000","°C","1024.000","hPa","38.4","pmil","0","59.850","deg","20.000","°C","100.000","%a.s.","26.990","deg","23.835","°C","1018.000","hPa","0.808","-0.065","0.00038","-0.00034","0","31","Humid","5.00","0","2500.00","34852.45","SADD0002000339 Box 1","ABF1.0.0.0","4.0.0.2353","PSt3","221014-001","6/4/2024 1:58:11 PM","0000-00","0","no battery","V","","µV","","µV"
"07/08/2024","16:22:47","1","default","166358087","001","15.083","min","247.994","μmol/L","Humid","24.289","deg","35803","µV","27.000","°C","1024.000","hPa","38.4","pmil","0","59.850","deg","20.000","°C","100.000","%a.s.","26.990","deg","23.835","°C","1018.000","hPa","0.808","-0.065","0.00038","-0.00034","0","31","Humid","5.00","0","2500.00","34852.63","SADD0002000339 Box 1","ABF1.0.0.0","4.0.0.2353","PSt3","221014-001","6/4/2024 1:58:11 PM","0000-00","0","no battery","V","","µV","","µV"
"07/08/2024","16:22:48","1","default","166358087","001","15.100","min","247.638","μmol/L","Humid","24.303","deg","35804","µV","27.000","°C","1024.000","hPa","38.4","pmil","0","59.850","deg","20.000","°C","100.000","%a.s.","26.990","deg","23.835","°C","1018.000","hPa","0.808","-0.065","0.00038","-0.00034","0","31","Humid","5.00","0","2500.00","34845.49","SADD0002000339 Box 1","ABF1.0.0.0","4.0.0.2353","PSt3","221014-001","6/4/2024 1:58:11 PM","0000-00","0","no battery","V","","µV","","µV"
"07/08/2024","16:22:49","1","default","166358087","001","15.116","min","247.638","μmol/L","Humid","24.303","deg","35806","µV","27.000","°C","1024.000","hPa","38.4","pmil","0","59.850","deg","20.000","°C","100.000","%a.s.","26.990","deg","23.835","°C","1018.000","hPa","0.808","-0.065","0.00038","-0.00034","0","31","Humid","5.00","0","2500.00","34857.91","SADD0002000339 Box 1","ABF1.0.0.0","4.0.0.2353","PSt3","221014-001","6/4/2024 1:58:11 PM","0000-00","0","no battery","V","","µV","","µV"
"07/08/2024","16:22:50","1","default","166358087","001","15.133","min","247.917","μmol/L","Humid","24.292","deg","35809","µV","27.000","°C","1024.000","hPa","38.4","pmil","0","59.850","deg","20.000","°C","100.000","%a.s.","26.990","deg","23.835","°C","1018.000","hPa","0.808","-0.065","0.00038","-0.00034","0","31","Humid","5.00","0","2500.00","34853.76","SADD0002000339 Box 1","ABF1.0.0.0","4.0.0.2353","PSt3","221014-001","6/4/2024 1:58:11 PM","0000-00","0","no battery","V","","µV","","µV"
"07/08/2024","16:22:51","1","default","166358087","001","15.150","min","247.714","μmol/L","Humid","24.300","deg","35802","µV","27.000","°C","1024.000","hPa","38.4","pmil","0","59.850","deg","20.000","°C","100.000","%a.s.","26.990","deg","23.835","°C","1018.000","hPa","0.808","-0.065","0.00038","-0.00034","0","31","Humid","5.00","0","2500.00","34849.53","SADD0002000339 Box 1","ABF1.0.0.0","4.0.0.2353","PSt3","221014-001","6/4/2024 1:58:11 PM","0000-00","0","no battery","V","","µV","","µV"
"07/08/2024","16:22:52","1","default","166358087","001","15.166","min","247.612","μmol/L","Humid","24.304","deg","35802","µV","27.000","°C","1024.000","hPa","38.4","pmil","0","59.850","deg","20.000","°C","100.000","%a.s.","26.990","deg","23.835","°C","1018.000","hPa","0.808","-0.065","0.00038","-0.00034","0","31","Humid","5.00","0","2500.00","34852.86","SADD0002000339 Box 1","ABF1.0.0.0","4.0.0.2353","PSt3","221014-001","6/4/2024 1:58:11 PM","0000-00","0","no battery","V","","µV","","µV"
"07/08/2024","16:22:53","1","default","166358087","001","15.183","min","247.943","μmol/L","Humid","24.291","deg","35799","µV","27.000","°C","1024.000","hPa","38.4","pmil","0","59.850","deg","20.000","°C","100.000","%a.s.","26.990","deg","23.835","°C","1018.000","hPa","0.808","-0.065","0.00038","-0.00034","0","31","Humid","5.00","0","2500.00","34849.56","SADD0002000339 Box 1","ABF1.0.0.0","4.0.0.2353","PSt3","221014-001","6/4/2024 1:58:11 PM","0000-00","0","no battery","V","","µV","","µV"
"07/08/2024","16:22:54","1","default","166358087","001","15.200","min","247.561","μmol/L","Humid","24.306","deg","35799","µV","27.000","°C","1024.000","hPa","38.4","pmil","0","59.850","deg","20.000","°C","100.000","%a.s.","26.990","deg","23.835","°C","1018.000","hPa","0.808","-0.065","0.00038","-0.00034","0","31","Humid","5.00","0","2500.00","34847.64","SADD0002000339 Box 1","ABF1.0.0.0","4.0.0.2353","PSt3","221014-001","6/4/2024 1:58:11 PM","0000-00","0","no battery","V","","µV","","µV"
"07/08/2024","16:22:55","1","default","166358087","001","15.216","min","247.866","μmol/L","Humid","24.294","deg","35802","µV","27.000","°C","1024.000","hPa","38.4","pmil","0","59.850","deg","20.000","°C","100.000","%a.s.","26.990","deg","23.835","°C","1018.000","hPa","0.808","-0.065","0.00038","-0.00034","0","31","Humid","5.00","0","2500.00","34857.44","SADD0002000339 Box 1","ABF1.0.0.0","4.0.0.2353","PSt3","221014-001","6/4/2024 1:58:11 PM","0000-00","0","no battery","V","","µV","","µV"
"07/08/2024","16:22:56","1","default","166358087","001","15.233","min","247.638","μmol/L","Humid","24.303","deg","35790","µV","27.000","°C","1024.000","hPa","38.4","pmil","0","59.850","deg","20.000","°C","100.000","%a.s.","26.990","deg","23.835","°C","1018.000","hPa","0.808","-0.065","0.00038","-0.00034","0","31","Humid","5.00","0","2500.00","34846.16","SADD0002000339 Box 1","ABF1.0.0.0","4.0.0.2353","PSt3","221014-001","6/4/2024 1:58:11 PM","0000-00","0","no battery","V","","µV","","µV"
"07/08/2024","16:22:57","1","default","166358087","001","15.250","min","247.688","μmol/L","Humid","24.301","deg","35793","µV","27.000","°C","1024.000","hPa","38.4","pmil","0","59.850","deg","20.000","°C","100.000","%a.s.","26.990","deg","23.835","°C","1018.000","hPa","0.808","-0.065","0.00038","-0.00034","0","31","Humid","5.00","0","2500.00","34855.19","SADD0002000339 Box 1","ABF1.0.0.0","4.0.0.2353","PSt3","221014-001","6/4/2024 1:58:11 PM","0000-00","0","no battery","V","","µV","","µV"
"07/08/2024","16:22:58","1","default","166358087","001","15.266","min","247.841","μmol/L","Humid","24.295","deg","35798","µV","27.000","°C","1024.000","hPa","38.4","pmil","0","59.850","deg","20.000","°C","100.000","%a.s.","26.990","deg","23.835","°C","1018.000","hPa","0.808","-0.065","0.00038","-0.00034","0","31","Humid","5.00","0","2500.00","34852.20","SADD0002000339 Box 1","ABF1.0.0.0","4.0.0.2353","PSt3","221014-001","6/4/2024 1:58:11 PM","0000-00","0","no battery","V","","µV","","µV"
"07/08/2024","16:22:59","1","default","166358087","001","15.283","min","247.790","μmol/L","Humid","24.297","deg","35797","µV","27.000","°C","1024.000","hPa","38.4","pmil","0","59.850","deg","20.000","°C","100.000","%a.s.","26.990","deg","23.835","°C","1018.000","hPa","0.808","-0.065","0.00038","-0.00034","0","31","Humid","5.00","0","2500.00","34849.32","SADD0002000339 Box 1","ABF1.0.0.0","4.0.0.2353","PSt3","221014-001","6/4/2024 1:58:11 PM","0000-00","0","no battery","V","","µV","","µV"
"07/08/2024","16:23:00","1","default","166358087","001","15.300","min","247.587","μmol/L","Humid","24.305","deg","35793","µV","27.000","°C","1024.000","hPa","38.4","pmil","0","59.850","deg","20.000","°C","100.000","%a.s.","26.990","deg","23.835","°C","1018.000","hPa","0.808","-0.065","0.00038","-0.00034","0","31","Humid","5.00","0","2500.00","34848.80","SADD0002000339 Box 1","ABF1.0.0.0","4.0.0.2353","PSt3","221014-001","6/4/2024 1:58:11 PM","0000-00","0","no battery","V","","µV","","µV"
"07/08/2024","16:23:01","1","default","166358087","001","15.316","min","247.994","μmol/L","Humid","24.289","deg","35796","µV","27.000","°C","1024.000","hPa","38.4","pmil","0","59.850","deg","20.000","°C","100.000","%a.s.","26.990","deg","23.835","°C","1018.000","hPa","0.808","-0.065","0.00038","-0.00034","0","31","Humid","5.00","0","2500.00","34853.20","SADD0002000339 Box 1","ABF1.0.0.0","4.0.0.2353","PSt3","221014-001","6/4/2024 1:58:11 PM","0000-00","0","no battery","V","","µV","","µV"
"07/08/2024","16:23:02","1","default","166358087","001","15.333","min","247.790","μmol/L","Humid","24.297","deg","35791","µV","27.000","°C","1024.000","hPa","38.4","pmil","0","59.850","deg","20.000","°C","100.000","%a.s.","26.990","deg","23.835","°C","1018.000","hPa","0.808","-0.065","0.00038","-0.00034","0","31","Humid","5.00","0","2500.00","34851.87","SADD0002000339 Box 1","ABF1.0.0.0","4.0.0.2353","PSt3","221014-001","6/4/2024 1:58:11 PM","0000-00","0","no battery","V","","µV","","µV"
"07/08/2024","16:23:03","1","default","166358087","001","15.350","min","247.917","μmol/L","Humid","24.292","deg","35784","µV","27.000","°C","1024.000","hPa","38.4","pmil","0","59.850","deg","20.000","°C","100.000","%a.s.","26.990","deg","23.835","°C","1018.000","hPa","0.808","-0.065","0.00038","-0.00034","0","31","Humid","5.00","0","2500.00","34848.34","SADD0002000339 Box 1","ABF1.0.0.0","4.0.0.2353","PSt3","221014-001","6/4/2024 1:58:11 PM","0000-00","0","no battery","V","","µV","","µV"
"07/08/2024","16:23:04","1","default","166358087","001","15.366","min","247.612","μmol/L","Humid","24.304","deg","35793","µV","27.000","°C","1024.000","hPa","38.4","pmil","0","59.850","deg","20.000","°C","100.000","%a.s.","26.990","deg","23.835","°C","1018.000","hPa","0.808","-0.065","0.00038","-0.00034","0","31","Humid","5.00","0","2500.00","34848.04","SADD0002000339 Box 1","ABF1.0.0.0","4.0.0.2353","PSt3","221014-001","6/4/2024 1:58:11 PM","0000-00","0","no battery","V","","µV","","µV"
"07/08/2024","16:23:05","1","default","166358087","001","15.383","min","247.612","μmol/L","Humid","24.304","deg","35785","µV","27.000","°C","1024.000","hPa","38.4","pmil","0","59.850","deg","20.000","°C","100.000","%a.s.","26.990","deg","23.835","°C","1018.000","hPa","0.808","-0.065","0.00038","-0.00034","0","31","Humid","5.00","0","2500.00","34852.90","SADD0002000339 Box 1","ABF1.0.0.0","4.0.0.2353","PSt3","221014-001","6/4/2024 1:58:11 PM","0000-00","0","no battery","V","","µV","","µV"
"07/08/2024","16:23:06","1","default","166358087","001","15.400","min","247.536","μmol/L","Humid","24.307","deg","35783","µV","27.000","°C","1024.000","hPa","38.4","pmil","0","59.850","deg","20.000","°C","100.000","%a.s.","26.990","deg","23.835","°C","1018.000","hPa","0.808","-0.065","0.00038","-0.00034","0","31","Humid","5.00","0","2500.00","34854.21","SADD0002000339 Box 1","ABF1.0.0.0","4.0.0.2353","PSt3","221014-001","6/4/2024 1:58:11 PM","0000-00","0","no battery","V","","µV","","µV"
"07/08/2024","16:23:07","1","default","166358087","001","15.416","min","247.943","μmol/L","Humid","24.291","deg","35778","µV","27.000","°C","1024.000","hPa","38.4","pmil","0","59.850","deg","20.000","°C","100.000","%a.s.","26.990","deg","23.835","°C","1018.000","hPa","0.808","-0.065","0.00038","-0.00034","0","31","Humid","5.00","0","2500.00","34851.06","SADD0002000339 Box 1","ABF1.0.0.0","4.0.0.2353","PSt3","221014-001","6/4/2024 1:58:11 PM","0000-00","0","no battery","V","","µV","","µV"
"07/08/2024","16:23:08","1","default","166358087","001","15.433","min","247.790","μmol/L","Humid","24.297","deg","35779","µV","27.000","°C","1024.000","hPa","38.4","pmil","0","59.850","deg","20.000","°C","100.000","%a.s.","26.990","deg","23.835","°C","1018.000","hPa","0.808","-0.065","0.00038","-0.00034","0","31","Humid","5.00","0","2500.00","34848.14","SADD0002000339 Box 1","ABF1.0.0.0","4.0.0.2353","PSt3","221014-001","6/4/2024 1:58:11 PM","0000-00","0","no battery","V","","µV","","µV"
"07/08/2024","16:23:09","1","default","166358087","001","15.450","min","248.096","μmol/L","Humid","24.285","deg","35779","µV","27.000","°C","1024.000","hPa","38.4","pmil","0","59.850","deg","20.000","°C","100.000","%a.s.","26.990","deg","23.835","°C","1018.000","hPa","0.808","-0.065","0.00038","-0.00034","0","31","Humid","5.00","0","2500.00","34857.24","SADD0002000339 Box 1","ABF1.0.0.0","4.0.0.2353","PSt3","221014-001","6/4/2024 1:58:11 PM","0000-00","0","no battery","V","","µV","","µV"
"07/08/2024","16:23:10","1","default","166358087","001","15.466","min","247.892","μmol/L","Humid","24.293","deg","35777","µV","27.000","°C","1024.000","hPa","38.4","pmil","0","59.850","deg","20.000","°C","100.000","%a.s.","26.990","deg","23.835","°C","1018.000","hPa","0.808","-0.065","0.00038","-0.00034","0","31","Humid","5.00","0","2500.00","34850.97","SADD0002000339 Box 1","ABF1.0.0.0","4.0.0.2353","PSt3","221014-001","6/4/2024 1:58:11 PM","0000-00","0","no battery","V","","µV","","µV"
"07/08/2024","16:23:11","1","default","166358087","001","15.483","min","248.019","μmol/L","Humid","24.288","deg","35776","µV","27.000","°C","1024.000","hPa","38.4","pmil","0","59.850","deg","20.000","°C","100.000","%a.s.","26.990","deg","23.835","°C","1018.000","hPa","0.808","-0.065","0.00038","-0.00034","0","31","Humid","5.00","0","2500.00","34844.43","SADD0002000339 Box 1","ABF1.0.0.0","4.0.0.2353","PSt3","221014-001","6/4/2024 1:58:11 PM","0000-00","0","no battery","V","","µV","","µV"
"07/08/2024","16:23:12","1","default","166358087","001","15.500","min","247.968","μmol/L","Humid","24.290","deg","35776","µV","27.000","°C","1024.000","hPa","38.4","pmil","0","59.850","deg","20.000","°C","100.000","%a.s.","26.990","deg","23.835","°C","1018.000","hPa","0.808","-0.065","0.00038","-0.00034","0","31","Humid","5.00","0","2500.00","34851.67","SADD0002000339 Box 1","ABF1.0.0.0","4.0.0.2353","PSt3","221014-001","6/4/2024 1:58:11 PM","0000-00","0","no battery","V","","µV","","µV"
"07/08/2024","16:23:13","1","default","166358087","001","15.516","min","247.994","μmol/L","Humid","24.289","deg","35774","µV","27.000","°C","1024.000","hPa","38.4","pmil","0","59.850","deg","20.000","°C","100.000","%a.s.","26.990","deg","23.835","°C","1018.000","hPa","0.808","-0.065","0.00038","-0.00034","0","31","Humid","5.00","0","2500.00","34850.59","SADD0002000339 Box 1","ABF1.0.0.0","4.0.0.2353","PSt3","221014-001","6/4/2024 1:58:11 PM","0000-00","0","no battery","V","","µV","","µV"
"07/08/2024","16:23:14","1","default","166358087","001","15.533","min","247.943","μmol/L","Humid","24.291","deg","35773","µV","27.000","°C","1024.000","hPa","38.4","pmil","0","59.850","deg","20.000","°C","100.000","%a.s.","26.990","deg","23.835","°C","1018.000","hPa","0.808","-0.065","0.00038","-0.00034","0","31","Humid","5.00","0","2500.00","34850.36","SADD0002000339 Box 1","ABF1.0.0.0","4.0.0.2353","PSt3","221014-001","6/4/2024 1:58:11 PM","0000-00","0","no battery","V","","µV","","µV"
"07/08/2024","16:23:15","1","default","166358087","001","15.550","min","248.146","μmol/L","Humid","24.283","deg","35770","µV","27.000","°C","1024.000","hPa","38.4","pmil","0","59.850","deg","20.000","°C","100.000","%a.s.","26.990","deg","23.835","°C","1018.000","hPa","0.808","-0.065","0.00038","-0.00034","0","31","Humid","5.00","0","2500.00","34853.29","SADD0002000339 Box 1","ABF1.0.0.0","4.0.0.2353","PSt3","221014-001","6/4/2024 1:58:11 PM","0000-00","0","no battery","V","","µV","","µV"
"07/08/2024","16:23:16","1","default","166358087","001","15.567","min","248.096","μmol/L","Humid","24.285","deg","35768","µV","27.000","°C","1024.000","hPa","38.4","pmil","0","59.850","deg","20.000","°C","100.000","%a.s.","26.990","deg","23.835","°C","1018.000","hPa","0.808","-0.065","0.00038","-0.00034","0","31","Humid","5.00","0","2500.00","34857.09","SADD0002000339 Box 1","ABF1.0.0.0","4.0.0.2353","PSt3","221014-001","6/4/2024 1:58:11 PM","0000-00","0","no battery","V","","µV","","µV"
"07/08/2024","16:23:17","1","default","166358087","001","15.584","min","247.994","μmol/L","Humid","24.289","deg","35771","µV","27.000","°C","1024.000","hPa","38.4","pmil","0","59.850","deg","20.000","°C","100.000","%a.s.","26.990","deg","23.835","°C","1018.000","hPa","0.808","-0.065","0.00038","-0.00034","0","31","Humid","5.00","0","2500.00","34854.15","SADD0002000339 Box 1","ABF1.0.0.0","4.0.0.2353","PSt3","221014-001","6/4/2024 1:58:11 PM","0000-00","0","no battery","V","","µV","","µV"
"07/08/2024","16:23:18","1","default","166358087","001","15.600","min","248.019","μmol/L","Humid","24.288","deg","35767","µV","27.000","°C","1024.000","hPa","38.4","pmil","0","59.850","deg","20.000","°C","100.000","%a.s.","26.990","deg","23.835","°C","1018.000","hPa","0.808","-0.065","0.00038","-0.00034","0","31","Humid","5.00","0","2500.00","34856.47","SADD0002000339 Box 1","ABF1.0.0.0","4.0.0.2353","PSt3","221014-001","6/4/2024 1:58:11 PM","0000-00","0","no battery","V","","µV","","µV"
"07/08/2024","16:23:19","1","default","166358087","001","15.617","min","248.096","μmol/L","Humid","24.285","deg","35769","µV","27.000","°C","1024.000","hPa","38.4","pmil","0","59.850","deg","20.000","°C","100.000","%a.s.","26.990","deg","23.835","°C","1018.000","hPa","0.808","-0.065","0.00038","-0.00034","0","31","Humid","5.00","0","2500.00","34851.92","SADD0002000339 Box 1","ABF1.0.0.0","4.0.0.2353","PSt3","221014-001","6/4/2024 1:58:11 PM","0000-00","0","no battery","V","","µV","","µV"
"07/08/2024","16:23:20","1","default","166358087","001","15.634","min","248.197","μmol/L","Humid","24.281","deg","35764","µV","27.000","°C","1024.000","hPa","38.4","pmil","0","59.850","deg","20.000","°C","100.000","%a.s.","26.990","deg","23.835","°C","1018.000","hPa","0.808","-0.065","0.00038","-0.00034","0","31","Humid","5.00","0","2500.00","34852.81","SADD0002000339 Box 1","ABF1.0.0.0","4.0.0.2353","PSt3","221014-001","6/4/2024 1:58:11 PM","0000-00","0","no battery","V","","µV","","µV"
"07/08/2024","16:23:21","1","default","166358087","001","15.650","min","248.172","μmol/L","Humid","24.282","deg","35762","µV","27.000","°C","1024.000","hPa","38.4","pmil","0","59.850","deg","20.000","°C","100.000","%a.s.","26.990","deg","23.835","°C","1018.000","hPa","0.808","-0.065","0.00038","-0.00034","0","31","Humid","5.00","0","2500.00","34854.44","SADD0002000339 Box 1","ABF1.0.0.0","4.0.0.2353","PSt3","221014-001","6/4/2024 1:58:11 PM","0000-00","0","no battery","V","","µV","","µV"
"07/08/2024","16:23:22","1","default","166358087","001","15.667","min","247.866","μmol/L","Humid","24.294","deg","35761","µV","27.000","°C","1024.000","hPa","38.4","pmil","0","59.850","deg","20.000","°C","100.000","%a.s.","26.990","deg","23.835","°C","1018.000","hPa","0.808","-0.065","0.00038","-0.00034","0","31","Humid","5.00","0","2500.00","34852.42","SADD0002000339 Box 1","ABF1.0.0.0","4.0.0.2353","PSt3","221014-001","6/4/2024 1:58:11 PM","0000-00","0","no battery","V","","µV","","µV"
"07/08/2024","16:23:23","1","default","166358087","001","15.684","min","248.197","μmol/L","Humid","24.281","deg","35761","µV","27.000","°C","1024.000","hPa","38.4","pmil","0","59.850","deg","20.000","°C","100.000","%a.s.","26.990","deg","23.835","°C","1018.000","hPa","0.808","-0.065","0.00038","-0.00034","0","31","Humid","5.00","0","2500.00","34847.91","SADD0002000339 Box 1","ABF1.0.0.0","4.0.0.2353","PSt3","221014-001","6/4/2024 1:58:11 PM","0000-00","0","no battery","V","","µV","","µV"
"07/08/2024","16:23:24","1","default","166358087","001","15.700","min","248.427","μmol/L","Humid","24.272","deg","35757","µV","27.000","°C","1024.000","hPa","38.4","pmil","0","59.850","deg","20.000","°C","100.000","%a.s.","26.990","deg","23.835","°C","1018.000","hPa","0.808","-0.065","0.00038","-0.00034","0","31","Humid","5.00","0","2500.00","34857.23","SADD0002000339 Box 1","ABF1.0.0.0","4.0.0.2353","PSt3","221014-001","6/4/2024 1:58:11 PM","0000-00","0","no battery","V","","µV","","µV"
"07/08/2024","16:23:25","1","default","166358087","001","15.717","min","248.223","μmol/L","Humid","24.280","deg","35752","µV","27.000","°C","1024.000","hPa","38.4","pmil","0","59.850","deg","20.000","°C","100.000","%a.s.","26.990","deg","23.835","°C","1018.000","hPa","0.808","-0.065","0.00038","-0.00034","0","31","Humid","5.00","0","2500.00","34848.87","SADD0002000339 Box 1","ABF1.0.0.0","4.0.0.2353","PSt3","221014-001","6/4/2024 1:58:11 PM","0000-00","0","no battery","V","","µV","","µV"
"07/08/2024","16:23:26","1","default","166358087","001","15.734","min","248.172","μmol/L","Humid","24.282","deg","35751","µV","27.000","°C","1024.000","hPa","38.4","pmil","0","59.850","deg","20.000","°C","100.000","%a.s.","26.990","deg","23.835","°C","1018.000","hPa","0.808","-0.065","0.00038","-0.00034","0","31","Humid","5.00","0","2500.00","34849.81","SADD0002000339 Box 1","ABF1.0.0.0","4.0.0.2353","PSt3","221014-001","6/4/2024 1:58:11 PM","0000-00","0","no battery","V","","µV","","µV"
"07/08/2024","16:23:27","1","default","166358087","001","15.750","min","248.427","μmol/L","Humid","24.272","deg","35749","µV","27.000","°C","1024.000","hPa","38.4","pmil","0","59.850","deg","20.000","°C","100.000","%a.s.","26.990","deg","23.835","°C","1018.000","hPa","0.808","-0.065","0.00038","-0.00034","0","31","Humid","5.00","0","2500.00","34848.04","SADD0002000339 Box 1","ABF1.0.0.0","4.0.0.2353","PSt3","221014-001","6/4/2024 1:58:11 PM","0000-00","0","no battery","V","","µV","","µV"
"07/08/2024","16:23:28","1","default","166358087","001","15.767","min","248.223","μmol/L","Humid","24.280","deg","35751","µV","27.000","°C","1024.000","hPa","38.4","pmil","0","59.850","deg","20.000","°C","100.000","%a.s.","26.990","deg","23.835","°C","1018.000","hPa","0.808","-0.065","0.00038","-0.00034","0","31","Humid","5.00","0","2500.00","34850.90","SADD0002000339 Box 1","ABF1.0.0.0","4.0.0.2353","PSt3","221014-001","6/4/2024 1:58:11 PM","0000-00","0","no battery","V","","µV","","µV"
"07/08/2024","16:23:29","1","default","166358087","001","15.783","min","248.401","μmol/L","Humid","24.273","deg","35748","µV","27.000","°C","1024.000","hPa","38.4","pmil","0","59.850","deg","20.000","°C","100.000","%a.s.","26.990","deg","23.835","°C","1018.000","hPa","0.808","-0.065","0.00038","-0.00034","0","31","Humid","5.00","0","2500.00","34850.03","SADD0002000339 Box 1","ABF1.0.0.0","4.0.0.2353","PSt3","221014-001","6/4/2024 1:58:11 PM","0000-00","0","no battery","V","","µV","","µV"
"07/08/2024","16:23:30","1","default","166358087","001","15.800","min","248.146","μmol/L","Humid","24.283","deg","35746","µV","27.000","°C","1024.000","hPa","38.4","pmil","0","59.850","deg","20.000","°C","100.000","%a.s.","26.990","deg","23.835","°C","1018.000","hPa","0.808","-0.065","0.00038","-0.00034","0","31","Humid","5.00","0","2500.00","34853.67","SADD0002000339 Box 1","ABF1.0.0.0","4.0.0.2353","PSt3","221014-001","6/4/2024 1:58:11 PM","0000-00","0","no battery","V","","µV","","µV"
"07/08/2024","16:23:31","1","default","166358087","001","15.816","min","248.350","μmol/L","Humid","24.275","deg","35744","µV","27.000","°C","1024.000","hPa","38.4","pmil","0","59.850","deg","20.000","°C","100.000","%a.s.","26.990","deg","23.835","°C","1018.000","hPa","0.808","-0.065","0.00038","-0.00034","0","31","Humid","5.00","0","2500.00","34851.27","SADD0002000339 Box 1","ABF1.0.0.0","4.0.0.2353","PSt3","221014-001","6/4/2024 1:58:11 PM","0000-00","0","no battery","V","","µV","","µV"
"07/08/2024","16:23:32","1","default","166358087","001","15.833","min","248.096","μmol/L","Humid","24.285","deg","35735","µV","27.000","°C","1024.000","hPa","38.4","pmil","0","59.850","deg","20.000","°C","100.000","%a.s.","26.990","deg","23.835","°C","1018.000","hPa","0.808","-0.065","0.00038","-0.00034","0","31","Humid","5.00","0","2500.00","34850.69","SADD0002000339 Box 1","ABF1.0.0.0","4.0.0.2353","PSt3","221014-001","6/4/2024 1:58:11 PM","0000-00","0","no battery","V","","µV","","µV"
"07/08/2024","16:23:33","1","default","166358087","001","15.850","min","248.299","μmol/L","Humid","24.277","deg","35732","µV","27.000","°C","1024.000","hPa","38.4","pmil","0","59.850","deg","20.000","°C","100.000","%a.s.","26.990","deg","23.835","°C","1018.000","hPa","0.808","-0.065","0.00038","-0.00034","0","31","Humid","5.00","0","2500.00","34846.75","SADD0002000339 Box 1","ABF1.0.0.0","4.0.0.2353","PSt3","221014-001","6/4/2024 1:58:11 PM","0000-00","0","no battery","V","","µV","","µV"
"07/08/2024","16:23:34","1","default","166358087","001","15.866","min","248.452","μmol/L","Humid","24.271","deg","35739","µV","27.000","°C","1024.000","hPa","38.4","pmil","0","59.850","deg","20.000","°C","100.000","%a.s.","26.990","deg","23.835","°C","1018.000","hPa","0.808","-0.065","0.00038","-0.00034","0","31","Humid","5.00","0","2500.00","34852.28","SADD0002000339 Box 1","ABF1.0.0.0","4.0.0.2353","PSt3","221014-001","6/4/2024 1:58:11 PM","0000-00","0","no battery","V","","µV","","µV"
"07/08/2024","16:23:35","1","default","166358087","001","15.883","min","248.606","μmol/L","Humid","24.265","deg","35732","µV","27.000","°C","1024.000","hPa","38.4","pmil","0","59.850","deg","20.000","°C","100.000","%a.s.","26.990","deg","23.835","°C","1018.000","hPa","0.808","-0.065","0.00038","-0.00034","0","31","Humid","5.00","0","2500.00","34851.23","SADD0002000339 Box 1","ABF1.0.0.0","4.0.0.2353","PSt3","221014-001","6/4/2024 1:58:11 PM","0000-00","0","no battery","V","","µV","","µV"
"07/08/2024","16:23:36","1","default","166358087","001","15.900","min","248.248","μmol/L","Humid","24.279","deg","35733","µV","27.000","°C","1024.000","hPa","38.4","pmil","0","59.850","deg","20.000","°C","100.000","%a.s.","26.990","deg","23.835","°C","1018.000","hPa","0.808","-0.065","0.00038","-0.00034","0","31","Humid","5.00","0","2500.00","34853.58","SADD0002000339 Box 1","ABF1.0.0.0","4.0.0.2353","PSt3","221014-001","6/4/2024 1:58:11 PM","0000-00","0","no battery","V","","µV","","µV"
"07/08/2024","16:23:37","1","default","166358087","001","15.916","min","248.350","μmol/L","Humid","24.275","deg","35735","µV","27.000","°C","1024.000","hPa","38.4","pmil","0","59.850","deg","20.000","°C","100.000","%a.s.","26.990","deg","23.835","°C","1018.000","hPa","0.808","-0.065","0.00038","-0.00034","0","31","Humid","5.00","0","2500.00","34855.46","SADD0002000339 Box 1","ABF1.0.0.0","4.0.0.2353","PSt3","221014-001","6/4/2024 1:58:11 PM","0000-00","0","no battery","V","","µV","","µV"
"07/08/2024","16:23:38","1","default","166358087","001","15.933","min","248.401","μmol/L","Humid","24.273","deg","35727","µV","27.000","°C","1024.000","hPa","38.4","pmil","0","59.850","deg","20.000","°C","100.000","%a.s.","26.990","deg","23.835","°C","1018.000","hPa","0.808","-0.065","0.00038","-0.00034","0","31","Humid","5.00","0","2500.00","34847.49","SADD0002000339 Box 1","ABF1.0.0.0","4.0.0.2353","PSt3","221014-001","6/4/2024 1:58:11 PM","0000-00","0","no battery","V","","µV","","µV"
"07/08/2024","16:23:39","1","default","166358087","001","15.950","min","248.401","μmol/L","Humid","24.273","deg","35730","µV","27.000","°C","1024.000","hPa","38.4","pmil","0","59.850","deg","20.000","°C","100.000","%a.s.","26.990","deg","23.835","°C","1018.000","hPa","0.808","-0.065","0.00038","-0.00034","0","31","Humid","5.00","0","2500.00","34853.07","SADD0002000339 Box 1","ABF1.0.0.0","4.0.0.2353","PSt3","221014-001","6/4/2024 1:58:11 PM","0000-00","0","no battery","V","","µV","","µV"
"07/08/2024","16:23:40","1","default","166358087","001","15.967","min","248.274","μmol/L","Humid","24.278","deg","35729","µV","27.000","°C","1024.000","hPa","38.4","pmil","0","59.850","deg","20.000","°C","100.000","%a.s.","26.990","deg","23.835","°C","1018.000","hPa","0.808","-0.065","0.00038","-0.00034","0","31","Humid","5.00","0","2500.00","34853.54","SADD0002000339 Box 1","ABF1.0.0.0","4.0.0.2353","PSt3","221014-001","6/4/2024 1:58:11 PM","0000-00","0","no battery","V","","µV","","µV"
"07/08/2024","16:23:41","1","default","166358087","001","15.984","min","248.452","μmol/L","Humid","24.271","deg","35722","µV","27.000","°C","1024.000","hPa","38.4","pmil","0","59.850","deg","20.000","°C","100.000","%a.s.","26.990","deg","23.835","°C","1018.000","hPa","0.808","-0.065","0.00038","-0.00034","0","31","Humid","5.00","0","2500.00","34850.60","SADD0002000339 Box 1","ABF1.0.0.0","4.0.0.2353","PSt3","221014-001","6/4/2024 1:58:11 PM","0000-00","0","no battery","V","","µV","","µV"
"07/08/2024","16:23:42","1","default","166358087","001","16.000","min","248.223","μmol/L","Humid","24.280","deg","35727","µV","27.000","°C","1024.000","hPa","38.4","pmil","0","59.850","deg","20.000","°C","100.000","%a.s.","26.990","deg","23.835","°C","1018.000","hPa","0.808","-0.065","0.00038","-0.00034","0","31","Humid","5.00","0","2500.00","34857.71","SADD0002000339 Box 1","ABF1.0.0.0","4.0.0.2353","PSt3","221014-001","6/4/2024 1:58:11 PM","0000-00","0","no battery","V","","µV","","µV"
"07/08/2024","16:23:43","1","default","166358087","001","16.017","min","248.708","μmol/L","Humid","24.261","deg","35725","µV","27.000","°C","1024.000","hPa","38.4","pmil","0","59.850","deg","20.000","°C","100.000","%a.s.","26.990","deg","23.835","°C","1018.000","hPa","0.808","-0.065","0.00038","-0.00034","0","31","Humid","5.00","0","2500.00","34853.37","SADD0002000339 Box 1","ABF1.0.0.0","4.0.0.2353","PSt3","221014-001","6/4/2024 1:58:11 PM","0000-00","0","no battery","V","","µV","","µV"
"07/08/2024","16:23:44","1","default","166358087","001","16.034","min","248.376","μmol/L","Humid","24.274","deg","35725","µV","27.000","°C","1024.000","hPa","38.4","pmil","0","59.850","deg","20.000","°C","100.000","%a.s.","26.990","deg","23.835","°C","1018.000","hPa","0.808","-0.065","0.00038","-0.00034","0","31","Humid","5.00","0","2500.00","34854.35","SADD0002000339 Box 1","ABF1.0.0.0","4.0.0.2353","PSt3","221014-001","6/4/2024 1:58:11 PM","0000-00","0","no battery","V","","µV","","µV"
"07/08/2024","16:23:45","1","default","166358087","001","16.050","min","248.223","μmol/L","Humid","24.280","deg","35731","µV","27.000","°C","1024.000","hPa","38.4","pmil","0","59.850","deg","20.000","°C","100.000","%a.s.","26.990","deg","23.835","°C","1018.000","hPa","0.808","-0.065","0.00038","-0.00034","0","31","Humid","5.00","0","2500.00","34850.26","SADD0002000339 Box 1","ABF1.0.0.0","4.0.0.2353","PSt3","221014-001","6/4/2024 1:58:11 PM","0000-00","0","no battery","V","","µV","","µV"
"07/08/2024","16:23:46","1","default","166358087","001","16.067","min","248.529","μmol/L","Humid","24.268","deg","35725","µV","27.000","°C","1024.000","hPa","38.4","pmil","0","59.850","deg","20.000","°C","100.000","%a.s.","26.990","deg","23.835","°C","1018.000","hPa","0.808","-0.065","0.00038","-0.00034","0","31","Humid","5.00","0","2500.00","34850.77","SADD0002000339 Box 1","ABF1.0.0.0","4.0.0.2353","PSt3","221014-001","6/4/2024 1:58:11 PM","0000-00","0","no battery","V","","µV","","µV"
"07/08/2024","16:23:47","1","default","166358087","001","16.084","min","248.427","μmol/L","Humid","24.272","deg","35724","µV","27.000","°C","1024.000","hPa","38.4","pmil","0","59.850","deg","20.000","°C","100.000","%a.s.","26.990","deg","23.835","°C","1018.000","hPa","0.808","-0.065","0.00038","-0.00034","0","31","Humid","5.00","0","2500.00","34848.82","SADD0002000339 Box 1","ABF1.0.0.0","4.0.0.2353","PSt3","221014-001","6/4/2024 1:58:11 PM","0000-00","0","no battery","V","","µV","","µV"
"07/08/2024","16:23:48","1","default","166358087","001","16.100","min","248.248","μmol/L","Humid","24.279","deg","35727","µV","27.000","°C","1024.000","hPa","38.4","pmil","0","59.850","deg","20.000","°C","100.000","%a.s.","26.990","deg","23.835","°C","1018.000","hPa","0.808","-0.065","0.00038","-0.00034","0","31","Humid","5.00","0","2500.00","34850.40","SADD0002000339 Box 1","ABF1.0.0.0","4.0.0.2353","PSt3","221014-001","6/4/2024 1:58:11 PM","0000-00","0","no battery","V","","µV","","µV"
"07/08/2024","16:23:49","1","default","166358087","001","16.117","min","248.248","μmol/L","Humid","24.279","deg","35726","µV","27.000","°C","1024.000","hPa","38.4","pmil","0","59.850","deg","20.000","°C","100.000","%a.s.","26.990","deg","23.835","°C","1018.000","hPa","0.808","-0.065","0.00038","-0.00034","0","31","Humid","5.00","0","2500.00","34853.41","SADD0002000339 Box 1","ABF1.0.0.0","4.0.0.2353","PSt3","221014-001","6/4/2024 1:58:11 PM","0000-00","0","no battery","V","","µV","","µV"
"07/08/2024","16:23:50","1","default","166358087","001","16.133","min","248.299","μmol/L","Humid","24.277","deg","35720","µV","27.000","°C","1024.000","hPa","38.4","pmil","0","59.850","deg","20.000","°C","100.000","%a.s.","26.990","deg","23.835","°C","1018.000","hPa","0.808","-0.065","0.00038","-0.00034","0","31","Humid","5.00","0","2500.00","34850.65","SADD0002000339 Box 1","ABF1.0.0.0","4.0.0.2353","PSt3","221014-001","6/4/2024 1:58:11 PM","0000-00","0","no battery","V","","µV","","µV"
"07/08/2024","16:23:51","1","default","166358087","001","16.150","min","248.529","μmol/L","Humid","24.268","deg","35726","µV","27.000","°C","1024.000","hPa","38.4","pmil","0","59.850","deg","20.000","°C","100.000","%a.s.","26.990","deg","23.835","°C","1018.000","hPa","0.808","-0.065","0.00038","-0.00034","0","31","Humid","5.00","0","2500.00","34850.22","SADD0002000339 Box 1","ABF1.0.0.0","4.0.0.2353","PSt3","221014-001","6/4/2024 1:58:11 PM","0000-00","0","no battery","V","","µV","","µV"
"07/08/2024","16:23:52","1","default","166358087","001","16.167","min","248.606","μmol/L","Humid","24.265","deg","35720","µV","27.000","°C","1024.000","hPa","38.4","pmil","0","59.850","deg","20.000","°C","100.000","%a.s.","26.990","deg","23.835","°C","1018.000","hPa","0.808","-0.065","0.00038","-0.00034","0","31","Humid","5.00","0","2500.00","34852.29","SADD0002000339 Box 1","ABF1.0.0.0","4.0.0.2353","PSt3","221014-001","6/4/2024 1:58:11 PM","0000-00","0","no battery","V","","µV","","µV"
"07/08/2024","16:23:53","1","default","166358087","001","16.184","min","248.121","μmol/L","Humid","24.284","deg","35718","µV","27.000","°C","1024.000","hPa","38.4","pmil","0","59.850","deg","20.000","°C","100.000","%a.s.","26.990","deg","23.835","°C","1018.000","hPa","0.808","-0.065","0.00038","-0.00034","0","31","Humid","5.00","0","2500.00","34857.61","SADD0002000339 Box 1","ABF1.0.0.0","4.0.0.2353","PSt3","221014-001","6/4/2024 1:58:11 PM","0000-00","0","no battery","V","","µV","","µV"
"07/08/2024","16:23:54","1","default","166358087","001","16.200","min","248.682","μmol/L","Humid","24.262","deg","35722","µV","27.000","°C","1024.000","hPa","38.4","pmil","0","59.850","deg","20.000","°C","100.000","%a.s.","26.990","deg","23.835","°C","1018.000","hPa","0.808","-0.065","0.00038","-0.00034","0","31","Humid","5.00","0","2500.00","34852.03","SADD0002000339 Box 1","ABF1.0.0.0","4.0.0.2353","PSt3","221014-001","6/4/2024 1:58:11 PM","0000-00","0","no battery","V","","µV","","µV"
"07/08/2024","16:23:55","1","default","166358087","001","16.217","min","248.861","μmol/L","Humid","24.255","deg","35721","µV","27.000","°C","1024.000","hPa","38.4","pmil","0","59.850","deg","20.000","°C","100.000","%a.s.","26.990","deg","23.835","°C","1018.000","hPa","0.808","-0.065","0.00038","-0.00034","0","31","Humid","5.00","0","2500.00","34850.71","SADD0002000339 Box 1","ABF1.0.0.0","4.0.0.2353","PSt3","221014-001","6/4/2024 1:58:11 PM","0000-00","0","no battery","V","","µV","","µV"
"07/08/2024","16:23:56","1","default","166358087","001","16.234","min","248.708","μmol/L","Humid","24.261","deg","35721","µV","27.000","°C","1024.000","hPa","38.4","pmil","0","59.850","deg","20.000","°C","100.000","%a.s.","26.990","deg","23.835","°C","1018.000","hPa","0.808","-0.065","0.00038","-0.00034","0","31","Humid","5.00","0","2500.00","34852.01","SADD0002000339 Box 1","ABF1.0.0.0","4.0.0.2353","PSt3","221014-001","6/4/2024 1:58:11 PM","0000-00","0","no battery","V","","µV","","µV"
"07/08/2024","16:23:57","1","default","166358087","001","16.250","min","248.427","μmol/L","Humid","24.272","deg","35716","µV","27.000","°C","1024.000","hPa","38.4","pmil","0","59.850","deg","20.000","°C","100.000","%a.s.","26.990","deg","23.835","°C","1018.000","hPa","0.808","-0.065","0.00038","-0.00034","0","31","Humid","5.00","0","2500.00","34849.47","SADD0002000339 Box 1","ABF1.0.0.0","4.0.0.2353","PSt3","221014-001","6/4/2024 1:58:11 PM","0000-00","0","no battery","V","","µV","","µV"
"07/08/2024","16:23:58","1","default","166358087","001","16.267","min","248.733","μmol/L","Humid","24.260","deg","35719","µV","27.000","°C","1024.000","hPa","38.4","pmil","0","59.850","deg","20.000","°C","100.000","%a.s.","26.990","deg","23.835","°C","1018.000","hPa","0.808","-0.065","0.00038","-0.00034","0","31","Humid","5.00","0","2500.00","34852.02","SADD0002000339 Box 1","ABF1.0.0.0","4.0.0.2353","PSt3","221014-001","6/4/2024 1:58:11 PM","0000-00","0","no battery","V","","µV","","µV"
"07/08/2024","16:23:59","1","default","166358087","001","16.283","min","248.376","μmol/L","Humid","24.274","deg","35715","µV","27.000","°C","1024.000","hPa","38.4","pmil","0","59.850","deg","20.000","°C","100.000","%a.s.","26.990","deg","23.835","°C","1018.000","hPa","0.808","-0.065","0.00038","-0.00034","0","31","Humid","5.00","0","2500.00","34851.20","SADD0002000339 Box 1","ABF1.0.0.0","4.0.0.2353","PSt3","221014-001","6/4/2024 1:58:11 PM","0000-00","0","no battery","V","","µV","","µV"
"07/08/2024","16:24:00","1","default","166358087","001","16.300","min","248.682","μmol/L","Humid","24.262","deg","35718","µV","27.000","°C","1024.000","hPa","38.4","pmil","0","59.850","deg","20.000","°C","100.000","%a.s.","26.990","deg","23.835","°C","1018.000","hPa","0.808","-0.065","0.00038","-0.00034","0","31","Humid","5.00","0","2500.00","34852.25","SADD0002000339 Box 1","ABF1.0.0.0","4.0.0.2353","PSt3","221014-001","6/4/2024 1:58:11 PM","0000-00","0","no battery","V","","µV","","µV"
"07/08/2024","16:24:01","1","default","166358087","001","16.317","min","248.682","μmol/L","Humid","24.262","deg","35718","µV","27.000","°C","1024.000","hPa","38.4","pmil","0","59.850","deg","20.000","°C","100.000","%a.s.","26.990","deg","23.835","°C","1018.000","hPa","0.808","-0.065","0.00038","-0.00034","0","31","Humid","5.00","0","2500.00","34851.16","SADD0002000339 Box 1","ABF1.0.0.0","4.0.0.2353","PSt3","221014-001","6/4/2024 1:58:11 PM","0000-00","0","no battery","V","","µV","","µV"
"07/08/2024","16:24:02","1","default","166358087","001","16.334","min","248.708","μmol/L","Humid","24.261","deg","35714","µV","27.000","°C","1024.000","hPa","38.4","pmil","0","59.850","deg","20.000","°C","100.000","%a.s.","26.990","deg","23.835","°C","1018.000","hPa","0.808","-0.065","0.00038","-0.00034","0","31","Humid","5.00","0","2500.00","34853.42","SADD0002000339 Box 1","ABF1.0.0.0","4.0.0.2353","PSt3","221014-001","6/4/2024 1:58:11 PM","0000-00","0","no battery","V","","µV","","µV"
"07/08/2024","16:24:03","1","default","166358087","001","16.350","min","248.529","μmol/L","Humid","24.268","deg","35719","µV","27.000","°C","1024.000","hPa","38.4","pmil","0","59.850","deg","20.000","°C","100.000","%a.s.","26.990","deg","23.835","°C","1018.000","hPa","0.808","-0.065","0.00038","-0.00034","0","31","Humid","5.00","0","2500.00","34851.22","SADD0002000339 Box 1","ABF1.0.0.0","4.0.0.2353","PSt3","221014-001","6/4/2024 1:58:11 PM","0000-00","0","no battery","V","","µV","","µV"
"07/08/2024","16:24:04","1","default","166358087","001","16.367","min","248.529","μmol/L","Humid","24.268","deg","35716","µV","27.000","°C","1024.000","hPa","38.4","pmil","0","59.850","deg","20.000","°C","100.000","%a.s.","26.990","deg","23.835","°C","1018.000","hPa","0.808","-0.065","0.00038","-0.00034","0","31","Humid","5.00","0","2500.00","34846.55","SADD0002000339 Box 1","ABF1.0.0.0","4.0.0.2353","PSt3","221014-001","6/4/2024 1:58:11 PM","0000-00","0","no battery","V","","µV","","µV"
"07/08/2024","16:24:05","1","default","166358087","001","16.383","min","248.682","μmol/L","Humid","24.262","deg","35713","µV","27.000","°C","1024.000","hPa","38.4","pmil","0","59.850","deg","20.000","°C","100.000","%a.s.","26.990","deg","23.835","°C","1018.000","hPa","0.808","-0.065","0.00038","-0.00034","0","31","Humid","5.00","0","2500.00","34856.79","SADD0002000339 Box 1","ABF1.0.0.0","4.0.0.2353","PSt3","221014-001","6/4/2024 1:58:11 PM","0000-00","0","no battery","V","","µV","","µV"
"07/08/2024","16:24:06","1","default","166358087","001","16.400","min","248.785","μmol/L","Humid","24.258","deg","35717","µV","27.000","°C","1024.000","hPa","38.4","pmil","0","59.850","deg","20.000","°C","100.000","%a.s.","26.990","deg","23.835","°C","1018.000","hPa","0.808","-0.065","0.00038","-0.00034","0","31","Humid","5.00","0","2500.00","34851.95","SADD0002000339 Box 1","ABF1.0.0.0","4.0.0.2353","PSt3","221014-001","6/4/2024 1:58:11 PM","0000-00","0","no battery","V","","µV","","µV"
"07/08/2024","16:24:07","1","default","166358087","001","16.417","min","248.759","μmol/L","Humid","24.259","deg","35715","µV","27.000","°C","1024.000","hPa","38.4","pmil","0","59.850","deg","20.000","°C","100.000","%a.s.","26.990","deg","23.835","°C","1018.000","hPa","0.808","-0.065","0.00038","-0.00034","0","31","Humid","5.00","0","2500.00","34849.37","SADD0002000339 Box 1","ABF1.0.0.0","4.0.0.2353","PSt3","221014-001","6/4/2024 1:58:11 PM","0000-00","0","no battery","V","","µV","","µV"
"07/08/2024","16:24:08","1","default","166358087","001","16.433","min","248.657","μmol/L","Humid","24.263","deg","35710","µV","27.000","°C","1024.000","hPa","38.4","pmil","0","59.850","deg","20.000","°C","100.000","%a.s.","26.990","deg","23.835","°C","1018.000","hPa","0.808","-0.065","0.00038","-0.00034","0","31","Humid","5.00","0","2500.00","34856.49","SADD0002000339 Box 1","ABF1.0.0.0","4.0.0.2353","PSt3","221014-001","6/4/2024 1:58:11 PM","0000-00","0","no battery","V","","µV","","µV"
"07/08/2024","16:24:09","1","default","166358087","001","16.450","min","248.274","μmol/L","Humid","24.278","deg","35711","µV","27.000","°C","1024.000","hPa","38.4","pmil","0","59.850","deg","20.000","°C","100.000","%a.s.","26.990","deg","23.835","°C","1018.000","hPa","0.808","-0.065","0.00038","-0.00034","0","31","Humid","5.00","0","2500.00","34846.95","SADD0002000339 Box 1","ABF1.0.0.0","4.0.0.2353","PSt3","221014-001","6/4/2024 1:58:11 PM","0000-00","0","no battery","V","","µV","","µV"
"07/08/2024","16:24:10","1","default","166358087","001","16.467","min","248.708","μmol/L","Humid","24.261","deg","35718","µV","27.000","°C","1024.000","hPa","38.4","pmil","0","59.850","deg","20.000","°C","100.000","%a.s.","26.990","deg","23.835","°C","1018.000","hPa","0.808","-0.065","0.00038","-0.00034","0","31","Humid","5.00","0","2500.00","34845.21","SADD0002000339 Box 1","ABF1.0.0.0","4.0.0.2353","PSt3","221014-001","6/4/2024 1:58:11 PM","0000-00","0","no battery","V","","µV","","µV"
"07/08/2024","16:24:11","1","default","166358087","001","16.484","min","248.401","μmol/L","Humid","24.273","deg","35715","µV","27.000","°C","1024.000","hPa","38.4","pmil","0","59.850","deg","20.000","°C","100.000","%a.s.","26.990","deg","23.835","°C","1018.000","hPa","0.808","-0.065","0.00038","-0.00034","0","31","Humid","5.00","0","2500.00","34850.49","SADD0002000339 Box 1","ABF1.0.0.0","4.0.0.2353","PSt3","221014-001","6/4/2024 1:58:11 PM","0000-00","0","no battery","V","","µV","","µV"
"07/08/2024","16:24:12","1","default","166358087","001","16.500","min","248.401","μmol/L","Humid","24.273","deg","35711","µV","27.000","°C","1024.000","hPa","38.4","pmil","0","59.850","deg","20.000","°C","100.000","%a.s.","26.990","deg","23.835","°C","1018.000","hPa","0.808","-0.065","0.00038","-0.00034","0","31","Humid","5.00","0","2500.00","34850.80","SADD0002000339 Box 1","ABF1.0.0.0","4.0.0.2353","PSt3","221014-001","6/4/2024 1:58:11 PM","0000-00","0","no battery","V","","µV","","µV"
"07/08/2024","16:24:13","1","default","166358087","001","16.517","min","248.631","μmol/L","Humid","24.264","deg","35715","µV","27.000","°C","1024.000","hPa","38.4","pmil","0","59.850","deg","20.000","°C","100.000","%a.s.","26.990","deg","23.835","°C","1018.000","hPa","0.808","-0.065","0.00038","-0.00034","0","31","Humid","5.00","0","2500.00","34853.25","SADD0002000339 Box 1","ABF1.0.0.0","4.0.0.2353","PSt3","221014-001","6/4/2024 1:58:11 PM","0000-00","0","no battery","V","","µV","","µV"
"07/08/2024","16:24:14","1","default","166358087","001","16.533","min","248.427","μmol/L","Humid","24.272","deg","35713","µV","27.000","°C","1024.000","hPa","38.4","pmil","0","59.850","deg","20.000","°C","100.000","%a.s.","26.990","deg","23.835","°C","1018.000","hPa","0.808","-0.065","0.00038","-0.00034","0","31","Humid","5.00","0","2500.00","34851.89","SADD0002000339 Box 1","ABF1.0.0.0","4.0.0.2353","PSt3","221014-001","6/4/2024 1:58:11 PM","0000-00","0","no battery","V","","µV","","µV"
"07/08/2024","16:24:15","1","default","166358087","001","16.550","min","248.555","μmol/L","Humid","24.267","deg","35715","µV","27.000","°C","1024.000","hPa","38.4","pmil","0","59.850","deg","20.000","°C","100.000","%a.s.","26.990","deg","23.835","°C","1018.000","hPa","0.808","-0.065","0.00038","-0.00034","0","31","Humid","5.00","0","2500.00","34851.15","SADD0002000339 Box 1","ABF1.0.0.0","4.0.0.2353","PSt3","221014-001","6/4/2024 1:58:11 PM","0000-00","0","no battery","V","","µV","","µV"
"07/08/2024","16:24:16","1","default","166358087","001","16.567","min","248.504","μmol/L","Humid","24.269","deg","35716","µV","27.000","°C","1024.000","hPa","38.4","pmil","0","59.850","deg","20.000","°C","100.000","%a.s.","26.990","deg","23.835","°C","1018.000","hPa","0.808","-0.065","0.00038","-0.00034","0","31","Humid","5.00","0","2500.00","34848.11","SADD0002000339 Box 1","ABF1.0.0.0","4.0.0.2353","PSt3","221014-001","6/4/2024 1:58:11 PM","0000-00","0","no battery","V","","µV","","µV"
"07/08/2024","16:24:17","1","default","166358087","001","16.583","min","248.580","μmol/L","Humid","24.266","deg","35716","µV","27.000","°C","1024.000","hPa","38.4","pmil","0","59.850","deg","20.000","°C","100.000","%a.s.","26.990","deg","23.835","°C","1018.000","hPa","0.808","-0.065","0.00038","-0.00034","0","31","Humid","5.00","0","2500.00","34849.96","SADD0002000339 Box 1","ABF1.0.0.0","4.0.0.2353","PSt3","221014-001","6/4/2024 1:58:11 PM","0000-00","0","no battery","V","","µV","","µV"
"07/08/2024","16:24:18","1","default","166358087","001","16.600","min","248.555","μmol/L","Humid","24.267","deg","35715","µV","27.000","°C","1024.000","hPa","38.4","pmil","0","59.850","deg","20.000","°C","100.000","%a.s.","26.990","deg","23.835","°C","1018.000","hPa","0.808","-0.065","0.00038","-0.00034","0","31","Humid","5.00","0","2500.00","34857.00","SADD0002000339 Box 1","ABF1.0.0.0","4.0.0.2353","PSt3","221014-001","6/4/2024 1:58:11 PM","0000-00","0","no battery","V","","µV","","µV"
"07/08/2024","16:24:19","1","default","166358087","001","16.617","min","248.861","μmol/L","Humid","24.255","deg","35720","µV","27.000","°C","1024.000","hPa","38.4","pmil","0","59.850","deg","20.000","°C","100.000","%a.s.","26.990","deg","23.835","°C","1018.000","hPa","0.808","-0.065","0.00038","-0.00034","0","31","Humid","5.00","0","2500.00","34846.89","SADD0002000339 Box 1","ABF1.0.0.0","4.0.0.2353","PSt3","221014-001","6/4/2024 1:58:11 PM","0000-00","0","no battery","V","","µV","","µV"
"07/08/2024","16:24:20","1","default","166358087","001","16.633","min","248.836","μmol/L","Humid","24.256","deg","35717","µV","27.000","°C","1024.000","hPa","38.4","pmil","0","59.850","deg","20.000","°C","100.000","%a.s.","26.990","deg","23.835","°C","1018.000","hPa","0.808","-0.065","0.00038","-0.00034","0","31","Humid","5.00","0","2500.00","34856.35","SADD0002000339 Box 1","ABF1.0.0.0","4.0.0.2353","PSt3","221014-001","6/4/2024 1:58:11 PM","0000-00","0","no battery","V","","µV","","µV"
"07/08/2024","16:24:21","1","default","166358087","001","16.650","min","248.452","μmol/L","Humid","24.271","deg","35721","µV","27.000","°C","1024.000","hPa","38.4","pmil","0","59.850","deg","20.000","°C","100.000","%a.s.","26.990","deg","23.835","°C","1018.000","hPa","0.808","-0.065","0.00038","-0.00034","0","31","Humid","5.00","0","2500.00","34852.56","SADD0002000339 Box 1","ABF1.0.0.0","4.0.0.2353","PSt3","221014-001","6/4/2024 1:58:11 PM","0000-00","0","no battery","V","","µV","","µV"
"07/08/2024","16:24:22","1","default","166358087","001","16.667","min","248.606","μmol/L","Humid","24.265","deg","35716","µV","27.000","°C","1024.000","hPa","38.4","pmil","0","59.850","deg","20.000","°C","100.000","%a.s.","26.990","deg","23.835","°C","1018.000","hPa","0.808","-0.065","0.00038","-0.00034","0","31","Humid","5.00","0","2500.00","34850.45","SADD0002000339 Box 1","ABF1.0.0.0","4.0.0.2353","PSt3","221014-001","6/4/2024 1:58:11 PM","0000-00","0","no battery","V","","µV","","µV"
"07/08/2024","16:24:23","1","default","166358087","001","16.683","min","248.631","μmol/L","Humid","24.264","deg","35719","µV","27.000","°C","1024.000","hPa","38.4","pmil","0","59.850","deg","20.000","°C","100.000","%a.s.","26.990","deg","23.835","°C","1018.000","hPa","0.808","-0.065","0.00038","-0.00034","0","31","Humid","5.00","0","2500.00","34854.82","SADD0002000339 Box 1","ABF1.0.0.0","4.0.0.2353","PSt3","221014-001","6/4/2024 1:58:11 PM","0000-00","0","no battery","V","","µV","","µV"
"07/08/2024","16:24:24","1","default","166358087","001","16.700","min","248.452","μmol/L","Humid","24.271","deg","35721","µV","27.000","°C","1024.000","hPa","38.4","pmil","0","59.850","deg","20.000","°C","100.000","%a.s.","26.990","deg","23.835","°C","1018.000","hPa","0.808","-0.065","0.00038","-0.00034","0","31","Humid","5.00","0","2500.00","34853.54","SADD0002000339 Box 1","ABF1.0.0.0","4.0.0.2353","PSt3","221014-001","6/4/2024 1:58:11 PM","0000-00","0","no battery","V","","µV","","µV"
"07/08/2024","16:24:25","1","default","166358087","001","16.717","min","248.172","μmol/L","Humid","24.282","deg","35720","µV","27.000","°C","1024.000","hPa","38.4","pmil","0","59.850","deg","20.000","°C","100.000","%a.s.","26.990","deg","23.835","°C","1018.000","hPa","0.808","-0.065","0.00038","-0.00034","0","31","Humid","5.00","0","2500.00","34852.09","SADD0002000339 Box 1","ABF1.0.0.0","4.0.0.2353","PSt3","221014-001","6/4/2024 1:58:11 PM","0000-00","0","no battery","V","","µV","","µV"
"07/08/2024","16:24:26","1","default","166358087","001","16.733","min","248.478","μmol/L","Humid","24.270","deg","35721","µV","27.000","°C","1024.000","hPa","38.4","pmil","0","59.850","deg","20.000","°C","100.000","%a.s.","26.990","deg","23.835","°C","1018.000","hPa","0.808","-0.065","0.00038","-0.00034","0","31","Humid","5.00","0","2500.00","34851.51","SADD0002000339 Box 1","ABF1.0.0.0","4.0.0.2353","PSt3","221014-001","6/4/2024 1:58:11 PM","0000-00","0","no battery","V","","µV","","µV"
"07/08/2024","16:24:27","1","default","166358087","001","16.750","min","248.529","μmol/L","Humid","24.268","deg","35722","µV","27.000","°C","1024.000","hPa","38.4","pmil","0","59.850","deg","20.000","°C","100.000","%a.s.","26.990","deg","23.835","°C","1018.000","hPa","0.808","-0.065","0.00038","-0.00034","0","31","Humid","5.00","0","2500.00","34853.28","SADD0002000339 Box 1","ABF1.0.0.0","4.0.0.2353","PSt3","221014-001","6/4/2024 1:58:11 PM","0000-00","0","no battery","V","","µV","","µV"
"07/08/2024","16:24:28","1","default","166358087","001","16.767","min","248.350","μmol/L","Humid","24.275","deg","35726","µV","27.000","°C","1024.000","hPa","38.4","pmil","0","59.850","deg","20.000","°C","100.000","%a.s.","26.990","deg","23.835","°C","1018.000","hPa","0.808","-0.065","0.00038","-0.00034","0","31","Humid","5.00","0","2500.00","34845.45","SADD0002000339 Box 1","ABF1.0.0.0","4.0.0.2353","PSt3","221014-001","6/4/2024 1:58:11 PM","0000-00","0","no battery","V","","µV","","µV"
"07/08/2024","16:24:29","1","default","166358087","001","16.783","min","248.580","μmol/L","Humid","24.266","deg","35727","µV","27.000","°C","1024.000","hPa","38.4","pmil","0","59.850","deg","20.000","°C","100.000","%a.s.","26.990","deg","23.835","°C","1018.000","hPa","0.808","-0.065","0.00038","-0.00034","0","31","Humid","5.00","0","2500.00","34852.20","SADD0002000339 Box 1","ABF1.0.0.0","4.0.0.2353","PSt3","221014-001","6/4/2024 1:58:11 PM","0000-00","0","no battery","V","","µV","","µV"
"07/08/2024","16:24:30","1","default","166358087","001","16.800","min","248.733","μmol/L","Humid","24.260","deg","35720","µV","27.000","°C","1024.000","hPa","38.4","pmil","0","59.850","deg","20.000","°C","100.000","%a.s.","26.990","deg","23.835","°C","1018.000","hPa","0.808","-0.065","0.00038","-0.00034","0","31","Humid","5.00","0","2500.00","34846.98","SADD0002000339 Box 1","ABF1.0.0.0","4.0.0.2353","PSt3","221014-001","6/4/2024 1:58:11 PM","0000-00","0","no battery","V","","µV","","µV"
"07/08/2024","16:24:31","1","default","166358087","001","16.816","min","248.452","μmol/L","Humid","24.271","deg","35723","µV","27.000","°C","1024.000","hPa","38.4","pmil","0","59.850","deg","20.000","°C","100.000","%a.s.","26.990","deg","23.835","°C","1018.000","hPa","0.808","-0.065","0.00038","-0.00034","0","31","Humid","5.00","0","2500.00","34851.73","SADD0002000339 Box 1","ABF1.0.0.0","4.0.0.2353","PSt3","221014-001","6/4/2024 1:58:11 PM","0000-00","0","no battery","V","","µV","","µV"
"07/08/2024","16:24:32","1","default","166358087","001","16.833","min","248.555","μmol/L","Humid","24.267","deg","35725","µV","27.000","°C","1024.000","hPa","38.4","pmil","0","59.850","deg","20.000","°C","100.000","%a.s.","26.990","deg","23.835","°C","1018.000","hPa","0.808","-0.065","0.00038","-0.00034","0","31","Humid","5.00","0","2500.00","34848.12","SADD0002000339 Box 1","ABF1.0.0.0","4.0.0.2353","PSt3","221014-001","6/4/2024 1:58:11 PM","0000-00","0","no battery","V","","µV","","µV"
"07/08/2024","16:24:33","1","default","166358087","001","16.850","min","248.223","μmol/L","Humid","24.280","deg","35732","µV","27.000","°C","1024.000","hPa","38.4","pmil","0","59.850","deg","20.000","°C","100.000","%a.s.","26.990","deg","23.835","°C","1018.000","hPa","0.808","-0.065","0.00038","-0.00034","0","31","Humid","5.00","0","2500.00","34850.92","SADD0002000339 Box 1","ABF1.0.0.0","4.0.0.2353","PSt3","221014-001","6/4/2024 1:58:11 PM","0000-00","0","no battery","V","","µV","","µV"
"07/08/2024","16:24:34","1","default","166358087","001","16.867","min","248.401","μmol/L","Humid","24.273","deg","35725","µV","27.000","°C","1024.000","hPa","38.4","pmil","0","59.850","deg","20.000","°C","100.000","%a.s.","26.990","deg","23.835","°C","1018.000","hPa","0.808","-0.065","0.00038","-0.00034","0","31","Humid","5.00","0","2500.00","34852.97","SADD0002000339 Box 1","ABF1.0.0.0","4.0.0.2353","PSt3","221014-001","6/4/2024 1:58:11 PM","0000-00","0","no battery","V","","µV","","µV"
"07/08/2024","16:24:35","1","default","166358087","001","16.883","min","248.529","μmol/L","Humid","24.268","deg","35721","µV","27.000","°C","1024.000","hPa","38.4","pmil","0","59.850","deg","20.000","°C","100.000","%a.s.","26.990","deg","23.835","°C","1018.000","hPa","0.808","-0.065","0.00038","-0.00034","0","31","Humid","5.00","0","2500.00","34850.58","SADD0002000339 Box 1","ABF1.0.0.0","4.0.0.2353","PSt3","221014-001","6/4/2024 1:58:11 PM","0000-00","0","no battery","V","","µV","","µV"
"07/08/2024","16:24:36","1","default","166358087","001","16.900","min","248.325","μmol/L","Humid","24.276","deg","35720","µV","27.000","°C","1024.000","hPa","38.4","pmil","0","59.850","deg","20.000","°C","100.000","%a.s.","26.990","deg","23.835","°C","1018.000","hPa","0.808","-0.065","0.00038","-0.00034","0","31","Humid","5.00","0","2500.00","34849.59","SADD0002000339 Box 1","ABF1.0.0.0","4.0.0.2353","PSt3","221014-001","6/4/2024 1:58:11 PM","0000-00","0","no battery","V","","µV","","µV"
"07/08/2024","16:24:37","1","default","166358087","001","16.917","min","248.146","μmol/L","Humid","24.283","deg","35722","µV","27.000","°C","1024.000","hPa","38.4","pmil","0","59.850","deg","20.000","°C","100.000","%a.s.","26.990","deg","23.835","°C","1018.000","hPa","0.808","-0.065","0.00038","-0.00034","0","31","Humid","5.00","0","2500.00","34850.03","SADD0002000339 Box 1","ABF1.0.0.0","4.0.0.2353","PSt3","221014-001","6/4/2024 1:58:11 PM","0000-00","0","no battery","V","","µV","","µV"
"07/08/2024","16:24:38","1","default","166358087","001","16.934","min","248.631","μmol/L","Humid","24.264","deg","35726","µV","27.000","°C","1024.000","hPa","38.4","pmil","0","59.850","deg","20.000","°C","100.000","%a.s.","26.990","deg","23.835","°C","1018.000","hPa","0.808","-0.065","0.00038","-0.00034","0","31","Humid","5.00","0","2500.00","34852.11","SADD0002000339 Box 1","ABF1.0.0.0","4.0.0.2353","PSt3","221014-001","6/4/2024 1:58:11 PM","0000-00","0","no battery","V","","µV","","µV"
"07/08/2024","16:24:39","1","default","166358087","001","16.950","min","248.299","μmol/L","Humid","24.277","deg","35724","µV","27.000","°C","1024.000","hPa","38.4","pmil","0","59.850","deg","20.000","°C","100.000","%a.s.","26.990","deg","23.835","°C","1018.000","hPa","0.808","-0.065","0.00038","-0.00034","0","31","Humid","5.00","0","2500.00","34847.33","SADD0002000339 Box 1","ABF1.0.0.0","4.0.0.2353","PSt3","221014-001","6/4/2024 1:58:11 PM","0000-00","0","no battery","V","","µV","","µV"
"07/08/2024","16:24:40","1","default","166358087","001","16.967","min","248.376","μmol/L","Humid","24.274","deg","35724","µV","27.000","°C","1024.000","hPa","38.4","pmil","0","59.850","deg","20.000","°C","100.000","%a.s.","26.990","deg","23.835","°C","1018.000","hPa","0.808","-0.065","0.00038","-0.00034","0","31","Humid","5.00","0","2500.00","34852.99","SADD0002000339 Box 1","ABF1.0.0.0","4.0.0.2353","PSt3","221014-001","6/4/2024 1:58:11 PM","0000-00","0","no battery","V","","µV","","µV"
"07/08/2024","16:24:41","1","default","166358087","001","16.984","min","248.580","μmol/L","Humid","24.266","deg","35718","µV","27.000","°C","1024.000","hPa","38.4","pmil","0","59.850","deg","20.000","°C","100.000","%a.s.","26.990","deg","23.835","°C","1018.000","hPa","0.808","-0.065","0.00038","-0.00034","0","31","Humid","5.00","0","2500.00","34852.46","SADD0002000339 Box 1","ABF1.0.0.0","4.0.0.2353","PSt3","221014-001","6/4/2024 1:58:11 PM","0000-00","0","no battery","V","","µV","","µV"
"07/08/2024","16:24:42","1","default","166358087","001","17.000","min","248.682","μmol/L","Humid","24.262","deg","35723","µV","27.000","°C","1024.000","hPa","38.4","pmil","0","59.850","deg","20.000","°C","100.000","%a.s.","26.990","deg","23.835","°C","1018.000","hPa","0.808","-0.065","0.00038","-0.00034","0","31","Humid","5.00","0","2500.00","34852.66","SADD0002000339 Box 1","ABF1.0.0.0","4.0.0.2353","PSt3","221014-001","6/4/2024 1:58:11 PM","0000-00","0","no battery","V","","µV","","µV"
"07/08/2024","16:24:43","1","default","166358087","001","17.017","min","248.759","μmol/L","Humid","24.259","deg","35716","µV","27.000","°C","1024.000","hPa","38.4","pmil","0","59.850","deg","20.000","°C","100.000","%a.s.","26.990","deg","23.835","°C","1018.000","hPa","0.808","-0.065","0.00038","-0.00034","0","31","Humid","5.00","0","2500.00","34853.07","SADD0002000339 Box 1","ABF1.0.0.0","4.0.0.2353","PSt3","221014-001","6/4/2024 1:58:11 PM","0000-00","0","no battery","V","","µV","","µV"
"07/08/2024","16:24:44","1","default","166358087","001","17.033","min","248.657","μmol/L","Humid","24.263","deg","35715","µV","27.000","°C","1024.000","hPa","38.4","pmil","0","59.850","deg","20.000","°C","100.000","%a.s.","26.990","deg","23.835","°C","1018.000","hPa","0.808","-0.065","0.00038","-0.00034","0","31","Humid","5.00","0","2500.00","34853.35","SADD0002000339 Box 1","ABF1.0.0.0","4.0.0.2353","PSt3","221014-001","6/4/2024 1:58:11 PM","0000-00","0","no battery","V","","µV","","µV"
"07/08/2024","16:24:45","1","default","166358087","001","17.050","min","248.504","μmol/L","Humid","24.269","deg","35717","µV","27.000","°C","1024.000","hPa","38.4","pmil","0","59.850","deg","20.000","°C","100.000","%a.s.","26.990","deg","23.835","°C","1018.000","hPa","0.808","-0.065","0.00038","-0.00034","0","31","Humid","5.00","0","2500.00","34852.22","SADD0002000339 Box 1","ABF1.0.0.0","4.0.0.2353","PSt3","221014-001","6/4/2024 1:58:11 PM","0000-00","0","no battery","V","","µV","","µV"
"07/08/2024","16:24:46","1","default","166358087","001","17.067","min","248.504","μmol/L","Humid","24.269","deg","35719","µV","27.000","°C","1024.000","hPa","38.4","pmil","0","59.850","deg","20.000","°C","100.000","%a.s.","26.990","deg","23.835","°C","1018.000","hPa","0.808","-0.065","0.00038","-0.00034","0","31","Humid","5.00","0","2500.00","34848.48","SADD0002000339 Box 1","ABF1.0.0.0","4.0.0.2353","PSt3","221014-001","6/4/2024 1:58:11 PM","0000-00","0","no battery","V","","µV","","µV"
"07/08/2024","16:24:47","1","default","166358087","001","17.083","min","248.631","μmol/L","Humid","24.264","deg","35721","µV","27.000","°C","1024.000","hPa","38.4","pmil","0","59.850","deg","20.000","°C","100.000","%a.s.","26.990","deg","23.835","°C","1018.000","hPa","0.808","-0.065","0.00038","-0.00034","0","31","Humid","5.00","0","2500.00","34852.39","SADD0002000339 Box 1","ABF1.0.0.0","4.0.0.2353","PSt3","221014-001","6/4/2024 1:58:11 PM","0000-00","0","no battery","V","","µV","","µV"
"07/08/2024","16:24:48","1","default","166358087","001","17.100","min","248.606","μmol/L","Humid","24.265","deg","35715","µV","27.000","°C","1024.000","hPa","38.4","pmil","0","59.850","deg","20.000","°C","100.000","%a.s.","26.990","deg","23.835","°C","1018.000","hPa","0.808","-0.065","0.00038","-0.00034","0","31","Humid","5.00","0","2500.00","34853.42","SADD0002000339 Box 1","ABF1.0.0.0","4.0.0.2353","PSt3","221014-001","6/4/2024 1:58:11 PM","0000-00","0","no battery","V","","µV","","µV"
"07/08/2024","16:24:49","1","default","166358087","001","17.117","min","248.580","μmol/L","Humid","24.266","deg","35721","µV","27.000","°C","1024.000","hPa","38.4","pmil","0","59.850","deg","20.000","°C","100.000","%a.s.","26.990","deg","23.835","°C","1018.000","hPa","0.808","-0.065","0.00038","-0.00034","0","31","Humid","5.00","0","2500.00","34854.95","SADD0002000339 Box 1","ABF1.0.0.0","4.0.0.2353","PSt3","221014-001","6/4/2024 1:58:11 PM","0000-00","0","no battery","V","","µV","","µV"
"07/08/2024","16:24:50","1","default","166358087","001","17.133","min","248.631","μmol/L","Humid","24.264","deg","35724","µV","27.000","°C","1024.000","hPa","38.4","pmil","0","59.850","deg","20.000","°C","100.000","%a.s.","26.990","deg","23.835","°C","1018.000","hPa","0.808","-0.065","0.00038","-0.00034","0","31","Humid","5.00","0","2500.00","34842.43","SADD0002000339 Box 1","ABF1.0.0.0","4.0.0.2353","PSt3","221014-001","6/4/2024 1:58:11 PM","0000-00","0","no battery","V","","µV","","µV"
"07/08/2024","16:24:51","1","default","166358087","001","17.150","min","248.708","μmol/L","Humid","24.261","deg","35721","µV","27.000","°C","1024.000","hPa","38.4","pmil","0","59.850","deg","20.000","°C","100.000","%a.s.","26.990","deg","23.835","°C","1018.000","hPa","0.808","-0.065","0.00038","-0.00034","0","31","Humid","5.00","0","2500.00","34855.33","SADD0002000339 Box 1","ABF1.0.0.0","4.0.0.2353","PSt3","221014-001","6/4/2024 1:58:11 PM","0000-00","0","no battery","V","","µV","","µV"
"07/08/2024","16:24:52","1","default","166358087","001","17.167","min","248.452","μmol/L","Humid","24.271","deg","35723","µV","27.000","°C","1024.000","hPa","38.4","pmil","0","59.850","deg","20.000","°C","100.000","%a.s.","26.990","deg","23.835","°C","1018.000","hPa","0.808","-0.065","0.00038","-0.00034","0","31","Humid","5.00","0","2500.00","34850.72","SADD0002000339 Box 1","ABF1.0.0.0","4.0.0.2353","PSt3","221014-001","6/4/2024 1:58:11 PM","0000-00","0","no battery","V","","µV","","µV"
"07/08/2024","16:24:53","1","default","166358087","001","17.183","min","248.248","μmol/L","Humid","24.279","deg","35723","µV","27.000","°C","1024.000","hPa","38.4","pmil","0","59.850","deg","20.000","°C","100.000","%a.s.","26.990","deg","23.835","°C","1018.000","hPa","0.808","-0.065","0.00038","-0.00034","0","31","Humid","5.00","0","2500.00","34856.82","SADD0002000339 Box 1","ABF1.0.0.0","4.0.0.2353","PSt3","221014-001","6/4/2024 1:58:11 PM","0000-00","0","no battery","V","","µV","","µV"
"07/08/2024","16:24:54","1","default","166358087","001","17.200","min","248.529","μmol/L","Humid","24.268","deg","35719","µV","27.000","°C","1024.000","hPa","38.4","pmil","0","59.850","deg","20.000","°C","100.000","%a.s.","26.990","deg","23.835","°C","1018.000","hPa","0.808","-0.065","0.00038","-0.00034","0","31","Humid","5.00","0","2500.00","34849.69","SADD0002000339 Box 1","ABF1.0.0.0","4.0.0.2353","PSt3","221014-001","6/4/2024 1:58:11 PM","0000-00","0","no battery","V","","µV","","µV"
"07/08/2024","16:24:55","1","default","166358087","001","17.217","min","248.325","μmol/L","Humid","24.276","deg","35727","µV","27.000","°C","1024.000","hPa","38.4","pmil","0","59.850","deg","20.000","°C","100.000","%a.s.","26.990","deg","23.835","°C","1018.000","hPa","0.808","-0.065","0.00038","-0.00034","0","31","Humid","5.00","0","2500.00","34851.12","SADD0002000339 Box 1","ABF1.0.0.0","4.0.0.2353","PSt3","221014-001","6/4/2024 1:58:11 PM","0000-00","0","no battery","V","","µV","","µV"
"07/08/2024","16:24:56","1","default","166358087","001","17.233","min","248.555","μmol/L","Humid","24.267","deg","35725","µV","27.000","°C","1024.000","hPa","38.4","pmil","0","59.850","deg","20.000","°C","100.000","%a.s.","26.990","deg","23.835","°C","1018.000","hPa","0.808","-0.065","0.00038","-0.00034","0","31","Humid","5.00","0","2500.00","34850.07","SADD0002000339 Box 1","ABF1.0.0.0","4.0.0.2353","PSt3","221014-001","6/4/2024 1:58:11 PM","0000-00","0","no battery","V","","µV","","µV"
"07/08/2024","16:24:57","1","default","166358087","001","17.250","min","248.299","μmol/L","Humid","24.277","deg","35719","µV","27.000","°C","1024.000","hPa","38.4","pmil","0","59.850","deg","20.000","°C","100.000","%a.s.","26.990","deg","23.835","°C","1018.000","hPa","0.808","-0.065","0.00038","-0.00034","0","31","Humid","5.00","0","2500.00","34848.07","SADD0002000339 Box 1","ABF1.0.0.0","4.0.0.2353","PSt3","221014-001","6/4/2024 1:58:11 PM","0000-00","0","no battery","V","","µV","","µV"
"07/08/2024","16:24:58","1","default","166358087","001","17.267","min","248.172","μmol/L","Humid","24.282","deg","35720","µV","27.000","°C","1024.000","hPa","38.4","pmil","0","59.850","deg","20.000","°C","100.000","%a.s.","26.990","deg","23.835","°C","1018.000","hPa","0.808","-0.065","0.00038","-0.00034","0","31","Humid","5.00","0","2500.00","34854.59","SADD0002000339 Box 1","ABF1.0.0.0","4.0.0.2353","PSt3","221014-001","6/4/2024 1:58:11 PM","0000-00","0","no battery","V","","µV","","µV"
"07/08/2024","16:24:59","1","default","166358087","001","17.283","min","248.376","μmol/L","Humid","24.274","deg","35728","µV","27.000","°C","1024.000","hPa","38.4","pmil","0","59.850","deg","20.000","°C","100.000","%a.s.","26.990","deg","23.835","°C","1018.000","hPa","0.808","-0.065","0.00038","-0.00034","0","31","Humid","5.00","0","2500.00","34850.68","SADD0002000339 Box 1","ABF1.0.0.0","4.0.0.2353","PSt3","221014-001","6/4/2024 1:58:11 PM","0000-00","0","no battery","V","","µV","","µV"
"07/08/2024","16:25:00","1","default","166358087","001","17.300","min","248.299","μmol/L","Humid","24.277","deg","35726","µV","27.000","°C","1024.000","hPa","38.4","pmil","0","59.850","deg","20.000","°C","100.000","%a.s.","26.990","deg","23.835","°C","1018.000","hPa","0.808","-0.065","0.00038","-0.00034","0","31","Humid","5.00","0","2500.00","34851.94","SADD0002000339 Box 1","ABF1.0.0.0","4.0.0.2353","PSt3","221014-001","6/4/2024 1:58:11 PM","0000-00","0","no battery","V","","µV","","µV"
"07/08/2024","16:25:01","1","default","166358087","001","17.317","min","248.427","μmol/L","Humid","24.272","deg","35724","µV","27.000","°C","1024.000","hPa","38.4","pmil","0","59.850","deg","20.000","°C","100.000","%a.s.","26.990","deg","23.835","°C","1018.000","hPa","0.808","-0.065","0.00038","-0.00034","0","31","Humid","5.00","0","2500.00","34851.56","SADD0002000339 Box 1","ABF1.0.0.0","4.0.0.2353","PSt3","221014-001","6/4/2024 1:58:11 PM","0000-00","0","no battery","V","","µV","","µV"
"07/08/2024","16:25:02","1","default","166358087","001","17.333","min","248.631","μmol/L","Humid","24.264","deg","35725","µV","27.000","°C","1024.000","hPa","38.4","pmil","0","59.850","deg","20.000","°C","100.000","%a.s.","26.990","deg","23.835","°C","1018.000","hPa","0.808","-0.065","0.00038","-0.00034","0","31","Humid","5.00","0","2500.00","34849.36","SADD0002000339 Box 1","ABF1.0.0.0","4.0.0.2353","PSt3","221014-001","6/4/2024 1:58:11 PM","0000-00","0","no battery","V","","µV","","µV"
"07/08/2024","16:25:03","1","default","166358087","001","17.350","min","248.070","μmol/L","Humid","24.286","deg","35726","µV","27.000","°C","1024.000","hPa","38.4","pmil","0","59.850","deg","20.000","°C","100.000","%a.s.","26.990","deg","23.835","°C","1018.000","hPa","0.808","-0.065","0.00038","-0.00034","0","31","Humid","5.00","0","2500.00","34849.67","SADD0002000339 Box 1","ABF1.0.0.0","4.0.0.2353","PSt3","221014-001","6/4/2024 1:58:11 PM","0000-00","0","no battery","V","","µV","","µV"
"07/08/2024","16:25:04","1","default","166358087","001","17.366","min","248.504","μmol/L","Humid","24.269","deg","35720","µV","27.000","°C","1024.000","hPa","38.4","pmil","0","59.850","deg","20.000","°C","100.000","%a.s.","26.990","deg","23.835","°C","1018.000","hPa","0.808","-0.065","0.00038","-0.00034","0","31","Humid","5.00","0","2500.00","34853.43","SADD0002000339 Box 1","ABF1.0.0.0","4.0.0.2353","PSt3","221014-001","6/4/2024 1:58:11 PM","0000-00","0","no battery","V","","µV","","µV"
"07/08/2024","16:25:05","1","default","166358087","001","17.383","min","248.121","μmol/L","Humid","24.284","deg","35728","µV","27.000","°C","1024.000","hPa","38.4","pmil","0","59.850","deg","20.000","°C","100.000","%a.s.","26.990","deg","23.835","°C","1018.000","hPa","0.808","-0.065","0.00038","-0.00034","0","31","Humid","5.00","0","2500.00","34853.15","SADD0002000339 Box 1","ABF1.0.0.0","4.0.0.2353","PSt3","221014-001","6/4/2024 1:58:11 PM","0000-00","0","no battery","V","","µV","","µV"
"07/08/2024","16:25:06","1","default","166358087","001","17.400","min","248.657","μmol/L","Humid","24.263","deg","35719","µV","27.000","°C","1024.000","hPa","38.4","pmil","0","59.850","deg","20.000","°C","100.000","%a.s.","26.990","deg","23.835","°C","1018.000","hPa","0.808","-0.065","0.00038","-0.00034","0","31","Humid","5.00","0","2500.00","34850.71","SADD0002000339 Box 1","ABF1.0.0.0","4.0.0.2353","PSt3","221014-001","6/4/2024 1:58:11 PM","0000-00","0","no battery","V","","µV","","µV"
"07/08/2024","16:25:07","1","default","166358087","001","17.416","min","248.785","μmol/L","Humid","24.258","deg","35721","µV","27.000","°C","1024.000","hPa","38.4","pmil","0","59.850","deg","20.000","°C","100.000","%a.s.","26.990","deg","23.835","°C","1018.000","hPa","0.808","-0.065","0.00038","-0.00034","0","31","Humid","5.00","0","2500.00","34859.65","SADD0002000339 Box 1","ABF1.0.0.0","4.0.0.2353","PSt3","221014-001","6/4/2024 1:58:11 PM","0000-00","0","no battery","V","","µV","","µV"
"07/08/2024","16:25:08","1","default","166358087","001","17.433","min","248.478","μmol/L","Humid","24.270","deg","35725","µV","27.000","°C","1024.000","hPa","38.4","pmil","0","59.850","deg","20.000","°C","100.000","%a.s.","26.990","deg","23.835","°C","1018.000","hPa","0.808","-0.065","0.00038","-0.00034","0","31","Humid","5.00","0","2500.00","34852.31","SADD0002000339 Box 1","ABF1.0.0.0","4.0.0.2353","PSt3","221014-001","6/4/2024 1:58:11 PM","0000-00","0","no battery","V","","µV","","µV"
"07/08/2024","16:25:09","1","default","166358087","001","17.450","min","248.478","μmol/L","Humid","24.270","deg","35722","µV","27.000","°C","1024.000","hPa","38.4","pmil","0","59.850","deg","20.000","°C","100.000","%a.s.","26.990","deg","23.835","°C","1018.000","hPa","0.808","-0.065","0.00038","-0.00034","0","31","Humid","5.00","0","2500.00","34850.55","SADD0002000339 Box 1","ABF1.0.0.0","4.0.0.2353","PSt3","221014-001","6/4/2024 1:58:11 PM","0000-00","0","no battery","V","","µV","","µV"
"07/08/2024","16:25:10","1","default","166358087","001","17.466","min","248.504","μmol/L","Humid","24.269","deg","35725","µV","27.000","°C","1024.000","hPa","38.4","pmil","0","59.850","deg","20.000","°C","100.000","%a.s.","26.990","deg","23.835","°C","1018.000","hPa","0.808","-0.065","0.00038","-0.00034","0","31","Humid","5.00","0","2500.00","34859.17","SADD0002000339 Box 1","ABF1.0.0.0","4.0.0.2353","PSt3","221014-001","6/4/2024 1:58:11 PM","0000-00","0","no battery","V","","µV","","µV"
"07/08/2024","16:25:11","1","default","166358087","001","17.483","min","248.350","μmol/L","Humid","24.275","deg","35716","µV","27.000","°C","1024.000","hPa","38.4","pmil","0","59.850","deg","20.000","°C","100.000","%a.s.","26.990","deg","23.835","°C","1018.000","hPa","0.808","-0.065","0.00038","-0.00034","0","31","Humid","5.00","0","2500.00","34852.90","SADD0002000339 Box 1","ABF1.0.0.0","4.0.0.2353","PSt3","221014-001","6/4/2024 1:58:11 PM","0000-00","0","no battery","V","","µV","","µV"
"07/08/2024","16:25:12","1","default","166358087","001","17.500","min","248.427","μmol/L","Humid","24.272","deg","35723","µV","27.000","°C","1024.000","hPa","38.4","pmil","0","59.850","deg","20.000","°C","100.000","%a.s.","26.990","deg","23.835","°C","1018.000","hPa","0.808","-0.065","0.00038","-0.00034","0","31","Humid","5.00","0","2500.00","34853.63","SADD0002000339 Box 1","ABF1.0.0.0","4.0.0.2353","PSt3","221014-001","6/4/2024 1:58:11 PM","0000-00","0","no battery","V","","µV","","µV"
"07/08/2024","16:25:13","1","default","166358087","001","17.517","min","248.096","μmol/L","Humid","24.285","deg","35721","µV","27.000","°C","1024.000","hPa","38.4","pmil","0","59.850","deg","20.000","°C","100.000","%a.s.","26.990","deg","23.835","°C","1018.000","hPa","0.808","-0.065","0.00038","-0.00034","0","31","Humid","5.00","0","2500.00","34851.86","SADD0002000339 Box 1","ABF1.0.0.0","4.0.0.2353","PSt3","221014-001","6/4/2024 1:58:11 PM","0000-00","0","no battery","V","","µV","","µV"
"07/08/2024","16:25:14","1","default","166358087","001","17.533","min","248.248","μmol/L","Humid","24.279","deg","35725","µV","27.000","°C","1024.000","hPa","38.4","pmil","0","59.850","deg","20.000","°C","100.000","%a.s.","26.990","deg","23.835","°C","1018.000","hPa","0.808","-0.065","0.00038","-0.00034","0","31","Humid","5.00","0","2500.00","34853.97","SADD0002000339 Box 1","ABF1.0.0.0","4.0.0.2353","PSt3","221014-001","6/4/2024 1:58:11 PM","0000-00","0","no battery","V","","µV","","µV"
"07/08/2024","16:25:15","1","default","166358087","001","17.550","min","248.657","μmol/L","Humid","24.263","deg","35717","µV","27.000","°C","1024.000","hPa","38.4","pmil","0","59.850","deg","20.000","°C","100.000","%a.s.","26.990","deg","23.835","°C","1018.000","hPa","0.808","-0.065","0.00038","-0.00034","0","31","Humid","5.00","0","2500.00","34852.35","SADD0002000339 Box 1","ABF1.0.0.0","4.0.0.2353","PSt3","221014-001","6/4/2024 1:58:11 PM","0000-00","0","no battery","V","","µV","","µV"
"07/08/2024","16:25:16","1","default","166358087","001","17.567","min","248.248","μmol/L","Humid","24.279","deg","35717","µV","27.000","°C","1024.000","hPa","38.4","pmil","0","59.850","deg","20.000","°C","100.000","%a.s.","26.990","deg","23.835","°C","1018.000","hPa","0.808","-0.065","0.00038","-0.00034","0","31","Humid","5.00","0","2500.00","34852.52","SADD0002000339 Box 1","ABF1.0.0.0","4.0.0.2353","PSt3","221014-001","6/4/2024 1:58:11 PM","0000-00","0","no battery","V","","µV","","µV"
"07/08/2024","16:25:17","1","default","166358087","001","17.584","min","248.606","μmol/L","Humid","24.265","deg","35721","µV","27.000","°C","1024.000","hPa","38.4","pmil","0","59.850","deg","20.000","°C","100.000","%a.s.","26.990","deg","23.835","°C","1018.000","hPa","0.808","-0.065","0.00038","-0.00034","0","31","Humid","5.00","0","2500.00","34851.43","SADD0002000339 Box 1","ABF1.0.0.0","4.0.0.2353","PSt3","221014-001","6/4/2024 1:58:11 PM","0000-00","0","no battery","V","","µV","","µV"
"07/08/2024","16:25:18","1","default","166358087","001","17.600","min","248.529","μmol/L","Humid","24.268","deg","35719","µV","27.000","°C","1024.000","hPa","38.4","pmil","0","59.850","deg","20.000","°C","100.000","%a.s.","26.990","deg","23.835","°C","1018.000","hPa","0.808","-0.065","0.00038","-0.00034","0","31","Humid","5.00","0","2500.00","34852.37","SADD0002000339 Box 1","ABF1.0.0.0","4.0.0.2353","PSt3","221014-001","6/4/2024 1:58:11 PM","0000-00","0","no battery","V","","µV","","µV"
"07/08/2024","16:25:19","1","default","166358087","001","17.617","min","248.682","μmol/L","Humid","24.262","deg","35715","µV","27.000","°C","1024.000","hPa","38.4","pmil","0","59.850","deg","20.000","°C","100.000","%a.s.","26.990","deg","23.835","°C","1018.000","hPa","0.808","-0.065","0.00038","-0.00034","0","31","Humid","5.00","0","2500.00","34859.09","SADD0002000339 Box 1","ABF1.0.0.0","4.0.0.2353","PSt3","221014-001","6/4/2024 1:58:11 PM","0000-00","0","no battery","V","","µV","","µV"
"07/08/2024","16:25:20","1","default","166358087","001","17.634","min","248.555","μmol/L","Humid","24.267","deg","35715","µV","27.000","°C","1024.000","hPa","38.4","pmil","0","59.850","deg","20.000","°C","100.000","%a.s.","26.990","deg","23.835","°C","1018.000","hPa","0.808","-0.065","0.00038","-0.00034","0","31","Humid","5.00","0","2500.00","34855.09","SADD0002000339 Box 1","ABF1.0.0.0","4.0.0.2353","PSt3","221014-001","6/4/2024 1:58:11 PM","0000-00","0","no battery","V","","µV","","µV"
"07/08/2024","16:25:21","1","default","166358087","001","17.650","min","248.376","μmol/L","Humid","24.274","deg","35717","µV","27.000","°C","1024.000","hPa","38.4","pmil","0","59.850","deg","20.000","°C","100.000","%a.s.","26.990","deg","23.835","°C","1018.000","hPa","0.808","-0.065","0.00038","-0.00034","0","31","Humid","5.00","0","2500.00","34852.64","SADD0002000339 Box 1","ABF1.0.0.0","4.0.0.2353","PSt3","221014-001","6/4/2024 1:58:11 PM","0000-00","0","no battery","V","","µV","","µV"
"07/08/2024","16:25:22","1","default","166358087","001","17.667","min","248.504","μmol/L","Humid","24.269","deg","35717","µV","27.000","°C","1024.000","hPa","38.4","pmil","0","59.850","deg","20.000","°C","100.000","%a.s.","26.990","deg","23.835","°C","1018.000","hPa","0.808","-0.065","0.00038","-0.00034","0","31","Humid","5.00","0","2500.00","34852.60","SADD0002000339 Box 1","ABF1.0.0.0","4.0.0.2353","PSt3","221014-001","6/4/2024 1:58:11 PM","0000-00","0","no battery","V","","µV","","µV"
"07/08/2024","16:25:23","1","default","166358087","001","17.684","min","248.580","μmol/L","Humid","24.266","deg","35712","µV","27.000","°C","1024.000","hPa","38.4","pmil","0","59.850","deg","20.000","°C","100.000","%a.s.","26.990","deg","23.835","°C","1018.000","hPa","0.808","-0.065","0.00038","-0.00034","0","31","Humid","5.00","0","2500.00","34851.19","SADD0002000339 Box 1","ABF1.0.0.0","4.0.0.2353","PSt3","221014-001","6/4/2024 1:58:11 PM","0000-00","0","no battery","V","","µV","","µV"
"07/08/2024","16:25:24","1","default","166358087","001","17.700","min","248.555","μmol/L","Humid","24.267","deg","35715","µV","27.000","°C","1024.000","hPa","38.4","pmil","0","59.850","deg","20.000","°C","100.000","%a.s.","26.990","deg","23.835","°C","1018.000","hPa","0.808","-0.065","0.00038","-0.00034","0","31","Humid","5.00","0","2500.00","34849.26","SADD0002000339 Box 1","ABF1.0.0.0","4.0.0.2353","PSt3","221014-001","6/4/2024 1:58:11 PM","0000-00","0","no battery","V","","µV","","µV"
"07/08/2024","16:25:25","1","default","166358087","001","17.717","min","248.682","μmol/L","Humid","24.262","deg","35717","µV","27.000","°C","1024.000","hPa","38.4","pmil","0","59.850","deg","20.000","°C","100.000","%a.s.","26.990","deg","23.835","°C","1018.000","hPa","0.808","-0.065","0.00038","-0.00034","0","31","Humid","5.00","0","2500.00","34853.76","SADD0002000339 Box 1","ABF1.0.0.0","4.0.0.2353","PSt3","221014-001","6/4/2024 1:58:11 PM","0000-00","0","no battery","V","","µV","","µV"
"07/08/2024","16:25:26","1","default","166358087","001","17.733","min","248.401","μmol/L","Humid","24.273","deg","35710","µV","27.000","°C","1024.000","hPa","38.4","pmil","0","59.850","deg","20.000","°C","100.000","%a.s.","26.990","deg","23.835","°C","1018.000","hPa","0.808","-0.065","0.00038","-0.00034","0","31","Humid","5.00","0","2500.00","34853.43","SADD0002000339 Box 1","ABF1.0.0.0","4.0.0.2353","PSt3","221014-001","6/4/2024 1:58:11 PM","0000-00","0","no battery","V","","µV","","µV"
"07/08/2024","16:25:27","1","default","166358087","001","17.750","min","248.682","μmol/L","Humid","24.262","deg","35714","µV","27.000","°C","1024.000","hPa","38.4","pmil","0","59.850","deg","20.000","°C","100.000","%a.s.","26.990","deg","23.835","°C","1018.000","hPa","0.808","-0.065","0.00038","-0.00034","0","31","Humid","5.00","0","2500.00","34851.96","SADD0002000339 Box 1","ABF1.0.0.0","4.0.0.2353","PSt3","221014-001","6/4/2024 1:58:11 PM","0000-00","0","no battery","V","","µV","","µV"
"07/08/2024","16:25:28","1","default","166358087","001","17.766","min","248.810","μmol/L","Humid","24.257","deg","35712","µV","27.000","°C","1024.000","hPa","38.4","pmil","0","59.850","deg","20.000","°C","100.000","%a.s.","26.990","deg","23.835","°C","1018.000","hPa","0.808","-0.065","0.00038","-0.00034","0","31","Humid","5.00","0","2500.00","34853.69","SADD0002000339 Box 1","ABF1.0.0.0","4.0.0.2353","PSt3","221014-001","6/4/2024 1:58:11 PM","0000-00","0","no battery","V","","µV","","µV"
"07/08/2024","16:25:29","1","default","166358087","001","17.783","min","248.580","μmol/L","Humid","24.266","deg","35717","µV","27.000","°C","1024.000","hPa","38.4","pmil","0","59.850","deg","20.000","°C","100.000","%a.s.","26.990","deg","23.835","°C","1018.000","hPa","0.808","-0.065","0.00038","-0.00034","0","31","Humid","5.00","0","2500.00","34849.84","SADD0002000339 Box 1","ABF1.0.0.0","4.0.0.2353","PSt3","221014-001","6/4/2024 1:58:11 PM","0000-00","0","no battery","V","","µV","","µV"
"07/08/2024","16:25:30","1","default","166358087","001","17.800","min","248.657","μmol/L","Humid","24.263","deg","35709","µV","27.000","°C","1024.000","hPa","38.4","pmil","0","59.850","deg","20.000","°C","100.000","%a.s.","26.990","deg","23.835","°C","1018.000","hPa","0.808","-0.065","0.00038","-0.00034","0","31","Humid","5.00","0","2500.00","34849.58","SADD0002000339 Box 1","ABF1.0.0.0","4.0.0.2353","PSt3","221014-001","6/4/2024 1:58:11 PM","0000-00","0","no battery","V","","µV","","µV"
"07/08/2024","16:25:31","1","default","166358087","001","17.816","min","248.657","μmol/L","Humid","24.263","deg","35714","µV","27.000","°C","1024.000","hPa","38.4","pmil","0","59.850","deg","20.000","°C","100.000","%a.s.","26.990","deg","23.835","°C","1018.000","hPa","0.808","-0.065","0.00038","-0.00034","0","31","Humid","5.00","0","2500.00","34849.04","SADD0002000339 Box 1","ABF1.0.0.0","4.0.0.2353","PSt3","221014-001","6/4/2024 1:58:11 PM","0000-00","0","no battery","V","","µV","","µV"
"07/08/2024","16:25:32","1","default","166358087","001","17.833","min","248.452","μmol/L","Humid","24.271","deg","35715","µV","27.000","°C","1024.000","hPa","38.4","pmil","0","59.850","deg","20.000","°C","100.000","%a.s.","26.990","deg","23.835","°C","1018.000","hPa","0.808","-0.065","0.00038","-0.00034","0","31","Humid","5.00","0","2500.00","34849.43","SADD0002000339 Box 1","ABF1.0.0.0","4.0.0.2353","PSt3","221014-001","6/4/2024 1:58:11 PM","0000-00","0","no battery","V","","µV","","µV"
"07/08/2024","16:25:33","1","default","166358087","001","17.850","min","248.529","μmol/L","Humid","24.268","deg","35716","µV","27.000","°C","1024.000","hPa","38.4","pmil","0","59.850","deg","20.000","°C","100.000","%a.s.","26.990","deg","23.835","°C","1018.000","hPa","0.808","-0.065","0.00038","-0.00034","0","31","Humid","5.00","0","2500.00","34853.49","SADD0002000339 Box 1","ABF1.0.0.0","4.0.0.2353","PSt3","221014-001","6/4/2024 1:58:11 PM","0000-00","0","no battery","V","","µV","","µV"
"07/08/2024","16:25:34","1","default","166358087","001","17.866","min","248.478","μmol/L","Humid","24.270","deg","35714","µV","27.000","°C","1024.000","hPa","38.4","pmil","0","59.850","deg","20.000","°C","100.000","%a.s.","26.990","deg","23.835","°C","1018.000","hPa","0.808","-0.065","0.00038","-0.00034","0","31","Humid","5.00","0","2500.00","34850.24","SADD0002000339 Box 1","ABF1.0.0.0","4.0.0.2353","PSt3","221014-001","6/4/2024 1:58:11 PM","0000-00","0","no battery","V","","µV","","µV"
"07/08/2024","16:25:35","1","default","166358087","001","17.883","min","248.733","μmol/L","Humid","24.260","deg","35712","µV","27.000","°C","1024.000","hPa","38.4","pmil","0","59.850","deg","20.000","°C","100.000","%a.s.","26.990","deg","23.835","°C","1018.000","hPa","0.808","-0.065","0.00038","-0.00034","0","31","Humid","5.00","0","2500.00","34852.48","SADD0002000339 Box 1","ABF1.0.0.0","4.0.0.2353","PSt3","221014-001","6/4/2024 1:58:11 PM","0000-00","0","no battery","V","","µV","","µV"
"07/08/2024","16:25:36","1","default","166358087","001","17.900","min","248.452","μmol/L","Humid","24.271","deg","35713","µV","27.000","°C","1024.000","hPa","38.4","pmil","0","59.850","deg","20.000","°C","100.000","%a.s.","26.990","deg","23.835","°C","1018.000","hPa","0.808","-0.065","0.00038","-0.00034","0","31","Humid","5.00","0","2500.00","34851.89","SADD0002000339 Box 1","ABF1.0.0.0","4.0.0.2353","PSt3","221014-001","6/4/2024 1:58:11 PM","0000-00","0","no battery","V","","µV","","µV"
"07/08/2024","16:25:37","1","default","166358087","001","17.916","min","248.376","μmol/L","Humid","24.274","deg","35715","µV","27.000","°C","1024.000","hPa","38.4","pmil","0","59.850","deg","20.000","°C","100.000","%a.s.","26.990","deg","23.835","°C","1018.000","hPa","0.808","-0.065","0.00038","-0.00034","0","31","Humid","5.00","0","2500.00","34852.59","SADD0002000339 Box 1","ABF1.0.0.0","4.0.0.2353","PSt3","221014-001","6/4/2024 1:58:11 PM","0000-00","0","no battery","V","","µV","","µV"
"07/08/2024","16:25:38","1","default","166358087","001","17.933","min","248.299","μmol/L","Humid","24.277","deg","35707","µV","27.000","°C","1024.000","hPa","38.4","pmil","0","59.850","deg","20.000","°C","100.000","%a.s.","26.990","deg","23.835","°C","1018.000","hPa","0.808","-0.065","0.00038","-0.00034","0","31","Humid","5.00","0","2500.00","34851.46","SADD0002000339 Box 1","ABF1.0.0.0","4.0.0.2353","PSt3","221014-001","6/4/2024 1:58:11 PM","0000-00","0","no battery","V","","µV","","µV"
"07/08/2024","16:25:39","1","default","166358087","001","17.950","min","249.040","μmol/L","Humid","24.248","deg","35715","µV","27.000","°C","1024.000","hPa","38.4","pmil","0","59.850","deg","20.000","°C","100.000","%a.s.","26.990","deg","23.835","°C","1018.000","hPa","0.808","-0.065","0.00038","-0.00034","0","31","Humid","5.00","0","2500.00","34849.11","SADD0002000339 Box 1","ABF1.0.0.0","4.0.0.2353","PSt3","221014-001","6/4/2024 1:58:11 PM","0000-00","0","no battery","V","","µV","","µV"
"07/08/2024","16:25:40","1","default","166358087","001","17.966","min","248.325","μmol/L","Humid","24.276","deg","35704","µV","27.000","°C","1024.000","hPa","38.4","pmil","0","59.850","deg","20.000","°C","100.000","%a.s.","26.990","deg","23.835","°C","1018.000","hPa","0.808","-0.065","0.00038","-0.00034","0","31","Humid","5.00","0","2500.00","34856.51","SADD0002000339 Box 1","ABF1.0.0.0","4.0.0.2353","PSt3","221014-001","6/4/2024 1:58:11 PM","0000-00","0","no battery","V","","µV","","µV"
"07/08/2024","16:25:41","1","default","166358087","001","17.983","min","248.555","μmol/L","Humid","24.267","deg","35709","µV","27.000","°C","1024.000","hPa","38.4","pmil","0","59.850","deg","20.000","°C","100.000","%a.s.","26.990","deg","23.835","°C","1018.000","hPa","0.808","-0.065","0.00038","-0.00034","0","31","Humid","5.00","0","2500.00","34849.48","SADD0002000339 Box 1","ABF1.0.0.0","4.0.0.2353","PSt3","221014-001","6/4/2024 1:58:11 PM","0000-00","0","no battery","V","","µV","","µV"
"07/08/2024","16:25:42","1","default","166358087","001","18.000","min","248.733","μmol/L","Humid","24.260","deg","35707","µV","27.000","°C","1024.000","hPa","38.4","pmil","0","59.850","deg","20.000","°C","100.000","%a.s.","26.990","deg","23.835","°C","1018.000","hPa","0.808","-0.065","0.00038","-0.00034","0","31","Humid","5.00","0","2500.00","34854.00","SADD0002000339 Box 1","ABF1.0.0.0","4.0.0.2353","PSt3","221014-001","6/4/2024 1:58:11 PM","0000-00","0","no battery","V","","µV","","µV"
"07/08/2024","16:25:43","1","default","166358087","001","18.017","min","248.376","μmol/L","Humid","24.274","deg","35708","µV","27.000","°C","1024.000","hPa","38.4","pmil","0","59.850","deg","20.000","°C","100.000","%a.s.","26.990","deg","23.835","°C","1018.000","hPa","0.808","-0.065","0.00038","-0.00034","0","31","Humid","5.00","0","2500.00","34852.09","SADD0002000339 Box 1","ABF1.0.0.0","4.0.0.2353","PSt3","221014-001","6/4/2024 1:58:11 PM","0000-00","0","no battery","V","","µV","","µV"
"07/08/2024","16:25:44","1","default","166358087","001","18.034","min","248.555","μmol/L","Humid","24.267","deg","35708","µV","27.000","°C","1024.000","hPa","38.4","pmil","0","59.850","deg","20.000","°C","100.000","%a.s.","26.990","deg","23.835","°C","1018.000","hPa","0.808","-0.065","0.00038","-0.00034","0","31","Humid","5.00","0","2500.00","34848.87","SADD0002000339 Box 1","ABF1.0.0.0","4.0.0.2353","PSt3","221014-001","6/4/2024 1:58:11 PM","0000-00","0","no battery","V","","µV","","µV"
"07/08/2024","16:25:45","1","default","166358087","001","18.050","min","248.785","μmol/L","Humid","24.258","deg","35704","µV","27.000","°C","1024.000","hPa","38.4","pmil","0","59.850","deg","20.000","°C","100.000","%a.s.","26.990","deg","23.835","°C","1018.000","hPa","0.808","-0.065","0.00038","-0.00034","0","31","Humid","5.00","0","2500.00","34857.02","SADD0002000339 Box 1","ABF1.0.0.0","4.0.0.2353","PSt3","221014-001","6/4/2024 1:58:11 PM","0000-00","0","no battery","V","","µV","","µV"
"07/08/2024","16:25:46","1","default","166358087","001","18.067","min","248.657","μmol/L","Humid","24.263","deg","35703","µV","27.000","°C","1024.000","hPa","38.4","pmil","0","59.850","deg","20.000","°C","100.000","%a.s.","26.990","deg","23.835","°C","1018.000","hPa","0.808","-0.065","0.00038","-0.00034","0","31","Humid","5.00","0","2500.00","34847.55","SADD0002000339 Box 1","ABF1.0.0.0","4.0.0.2353","PSt3","221014-001","6/4/2024 1:58:11 PM","0000-00","0","no battery","V","","µV","","µV"
"07/08/2024","16:25:47","1","default","166358087","001","18.084","min","248.478","μmol/L","Humid","24.270","deg","35703","µV","27.000","°C","1024.000","hPa","38.4","pmil","0","59.850","deg","20.000","°C","100.000","%a.s.","26.990","deg","23.835","°C","1018.000","hPa","0.808","-0.065","0.00038","-0.00034","0","31","Humid","5.00","0","2500.00","34851.15","SADD0002000339 Box 1","ABF1.0.0.0","4.0.0.2353","PSt3","221014-001","6/4/2024 1:58:11 PM","0000-00","0","no battery","V","","µV","","µV"
"07/08/2024","16:25:48","1","default","166358087","001","18.100","min","248.759","μmol/L","Humid","24.259","deg","35700","µV","27.000","°C","1024.000","hPa","38.4","pmil","0","59.850","deg","20.000","°C","100.000","%a.s.","26.990","deg","23.835","°C","1018.000","hPa","0.808","-0.065","0.00038","-0.00034","0","31","Humid","5.00","0","2500.00","34856.28","SADD0002000339 Box 1","ABF1.0.0.0","4.0.0.2353","PSt3","221014-001","6/4/2024 1:58:11 PM","0000-00","0","no battery","V","","µV","","µV"
"07/08/2024","16:25:49","1","default","166358087","001","18.117","min","248.836","μmol/L","Humid","24.256","deg","35705","µV","27.000","°C","1024.000","hPa","38.4","pmil","0","59.850","deg","20.000","°C","100.000","%a.s.","26.990","deg","23.835","°C","1018.000","hPa","0.808","-0.065","0.00038","-0.00034","0","31","Humid","5.00","0","2500.00","34855.63","SADD0002000339 Box 1","ABF1.0.0.0","4.0.0.2353","PSt3","221014-001","6/4/2024 1:58:11 PM","0000-00","0","no battery","V","","µV","","µV"
"07/08/2024","16:25:50","1","default","166358087","001","18.134","min","248.606","μmol/L","Humid","24.265","deg","35698","µV","27.000","°C","1024.000","hPa","38.4","pmil","0","59.850","deg","20.000","°C","100.000","%a.s.","26.990","deg","23.835","°C","1018.000","hPa","0.808","-0.065","0.00038","-0.00034","0","31","Humid","5.00","0","2500.00","34851.25","SADD0002000339 Box 1","ABF1.0.0.0","4.0.0.2353","PSt3","221014-001","6/4/2024 1:58:11 PM","0000-00","0","no battery","V","","µV","","µV"
"07/08/2024","16:25:51","1","default","166358087","001","18.150","min","248.580","μmol/L","Humid","24.266","deg","35711","µV","27.000","°C","1024.000","hPa","38.4","pmil","0","59.850","deg","20.000","°C","100.000","%a.s.","26.990","deg","23.835","°C","1018.000","hPa","0.808","-0.065","0.00038","-0.00034","0","31","Humid","5.00","0","2500.00","34856.98","SADD0002000339 Box 1","ABF1.0.0.0","4.0.0.2353","PSt3","221014-001","6/4/2024 1:58:11 PM","0000-00","0","no battery","V","","µV","","µV"
"07/08/2024","16:25:52","1","default","166358087","001","18.166","min","249.117","μmol/L","Humid","24.245","deg","35702","µV","27.000","°C","1024.000","hPa","38.4","pmil","0","59.850","deg","20.000","°C","100.000","%a.s.","26.990","deg","23.835","°C","1018.000","hPa","0.808","-0.065","0.00038","-0.00034","0","31","Humid","5.00","0","2500.00","34855.82","SADD0002000339 Box 1","ABF1.0.0.0","4.0.0.2353","PSt3","221014-001","6/4/2024 1:58:11 PM","0000-00","0","no battery","V","","µV","","µV"
"07/08/2024","16:25:53","1","default","166358087","001","18.183","min","248.529","μmol/L","Humid","24.268","deg","35701","µV","27.000","°C","1024.000","hPa","38.4","pmil","0","59.850","deg","20.000","°C","100.000","%a.s.","26.990","deg","23.835","°C","1018.000","hPa","0.808","-0.065","0.00038","-0.00034","0","31","Humid","5.00","0","2500.00","34852.01","SADD0002000339 Box 1","ABF1.0.0.0","4.0.0.2353","PSt3","221014-001","6/4/2024 1:58:11 PM","0000-00","0","no battery","V","","µV","","µV"
"07/08/2024","16:25:54","1","default","166358087","001","18.200","min","248.657","μmol/L","Humid","24.263","deg","35695","µV","27.000","°C","1024.000","hPa","38.4","pmil","0","59.850","deg","20.000","°C","100.000","%a.s.","26.990","deg","23.835","°C","1018.000","hPa","0.808","-0.065","0.00038","-0.00034","0","31","Humid","5.00","0","2500.00","34854.81","SADD0002000339 Box 1","ABF1.0.0.0","4.0.0.2353","PSt3","221014-001","6/4/2024 1:58:11 PM","0000-00","0","no battery","V","","µV","","µV"
"07/08/2024","16:25:55","1","default","166358087","001","18.217","min","248.708","μmol/L","Humid","24.261","deg","35696","µV","27.000","°C","1024.000","hPa","38.4","pmil","0","59.850","deg","20.000","°C","100.000","%a.s.","26.990","deg","23.835","°C","1018.000","hPa","0.808","-0.065","0.00038","-0.00034","0","31","Humid","5.00","0","2500.00","34851.65","SADD0002000339 Box 1","ABF1.0.0.0","4.0.0.2353","PSt3","221014-001","6/4/2024 1:58:11 PM","0000-00","0","no battery","V","","µV","","µV"
"07/08/2024","16:25:56","1","default","166358087","001","18.233","min","248.785","μmol/L","Humid","24.258","deg","35694","µV","27.000","°C","1024.000","hPa","38.4","pmil","0","59.850","deg","20.000","°C","100.000","%a.s.","26.990","deg","23.835","°C","1018.000","hPa","0.808","-0.065","0.00038","-0.00034","0","31","Humid","5.00","0","2500.00","34850.71","SADD0002000339 Box 1","ABF1.0.0.0","4.0.0.2353","PSt3","221014-001","6/4/2024 1:58:11 PM","0000-00","0","no battery","V","","µV","","µV"
"07/08/2024","16:25:57","1","default","166358087","001","18.250","min","248.785","μmol/L","Humid","24.258","deg","35693","µV","27.000","°C","1024.000","hPa","38.4","pmil","0","59.850","deg","20.000","°C","100.000","%a.s.","26.990","deg","23.835","°C","1018.000","hPa","0.808","-0.065","0.00038","-0.00034","0","31","Humid","5.00","0","2500.00","34844.43","SADD0002000339 Box 1","ABF1.0.0.0","4.0.0.2353","PSt3","221014-001","6/4/2024 1:58:11 PM","0000-00","0","no battery","V","","µV","","µV"
"07/08/2024","16:25:58","1","default","166358087","001","18.267","min","248.785","μmol/L","Humid","24.258","deg","35691","µV","27.000","°C","1024.000","hPa","38.4","pmil","0","59.850","deg","20.000","°C","100.000","%a.s.","26.990","deg","23.835","°C","1018.000","hPa","0.808","-0.065","0.00038","-0.00034","0","31","Humid","5.00","0","2500.00","34857.11","SADD0002000339 Box 1","ABF1.0.0.0","4.0.0.2353","PSt3","221014-001","6/4/2024 1:58:11 PM","0000-00","0","no battery","V","","µV","","µV"
"07/08/2024","16:25:59","1","default","166358087","001","18.284","min","248.861","μmol/L","Humid","24.255","deg","35688","µV","27.000","°C","1024.000","hPa","38.4","pmil","0","59.850","deg","20.000","°C","100.000","%a.s.","26.990","deg","23.835","°C","1018.000","hPa","0.808","-0.065","0.00038","-0.00034","0","31","Humid","5.00","0","2500.00","34857.44","SADD0002000339 Box 1","ABF1.0.0.0","4.0.0.2353","PSt3","221014-001","6/4/2024 1:58:11 PM","0000-00","0","no battery","V","","µV","","µV"
"07/08/2024","16:26:00","1","default","166358087","001","18.300","min","249.040","μmol/L","Humid","24.248","deg","35691","µV","27.000","°C","1024.000","hPa","38.4","pmil","0","59.850","deg","20.000","°C","100.000","%a.s.","26.990","deg","23.835","°C","1018.000","hPa","0.808","-0.065","0.00038","-0.00034","0","31","Humid","5.00","0","2500.00","34856.19","SADD0002000339 Box 1","ABF1.0.0.0","4.0.0.2353","PSt3","221014-001","6/4/2024 1:58:11 PM","0000-00","0","no battery","V","","µV","","µV"
"07/08/2024","16:26:01","1","default","166358087","001","18.317","min","249.040","μmol/L","Humid","24.248","deg","35691","µV","27.000","°C","1024.000","hPa","38.4","pmil","0","59.850","deg","20.000","°C","100.000","%a.s.","26.990","deg","23.835","°C","1018.000","hPa","0.808","-0.065","0.00038","-0.00034","0","31","Humid","5.00","0","2500.00","34855.85","SADD0002000339 Box 1","ABF1.0.0.0","4.0.0.2353","PSt3","221014-001","6/4/2024 1:58:11 PM","0000-00","0","no battery","V","","µV","","µV"
"07/08/2024","16:26:02","1","default","166358087","001","18.334","min","248.657","μmol/L","Humid","24.263","deg","35687","µV","27.000","°C","1024.000","hPa","38.4","pmil","0","59.850","deg","20.000","°C","100.000","%a.s.","26.990","deg","23.835","°C","1018.000","hPa","0.808","-0.065","0.00038","-0.00034","0","31","Humid","5.00","0","2500.00","34854.83","SADD0002000339 Box 1","ABF1.0.0.0","4.0.0.2353","PSt3","221014-001","6/4/2024 1:58:11 PM","0000-00","0","no battery","V","","µV","","µV"
"07/08/2024","16:26:03","1","default","166358087","001","18.350","min","249.015","μmol/L","Humid","24.249","deg","35687","µV","27.000","°C","1024.000","hPa","38.4","pmil","0","59.850","deg","20.000","°C","100.000","%a.s.","26.990","deg","23.835","°C","1018.000","hPa","0.808","-0.065","0.00038","-0.00034","0","31","Humid","5.00","0","2500.00","34854.83","SADD0002000339 Box 1","ABF1.0.0.0","4.0.0.2353","PSt3","221014-001","6/4/2024 1:58:11 PM","0000-00","0","no battery","V","","µV","","µV"
"07/08/2024","16:26:04","1","default","166358087","001","18.367","min","248.785","μmol/L","Humid","24.258","deg","35689","µV","27.000","°C","1024.000","hPa","38.4","pmil","0","59.850","deg","20.000","°C","100.000","%a.s.","26.990","deg","23.835","°C","1018.000","hPa","0.808","-0.065","0.00038","-0.00034","0","31","Humid","5.00","0","2500.00","34856.59","SADD0002000339 Box 1","ABF1.0.0.0","4.0.0.2353","PSt3","221014-001","6/4/2024 1:58:11 PM","0000-00","0","no battery","V","","µV","","µV"
"07/08/2024","16:26:05","1","default","166358087","001","18.384","min","248.836","μmol/L","Humid","24.256","deg","35684","µV","27.000","°C","1024.000","hPa","38.4","pmil","0","59.850","deg","20.000","°C","100.000","%a.s.","26.990","deg","23.835","°C","1018.000","hPa","0.808","-0.065","0.00038","-0.00034","0","31","Humid","5.00","0","2500.00","34848.69","SADD0002000339 Box 1","ABF1.0.0.0","4.0.0.2353","PSt3","221014-001","6/4/2024 1:58:11 PM","0000-00","0","no battery","V","","µV","","µV"
"07/08/2024","16:26:06","1","default","166358087","001","18.400","min","248.912","μmol/L","Humid","24.253","deg","35688","µV","27.000","°C","1024.000","hPa","38.4","pmil","0","59.850","deg","20.000","°C","100.000","%a.s.","26.990","deg","23.835","°C","1018.000","hPa","0.808","-0.065","0.00038","-0.00034","0","31","Humid","5.00","0","2500.00","34850.07","SADD0002000339 Box 1","ABF1.0.0.0","4.0.0.2353","PSt3","221014-001","6/4/2024 1:58:11 PM","0000-00","0","no battery","V","","µV","","µV"
"07/08/2024","16:26:07","1","default","166358087","001","18.417","min","248.759","μmol/L","Humid","24.259","deg","35679","µV","27.000","°C","1024.000","hPa","38.4","pmil","0","59.850","deg","20.000","°C","100.000","%a.s.","26.990","deg","23.835","°C","1018.000","hPa","0.808","-0.065","0.00038","-0.00034","0","31","Humid","5.00","0","2500.00","34855.17","SADD0002000339 Box 1","ABF1.0.0.0","4.0.0.2353","PSt3","221014-001","6/4/2024 1:58:11 PM","0000-00","0","no battery","V","","µV","","µV"
"07/08/2024","16:26:08","1","default","166358087","001","18.433","min","248.861","μmol/L","Humid","24.255","deg","35678","µV","27.000","°C","1024.000","hPa","38.4","pmil","0","59.850","deg","20.000","°C","100.000","%a.s.","26.990","deg","23.835","°C","1018.000","hPa","0.808","-0.065","0.00038","-0.00034","0","31","Humid","5.00","0","2500.00","34859.96","SADD0002000339 Box 1","ABF1.0.0.0","4.0.0.2353","PSt3","221014-001","6/4/2024 1:58:11 PM","0000-00","0","no battery","V","","µV","","µV"
"07/08/2024","16:26:09","1","default","166358087","001","18.450","min","249.066","μmol/L","Humid","24.247","deg","35682","µV","27.000","°C","1024.000","hPa","38.4","pmil","0","59.850","deg","20.000","°C","100.000","%a.s.","26.990","deg","23.835","°C","1018.000","hPa","0.808","-0.065","0.00038","-0.00034","0","31","Humid","5.00","0","2500.00","34854.41","SADD0002000339 Box 1","ABF1.0.0.0","4.0.0.2353","PSt3","221014-001","6/4/2024 1:58:11 PM","0000-00","0","no battery","V","","µV","","µV"
"07/08/2024","16:26:10","1","default","166358087","001","18.467","min","248.861","μmol/L","Humid","24.255","deg","35681","µV","27.000","°C","1024.000","hPa","38.4","pmil","0","59.850","deg","20.000","°C","100.000","%a.s.","26.990","deg","23.835","°C","1018.000","hPa","0.808","-0.065","0.00038","-0.00034","0","31","Humid","5.00","0","2500.00","34854.88","SADD0002000339 Box 1","ABF1.0.0.0","4.0.0.2353","PSt3","221014-001","6/4/2024 1:58:11 PM","0000-00","0","no battery","V","","µV","","µV"
"07/08/2024","16:26:11","1","default","166358087","001","18.484","min","248.810","μmol/L","Humid","24.257","deg","35679","µV","27.000","°C","1024.000","hPa","38.4","pmil","0","59.850","deg","20.000","°C","100.000","%a.s.","26.990","deg","23.835","°C","1018.000","hPa","0.808","-0.065","0.00038","-0.00034","0","31","Humid","5.00","0","2500.00","34853.76","SADD0002000339 Box 1","ABF1.0.0.0","4.0.0.2353","PSt3","221014-001","6/4/2024 1:58:11 PM","0000-00","0","no battery","V","","µV","","µV"
"07/08/2024","16:26:12","1","default","166358087","001","18.500","min","248.733","μmol/L","Humid","24.260","deg","35682","µV","27.000","°C","1024.000","hPa","38.4","pmil","0","59.850","deg","20.000","°C","100.000","%a.s.","26.990","deg","23.835","°C","1018.000","hPa","0.808","-0.065","0.00038","-0.00034","0","31","Humid","5.00","0","2500.00","34855.75","SADD0002000339 Box 1","ABF1.0.0.0","4.0.0.2353","PSt3","221014-001","6/4/2024 1:58:11 PM","0000-00","0","no battery","V","","µV","","µV"
"07/08/2024","16:26:13","1","default","166358087","001","18.517","min","248.606","μmol/L","Humid","24.265","deg","35679","µV","27.000","°C","1024.000","hPa","38.4","pmil","0","59.850","deg","20.000","°C","100.000","%a.s.","26.990","deg","23.835","°C","1018.000","hPa","0.808","-0.065","0.00038","-0.00034","0","31","Humid","5.00","0","2500.00","34855.50","SADD0002000339 Box 1","ABF1.0.0.0","4.0.0.2353","PSt3","221014-001","6/4/2024 1:58:11 PM","0000-00","0","no battery","V","","µV","","µV"
"07/08/2024","16:26:14","1","default","166358087","001","18.534","min","248.759","μmol/L","Humid","24.259","deg","35681","µV","27.000","°C","1024.000","hPa","38.4","pmil","0","59.850","deg","20.000","°C","100.000","%a.s.","26.990","deg","23.835","°C","1018.000","hPa","0.808","-0.065","0.00038","-0.00034","0","31","Humid","5.00","0","2500.00","34851.39","SADD0002000339 Box 1","ABF1.0.0.0","4.0.0.2353","PSt3","221014-001","6/4/2024 1:58:11 PM","0000-00","0","no battery","V","","µV","","µV"
"07/08/2024","16:26:15","1","default","166358087","001","18.550","min","249.117","μmol/L","Humid","24.245","deg","35677","µV","27.000","°C","1024.000","hPa","38.4","pmil","0","59.850","deg","20.000","°C","100.000","%a.s.","26.990","deg","23.835","°C","1018.000","hPa","0.808","-0.065","0.00038","-0.00034","0","31","Humid","5.00","0","2500.00","34855.66","SADD0002000339 Box 1","ABF1.0.0.0","4.0.0.2353","PSt3","221014-001","6/4/2024 1:58:11 PM","0000-00","0","no battery","V","","µV","","µV"
"07/08/2024","16:26:16","1","default","166358087","001","18.567","min","248.938","μmol/L","Humid","24.252","deg","35674","µV","27.000","°C","1024.000","hPa","38.4","pmil","0","59.850","deg","20.000","°C","100.000","%a.s.","26.990","deg","23.835","°C","1018.000","hPa","0.808","-0.065","0.00038","-0.00034","0","31","Humid","5.00","0","2500.00","34855.82","SADD0002000339 Box 1","ABF1.0.0.0","4.0.0.2353","PSt3","221014-001","6/4/2024 1:58:11 PM","0000-00","0","no battery","V","","µV","","µV"
"07/08/2024","16:26:17","1","default","166358087","001","18.583","min","248.887","μmol/L","Humid","24.254","deg","35667","µV","27.000","°C","1024.000","hPa","38.4","pmil","0","59.850","deg","20.000","°C","100.000","%a.s.","26.990","deg","23.835","°C","1018.000","hPa","0.808","-0.065","0.00038","-0.00034","0","31","Humid","5.00","0","2500.00","34852.45","SADD0002000339 Box 1","ABF1.0.0.0","4.0.0.2353","PSt3","221014-001","6/4/2024 1:58:11 PM","0000-00","0","no battery","V","","µV","","µV"
"07/08/2024","16:26:18","1","default","166358087","001","18.600","min","248.964","μmol/L","Humid","24.251","deg","35670","µV","27.000","°C","1024.000","hPa","38.4","pmil","0","59.850","deg","20.000","°C","100.000","%a.s.","26.990","deg","23.835","°C","1018.000","hPa","0.808","-0.065","0.00038","-0.00034","0","31","Humid","5.00","0","2500.00","34849.74","SADD0002000339 Box 1","ABF1.0.0.0","4.0.0.2353","PSt3","221014-001","6/4/2024 1:58:11 PM","0000-00","0","no battery","V","","µV","","µV"
"07/08/2024","16:26:19","1","default","166358087","001","18.616","min","249.117","μmol/L","Humid","24.245","deg","35668","µV","27.000","°C","1024.000","hPa","38.4","pmil","0","59.850","deg","20.000","°C","100.000","%a.s.","26.990","deg","23.835","°C","1018.000","hPa","0.808","-0.065","0.00038","-0.00034","0","31","Humid","5.00","0","2500.00","34855.89","SADD0002000339 Box 1","ABF1.0.0.0","4.0.0.2353","PSt3","221014-001","6/4/2024 1:58:11 PM","0000-00","0","no battery","V","","µV","","µV"
"07/08/2024","16:26:20","1","default","166358087","001","18.634","min","249.117","μmol/L","Humid","24.245","deg","35665","µV","27.000","°C","1024.000","hPa","38.4","pmil","0","59.850","deg","20.000","°C","100.000","%a.s.","26.990","deg","23.835","°C","1018.000","hPa","0.808","-0.065","0.00038","-0.00034","0","31","Humid","5.00","0","2500.00","34853.97","SADD0002000339 Box 1","ABF1.0.0.0","4.0.0.2353","PSt3","221014-001","6/4/2024 1:58:11 PM","0000-00","0","no battery","V","","µV","","µV"
"07/08/2024","16:26:21","1","default","166358087","001","18.650","min","248.504","μmol/L","Humid","24.269","deg","35664","µV","27.000","°C","1024.000","hPa","38.4","pmil","0","59.850","deg","20.000","°C","100.000","%a.s.","26.990","deg","23.835","°C","1018.000","hPa","0.808","-0.065","0.00038","-0.00034","0","31","Humid","5.00","0","2500.00","34852.01","SADD0002000339 Box 1","ABF1.0.0.0","4.0.0.2353","PSt3","221014-001","6/4/2024 1:58:11 PM","0000-00","0","no battery","V","","µV","","µV"
"07/08/2024","16:26:22","1","default","166358087","001","18.667","min","249.322","μmol/L","Humid","24.237","deg","35666","µV","27.000","°C","1024.000","hPa","38.4","pmil","0","59.850","deg","20.000","°C","100.000","%a.s.","26.990","deg","23.835","°C","1018.000","hPa","0.808","-0.065","0.00038","-0.00034","0","31","Humid","5.00","0","2500.00","34853.26","SADD0002000339 Box 1","ABF1.0.0.0","4.0.0.2353","PSt3","221014-001","6/4/2024 1:58:11 PM","0000-00","0","no battery","V","","µV","","µV"
"07/08/2024","16:26:23","1","default","166358087","001","18.683","min","249.168","μmol/L","Humid","24.243","deg","35668","µV","27.000","°C","1024.000","hPa","38.4","pmil","0","59.850","deg","20.000","°C","100.000","%a.s.","26.990","deg","23.835","°C","1018.000","hPa","0.808","-0.065","0.00038","-0.00034","0","31","Humid","5.00","0","2500.00","34852.86","SADD0002000339 Box 1","ABF1.0.0.0","4.0.0.2353","PSt3","221014-001","6/4/2024 1:58:11 PM","0000-00","0","no battery","V","","µV","","µV"
"07/08/2024","16:26:24","1","default","166358087","001","18.700","min","248.964","μmol/L","Humid","24.251","deg","35661","µV","27.000","°C","1024.000","hPa","38.4","pmil","0","59.850","deg","20.000","°C","100.000","%a.s.","26.990","deg","23.835","°C","1018.000","hPa","0.808","-0.065","0.00038","-0.00034","0","31","Humid","5.00","0","2500.00","34857.25","SADD0002000339 Box 1","ABF1.0.0.0","4.0.0.2353","PSt3","221014-001","6/4/2024 1:58:11 PM","0000-00","0","no battery","V","","µV","","µV"
"07/08/2024","16:26:25","1","default","166358087","001","18.716","min","249.168","μmol/L","Humid","24.243","deg","35662","µV","27.000","°C","1024.000","hPa","38.4","pmil","0","59.850","deg","20.000","°C","100.000","%a.s.","26.990","deg","23.835","°C","1018.000","hPa","0.808","-0.065","0.00038","-0.00034","0","31","Humid","5.00","0","2500.00","34851.65","SADD0002000339 Box 1","ABF1.0.0.0","4.0.0.2353","PSt3","221014-001","6/4/2024 1:58:11 PM","0000-00","0","no battery","V","","µV","","µV"
"07/08/2024","16:26:26","1","default","166358087","001","18.733","min","248.861","μmol/L","Humid","24.255","deg","35653","µV","27.000","°C","1024.000","hPa","38.4","pmil","0","59.850","deg","20.000","°C","100.000","%a.s.","26.990","deg","23.835","°C","1018.000","hPa","0.808","-0.065","0.00038","-0.00034","0","31","Humid","5.00","0","2500.00","34849.51","SADD0002000339 Box 1","ABF1.0.0.0","4.0.0.2353","PSt3","221014-001","6/4/2024 1:58:11 PM","0000-00","0","no battery","V","","µV","","µV"
"07/08/2024","16:26:27","1","default","166358087","001","18.750","min","248.861","μmol/L","Humid","24.255","deg","35662","µV","27.000","°C","1024.000","hPa","38.4","pmil","0","59.850","deg","20.000","°C","100.000","%a.s.","26.990","deg","23.835","°C","1018.000","hPa","0.808","-0.065","0.00038","-0.00034","0","31","Humid","5.00","0","2500.00","34856.99","SADD0002000339 Box 1","ABF1.0.0.0","4.0.0.2353","PSt3","221014-001","6/4/2024 1:58:11 PM","0000-00","0","no battery","V","","µV","","µV"
"07/08/2024","16:26:28","1","default","166358087","001","18.767","min","249.015","μmol/L","Humid","24.249","deg","35661","µV","27.000","°C","1024.000","hPa","38.4","pmil","0","59.850","deg","20.000","°C","100.000","%a.s.","26.990","deg","23.835","°C","1018.000","hPa","0.808","-0.065","0.00038","-0.00034","0","31","Humid","5.00","0","2500.00","34849.81","SADD0002000339 Box 1","ABF1.0.0.0","4.0.0.2353","PSt3","221014-001","6/4/2024 1:58:11 PM","0000-00","0","no battery","V","","µV","","µV"
"07/08/2024","16:26:29","1","default","166358087","001","18.783","min","248.810","μmol/L","Humid","24.257","deg","35660","µV","27.000","°C","1024.000","hPa","38.4","pmil","0","59.850","deg","20.000","°C","100.000","%a.s.","26.990","deg","23.835","°C","1018.000","hPa","0.808","-0.065","0.00038","-0.00034","0","31","Humid","5.00","0","2500.00","34855.85","SADD0002000339 Box 1","ABF1.0.0.0","4.0.0.2353","PSt3","221014-001","6/4/2024 1:58:11 PM","0000-00","0","no battery","V","","µV","","µV"
"07/08/2024","16:26:30","1","default","166358087","001","18.800","min","248.912","μmol/L","Humid","24.253","deg","35653","µV","27.000","°C","1024.000","hPa","38.4","pmil","0","59.850","deg","20.000","°C","100.000","%a.s.","26.990","deg","23.835","°C","1018.000","hPa","0.808","-0.065","0.00038","-0.00034","0","31","Humid","5.00","0","2500.00","34852.56","SADD0002000339 Box 1","ABF1.0.0.0","4.0.0.2353","PSt3","221014-001","6/4/2024 1:58:11 PM","0000-00","0","no battery","V","","µV","","µV"
"07/08/2024","16:26:31","1","default","166358087","001","18.816","min","249.271","μmol/L","Humid","24.239","deg","35652","µV","27.000","°C","1024.000","hPa","38.4","pmil","0","59.850","deg","20.000","°C","100.000","%a.s.","26.990","deg","23.835","°C","1018.000","hPa","0.808","-0.065","0.00038","-0.00034","0","31","Humid","5.00","0","2500.00","34854.00","SADD0002000339 Box 1","ABF1.0.0.0","4.0.0.2353","PSt3","221014-001","6/4/2024 1:58:11 PM","0000-00","0","no battery","V","","µV","","µV"
"07/08/2024","16:26:32","1","default","166358087","001","18.833","min","249.015","μmol/L","Humid","24.249","deg","35657","µV","27.000","°C","1024.000","hPa","38.4","pmil","0","59.850","deg","20.000","°C","100.000","%a.s.","26.990","deg","23.835","°C","1018.000","hPa","0.808","-0.065","0.00038","-0.00034","0","31","Humid","5.00","0","2500.00","34858.45","SADD0002000339 Box 1","ABF1.0.0.0","4.0.0.2353","PSt3","221014-001","6/4/2024 1:58:11 PM","0000-00","0","no battery","V","","µV","","µV"
"07/08/2024","16:26:33","1","default","166358087","001","18.850","min","249.168","μmol/L","Humid","24.243","deg","35655","µV","27.000","°C","1024.000","hPa","38.4","pmil","0","59.850","deg","20.000","°C","100.000","%a.s.","26.990","deg","23.835","°C","1018.000","hPa","0.808","-0.065","0.00038","-0.00034","0","31","Humid","5.00","0","2500.00","34855.40","SADD0002000339 Box 1","ABF1.0.0.0","4.0.0.2353","PSt3","221014-001","6/4/2024 1:58:11 PM","0000-00","0","no battery","V","","µV","","µV"
"07/08/2024","16:26:34","1","default","166358087","001","18.866","min","249.296","μmol/L","Humid","24.238","deg","35654","µV","27.000","°C","1024.000","hPa","38.4","pmil","0","59.850","deg","20.000","°C","100.000","%a.s.","26.990","deg","23.835","°C","1018.000","hPa","0.808","-0.065","0.00038","-0.00034","0","31","Humid","5.00","0","2500.00","34857.81","SADD0002000339 Box 1","ABF1.0.0.0","4.0.0.2353","PSt3","221014-001","6/4/2024 1:58:11 PM","0000-00","0","no battery","V","","µV","","µV"
"07/08/2024","16:26:35","1","default","166358087","001","18.883","min","248.887","μmol/L","Humid","24.254","deg","35653","µV","27.000","°C","1024.000","hPa","38.4","pmil","0","59.850","deg","20.000","°C","100.000","%a.s.","26.990","deg","23.835","°C","1018.000","hPa","0.808","-0.065","0.00038","-0.00034","0","31","Humid","5.00","0","2500.00","34859.29","SADD0002000339 Box 1","ABF1.0.0.0","4.0.0.2353","PSt3","221014-001","6/4/2024 1:58:11 PM","0000-00","0","no battery","V","","µV","","µV"
"07/08/2024","16:26:36","1","default","166358087","001","18.899","min","249.040","μmol/L","Humid","24.248","deg","35653","µV","27.000","°C","1024.000","hPa","38.4","pmil","0","59.850","deg","20.000","°C","100.000","%a.s.","26.990","deg","23.835","°C","1018.000","hPa","0.808","-0.065","0.00038","-0.00034","0","31","Humid","5.00","0","2500.00","34851.98","SADD0002000339 Box 1","ABF1.0.0.0","4.0.0.2353","PSt3","221014-001","6/4/2024 1:58:11 PM","0000-00","0","no battery","V","","µV","","µV"
"07/08/2024","16:26:37","1","default","166358087","001","18.916","min","248.836","μmol/L","Humid","24.256","deg","35660","µV","27.000","°C","1024.000","hPa","38.4","pmil","0","59.850","deg","20.000","°C","100.000","%a.s.","26.990","deg","23.835","°C","1018.000","hPa","0.808","-0.065","0.00038","-0.00034","0","31","Humid","5.00","0","2500.00","34856.77","SADD0002000339 Box 1","ABF1.0.0.0","4.0.0.2353","PSt3","221014-001","6/4/2024 1:58:11 PM","0000-00","0","no battery","V","","µV","","µV"
"07/08/2024","16:26:38","1","default","166358087","001","18.933","min","248.861","μmol/L","Humid","24.255","deg","35654","µV","27.000","°C","1024.000","hPa","38.4","pmil","0","59.850","deg","20.000","°C","100.000","%a.s.","26.990","deg","23.835","°C","1018.000","hPa","0.808","-0.065","0.00038","-0.00034","0","31","Humid","5.00","0","2500.00","34847.74","SADD0002000339 Box 1","ABF1.0.0.0","4.0.0.2353","PSt3","221014-001","6/4/2024 1:58:11 PM","0000-00","0","no battery","V","","µV","","µV"
"07/08/2024","16:26:39","1","default","166358087","001","18.949","min","249.271","μmol/L","Humid","24.239","deg","35650","µV","27.000","°C","1024.000","hPa","38.4","pmil","0","59.850","deg","20.000","°C","100.000","%a.s.","26.990","deg","23.835","°C","1018.000","hPa","0.808","-0.065","0.00038","-0.00034","0","31","Humid","5.00","0","2500.00","34854.04","SADD0002000339 Box 1","ABF1.0.0.0","4.0.0.2353","PSt3","221014-001","6/4/2024 1:58:11 PM","0000-00","0","no battery","V","","µV","","µV"
"07/08/2024","16:26:40","1","default","166358087","001","18.966","min","249.296","μmol/L","Humid","24.238","deg","35647","µV","27.000","°C","1024.000","hPa","38.4","pmil","0","59.850","deg","20.000","°C","100.000","%a.s.","26.990","deg","23.835","°C","1018.000","hPa","0.808","-0.065","0.00038","-0.00034","0","31","Humid","5.00","0","2500.00","34853.56","SADD0002000339 Box 1","ABF1.0.0.0","4.0.0.2353","PSt3","221014-001","6/4/2024 1:58:11 PM","0000-00","0","no battery","V","","µV","","µV"
"07/08/2024","16:26:41","1","default","166358087","001","18.983","min","248.836","μmol/L","Humid","24.256","deg","35651","µV","27.000","°C","1024.000","hPa","38.4","pmil","0","59.850","deg","20.000","°C","100.000","%a.s.","26.990","deg","23.835","°C","1018.000","hPa","0.808","-0.065","0.00038","-0.00034","0","31","Humid","5.00","0","2500.00","34855.13","SADD0002000339 Box 1","ABF1.0.0.0","4.0.0.2353","PSt3","221014-001","6/4/2024 1:58:11 PM","0000-00","0","no battery","V","","µV","","µV"
"07/08/2024","16:26:42","1","default","166358087","001","19.000","min","249.373","μmol/L","Humid","24.235","deg","35648","µV","27.000","°C","1024.000","hPa","38.4","pmil","0","59.850","deg","20.000","°C","100.000","%a.s.","26.990","deg","23.835","°C","1018.000","hPa","0.808","-0.065","0.00038","-0.00034","0","31","Humid","5.00","0","2500.00","34853.72","SADD0002000339 Box 1","ABF1.0.0.0","4.0.0.2353","PSt3","221014-001","6/4/2024 1:58:11 PM","0000-00","0","no battery","V","","µV","","µV"
"07/08/2024","16:26:43","1","default","166358087","001","19.017","min","248.861","μmol/L","Humid","24.255","deg","35651","µV","27.000","°C","1024.000","hPa","38.4","pmil","0","59.850","deg","20.000","°C","100.000","%a.s.","26.990","deg","23.835","°C","1018.000","hPa","0.808","-0.065","0.00038","-0.00034","0","31","Humid","5.00","0","2500.00","34857.45","SADD0002000339 Box 1","ABF1.0.0.0","4.0.0.2353","PSt3","221014-001","6/4/2024 1:58:11 PM","0000-00","0","no battery","V","","µV","","µV"
"07/08/2024","16:26:44","1","default","166358087","001","19.033","min","249.425","μmol/L","Humid","24.233","deg","35651","µV","27.000","°C","1024.000","hPa","38.4","pmil","0","59.850","deg","20.000","°C","100.000","%a.s.","26.990","deg","23.835","°C","1018.000","hPa","0.808","-0.065","0.00038","-0.00034","0","31","Humid","5.00","0","2500.00","34848.10","SADD0002000339 Box 1","ABF1.0.0.0","4.0.0.2353","PSt3","221014-001","6/4/2024 1:58:11 PM","0000-00","0","no battery","V","","µV","","µV"
"07/08/2024","16:26:45","1","default","166358087","001","19.050","min","249.040","μmol/L","Humid","24.248","deg","35652","µV","27.000","°C","1024.000","hPa","38.4","pmil","0","59.850","deg","20.000","°C","100.000","%a.s.","26.990","deg","23.835","°C","1018.000","hPa","0.808","-0.065","0.00038","-0.00034","0","31","Humid","5.00","0","2500.00","34852.42","SADD0002000339 Box 1","ABF1.0.0.0","4.0.0.2353","PSt3","221014-001","6/4/2024 1:58:11 PM","0000-00","0","no battery","V","","µV","","µV"
"07/08/2024","16:26:46","1","default","166358087","001","19.066","min","249.373","μmol/L","Humid","24.235","deg","35648","µV","27.000","°C","1024.000","hPa","38.4","pmil","0","59.850","deg","20.000","°C","100.000","%a.s.","26.990","deg","23.835","°C","1018.000","hPa","0.808","-0.065","0.00038","-0.00034","0","31","Humid","5.00","0","2500.00","34856.14","SADD0002000339 Box 1","ABF1.0.0.0","4.0.0.2353","PSt3","221014-001","6/4/2024 1:58:11 PM","0000-00","0","no battery","V","","µV","","µV"
"07/08/2024","16:26:47","1","default","166358087","001","19.083","min","249.143","μmol/L","Humid","24.244","deg","35652","µV","27.000","°C","1024.000","hPa","38.4","pmil","0","59.850","deg","20.000","°C","100.000","%a.s.","26.990","deg","23.835","°C","1018.000","hPa","0.808","-0.065","0.00038","-0.00034","0","31","Humid","5.00","0","2500.00","34855.10","SADD0002000339 Box 1","ABF1.0.0.0","4.0.0.2353","PSt3","221014-001","6/4/2024 1:58:11 PM","0000-00","0","no battery","V","","µV","","µV"
"07/08/2024","16:26:48","1","default","166358087","001","19.100","min","249.015","μmol/L","Humid","24.249","deg","35646","µV","27.000","°C","1024.000","hPa","38.4","pmil","0","59.850","deg","20.000","°C","100.000","%a.s.","26.990","deg","23.835","°C","1018.000","hPa","0.808","-0.065","0.00038","-0.00034","0","31","Humid","5.00","0","2500.00","34856.96","SADD0002000339 Box 1","ABF1.0.0.0","4.0.0.2353","PSt3","221014-001","6/4/2024 1:58:11 PM","0000-00","0","no battery","V","","µV","","µV"
"07/08/2024","16:26:49","1","default","166358087","001","19.116","min","248.938","μmol/L","Humid","24.252","deg","35644","µV","27.000","°C","1024.000","hPa","38.4","pmil","0","59.850","deg","20.000","°C","100.000","%a.s.","26.990","deg","23.835","°C","1018.000","hPa","0.808","-0.065","0.00038","-0.00034","0","31","Humid","5.00","0","2500.00","34857.60","SADD0002000339 Box 1","ABF1.0.0.0","4.0.0.2353","PSt3","221014-001","6/4/2024 1:58:11 PM","0000-00","0","no battery","V","","µV","","µV"
"07/08/2024","16:26:50","1","default","166358087","001","19.133","min","249.168","μmol/L","Humid","24.243","deg","35642","µV","27.000","°C","1024.000","hPa","38.4","pmil","0","59.850","deg","20.000","°C","100.000","%a.s.","26.990","deg","23.835","°C","1018.000","hPa","0.808","-0.065","0.00038","-0.00034","0","31","Humid","5.00","0","2500.00","34856.23","SADD0002000339 Box 1","ABF1.0.0.0","4.0.0.2353","PSt3","221014-001","6/4/2024 1:58:11 PM","0000-00","0","no battery","V","","µV","","µV"
"07/08/2024","16:26:51","1","default","166358087","001","19.150","min","248.938","μmol/L","Humid","24.252","deg","35644","µV","27.000","°C","1024.000","hPa","38.4","pmil","0","59.850","deg","20.000","°C","100.000","%a.s.","26.990","deg","23.835","°C","1018.000","hPa","0.808","-0.065","0.00038","-0.00034","0","31","Humid","5.00","0","2500.00","34860.99","SADD0002000339 Box 1","ABF1.0.0.0","4.0.0.2353","PSt3","221014-001","6/4/2024 1:58:11 PM","0000-00","0","no battery","V","","µV","","µV"
"07/08/2024","16:26:52","1","default","166358087","001","19.166","min","248.887","μmol/L","Humid","24.254","deg","35645","µV","27.000","°C","1024.000","hPa","38.4","pmil","0","59.850","deg","20.000","°C","100.000","%a.s.","26.990","deg","23.835","°C","1018.000","hPa","0.808","-0.065","0.00038","-0.00034","0","31","Humid","5.00","0","2500.00","34851.55","SADD0002000339 Box 1","ABF1.0.0.0","4.0.0.2353","PSt3","221014-001","6/4/2024 1:58:11 PM","0000-00","0","no battery","V","","µV","","µV"
"07/08/2024","16:26:53","1","default","166358087","001","19.183","min","249.348","μmol/L","Humid","24.236","deg","35639","µV","27.000","°C","1024.000","hPa","38.4","pmil","0","59.850","deg","20.000","°C","100.000","%a.s.","26.990","deg","23.835","°C","1018.000","hPa","0.808","-0.065","0.00038","-0.00034","0","31","Humid","5.00","0","2500.00","34855.06","SADD0002000339 Box 1","ABF1.0.0.0","4.0.0.2353","PSt3","221014-001","6/4/2024 1:58:11 PM","0000-00","0","no battery","V","","µV","","µV"
"07/08/2024","16:26:54","1","default","166358087","001","19.200","min","249.322","μmol/L","Humid","24.237","deg","35642","µV","27.000","°C","1024.000","hPa","38.4","pmil","0","59.850","deg","20.000","°C","100.000","%a.s.","26.990","deg","23.835","°C","1018.000","hPa","0.808","-0.065","0.00038","-0.00034","0","31","Humid","5.00","0","2500.00","34853.18","SADD0002000339 Box 1","ABF1.0.0.0","4.0.0.2353","PSt3","221014-001","6/4/2024 1:58:11 PM","0000-00","0","no battery","V","","µV","","µV"
"07/08/2024","16:26:55","1","default","166358087","001","19.216","min","249.066","μmol/L","Humid","24.247","deg","35635","µV","27.000","°C","1024.000","hPa","38.4","pmil","0","59.850","deg","20.000","°C","100.000","%a.s.","26.990","deg","23.835","°C","1018.000","hPa","0.808","-0.065","0.00038","-0.00034","0","31","Humid","5.00","0","2500.00","34852.61","SADD0002000339 Box 1","ABF1.0.0.0","4.0.0.2353","PSt3","221014-001","6/4/2024 1:58:11 PM","0000-00","0","no battery","V","","µV","","µV"
"07/08/2024","16:26:56","1","default","166358087","001","19.233","min","249.143","μmol/L","Humid","24.244","deg","35641","µV","27.000","°C","1024.000","hPa","38.4","pmil","0","59.850","deg","20.000","°C","100.000","%a.s.","26.990","deg","23.835","°C","1018.000","hPa","0.808","-0.065","0.00038","-0.00034","0","31","Humid","5.00","0","2500.00","34855.18","SADD0002000339 Box 1","ABF1.0.0.0","4.0.0.2353","PSt3","221014-001","6/4/2024 1:58:11 PM","0000-00","0","no battery","V","","µV","","µV"
"07/08/2024","16:26:57","1","default","166358087","001","19.250","min","249.117","μmol/L","Humid","24.245","deg","35635","µV","27.000","°C","1024.000","hPa","38.4","pmil","0","59.850","deg","20.000","°C","100.000","%a.s.","26.990","deg","23.835","°C","1018.000","hPa","0.808","-0.065","0.00038","-0.00034","0","31","Humid","5.00","0","2500.00","34854.67","SADD0002000339 Box 1","ABF1.0.0.0","4.0.0.2353","PSt3","221014-001","6/4/2024 1:58:11 PM","0000-00","0","no battery","V","","µV","","µV"
"07/08/2024","16:26:58","1","default","166358087","001","19.266","min","249.091","μmol/L","Humid","24.246","deg","35629","µV","27.000","°C","1024.000","hPa","38.4","pmil","0","59.850","deg","20.000","°C","100.000","%a.s.","26.990","deg","23.835","°C","1018.000","hPa","0.808","-0.065","0.00038","-0.00034","0","31","Humid","5.00","0","2500.00","34858.55","SADD0002000339 Box 1","ABF1.0.0.0","4.0.0.2353","PSt3","221014-001","6/4/2024 1:58:11 PM","0000-00","0","no battery","V","","µV","","µV"
"07/08/2024","16:26:59","1","default","166358087","001","19.283","min","249.527","μmol/L","Humid","24.229","deg","35635","µV","27.000","°C","1024.000","hPa","38.4","pmil","0","59.850","deg","20.000","°C","100.000","%a.s.","26.990","deg","23.835","°C","1018.000","hPa","0.808","-0.065","0.00038","-0.00034","0","31","Humid","5.00","0","2500.00","34857.88","SADD0002000339 Box 1","ABF1.0.0.0","4.0.0.2353","PSt3","221014-001","6/4/2024 1:58:11 PM","0000-00","0","no battery","V","","µV","","µV"
"07/08/2024","16:27:00","1","default","166358087","001","19.300","min","249.399","μmol/L","Humid","24.234","deg","35632","µV","27.000","°C","1024.000","hPa","38.4","pmil","0","59.850","deg","20.000","°C","100.000","%a.s.","26.990","deg","23.835","°C","1018.000","hPa","0.808","-0.065","0.00038","-0.00034","0","31","Humid","5.00","0","2500.00","34856.11","SADD0002000339 Box 1","ABF1.0.0.0","4.0.0.2353","PSt3","221014-001","6/4/2024 1:58:11 PM","0000-00","0","no battery","V","","µV","","µV"
"07/08/2024","16:27:01","1","default","166358087","001","19.316","min","249.502","μmol/L","Humid","24.230","deg","35632","µV","27.000","°C","1024.000","hPa","38.4","pmil","0","59.850","deg","20.000","°C","100.000","%a.s.","26.990","deg","23.835","°C","1018.000","hPa","0.808","-0.065","0.00038","-0.00034","0","31","Humid","5.00","0","2500.00","34854.55","SADD0002000339 Box 1","ABF1.0.0.0","4.0.0.2353","PSt3","221014-001","6/4/2024 1:58:11 PM","0000-00","0","no battery","V","","µV","","µV"
"07/08/2024","16:27:02","1","default","166358087","001","19.333","min","249.322","μmol/L","Humid","24.237","deg","35629","µV","27.000","°C","1024.000","hPa","38.4","pmil","0","59.850","deg","20.000","°C","100.000","%a.s.","26.990","deg","23.835","°C","1018.000","hPa","0.808","-0.065","0.00038","-0.00034","0","31","Humid","5.00","0","2500.00","34862.26","SADD0002000339 Box 1","ABF1.0.0.0","4.0.0.2353","PSt3","221014-001","6/4/2024 1:58:11 PM","0000-00","0","no battery","V","","µV","","µV"
"07/08/2024","16:27:03","1","default","166358087","001","19.350","min","249.707","μmol/L","Humid","24.222","deg","35631","µV","27.000","°C","1024.000","hPa","38.4","pmil","0","59.850","deg","20.000","°C","100.000","%a.s.","26.990","deg","23.835","°C","1018.000","hPa","0.808","-0.065","0.00038","-0.00034","0","31","Humid","5.00","0","2500.00","34852.26","SADD0002000339 Box 1","ABF1.0.0.0","4.0.0.2353","PSt3","221014-001","6/4/2024 1:58:11 PM","0000-00","0","no battery","V","","µV","","µV"
"07/08/2024","16:27:04","1","default","166358087","001","19.367","min","249.502","μmol/L","Humid","24.230","deg","35628","µV","27.000","°C","1024.000","hPa","38.4","pmil","0","59.850","deg","20.000","°C","100.000","%a.s.","26.990","deg","23.835","°C","1018.000","hPa","0.808","-0.065","0.00038","-0.00034","0","31","Humid","5.00","0","2500.00","34859.24","SADD0002000339 Box 1","ABF1.0.0.0","4.0.0.2353","PSt3","221014-001","6/4/2024 1:58:11 PM","0000-00","0","no battery","V","","µV","","µV"
"07/08/2024","16:27:05","1","default","166358087","001","19.384","min","249.527","μmol/L","Humid","24.229","deg","35626","µV","27.000","°C","1024.000","hPa","38.4","pmil","0","59.850","deg","20.000","°C","100.000","%a.s.","26.990","deg","23.835","°C","1018.000","hPa","0.808","-0.065","0.00038","-0.00034","0","31","Humid","5.00","0","2500.00","34854.05","SADD0002000339 Box 1","ABF1.0.0.0","4.0.0.2353","PSt3","221014-001","6/4/2024 1:58:11 PM","0000-00","0","no battery","V","","µV","","µV"
"07/08/2024","16:27:06","1","default","166358087","001","19.400","min","249.476","μmol/L","Humid","24.231","deg","35615","µV","27.000","°C","1024.000","hPa","38.4","pmil","0","59.850","deg","20.000","°C","100.000","%a.s.","26.990","deg","23.835","°C","1018.000","hPa","0.808","-0.065","0.00038","-0.00034","0","31","Humid","5.00","0","2500.00","34850.36","SADD0002000339 Box 1","ABF1.0.0.0","4.0.0.2353","PSt3","221014-001","6/4/2024 1:58:11 PM","0000-00","0","no battery","V","","µV","","µV"
"07/08/2024","16:27:07","1","default","166358087","001","19.417","min","249.604","μmol/L","Humid","24.226","deg","35617","µV","27.000","°C","1024.000","hPa","38.4","pmil","0","59.850","deg","20.000","°C","100.000","%a.s.","26.990","deg","23.835","°C","1018.000","hPa","0.808","-0.065","0.00038","-0.00034","0","31","Humid","5.00","0","2500.00","34858.34","SADD0002000339 Box 1","ABF1.0.0.0","4.0.0.2353","PSt3","221014-001","6/4/2024 1:58:11 PM","0000-00","0","no battery","V","","µV","","µV"
"07/08/2024","16:27:08","1","default","166358087","001","19.433","min","249.630","μmol/L","Humid","24.225","deg","35612","µV","27.000","°C","1024.000","hPa","38.4","pmil","0","59.850","deg","20.000","°C","100.000","%a.s.","26.990","deg","23.835","°C","1018.000","hPa","0.808","-0.065","0.00038","-0.00034","0","31","Humid","5.00","0","2500.00","34859.26","SADD0002000339 Box 1","ABF1.0.0.0","4.0.0.2353","PSt3","221014-001","6/4/2024 1:58:11 PM","0000-00","0","no battery","V","","µV","","µV"
"07/08/2024","16:27:09","1","default","166358087","001","19.450","min","249.630","μmol/L","Humid","24.225","deg","35610","µV","27.000","°C","1024.000","hPa","38.4","pmil","0","59.850","deg","20.000","°C","100.000","%a.s.","26.990","deg","23.835","°C","1018.000","hPa","0.808","-0.065","0.00038","-0.00034","0","31","Humid","5.00","0","2500.00","34848.86","SADD0002000339 Box 1","ABF1.0.0.0","4.0.0.2353","PSt3","221014-001","6/4/2024 1:58:11 PM","0000-00","0","no battery","V","","µV","","µV"
"07/08/2024","16:27:10","1","default","166358087","001","19.467","min","249.990","μmol/L","Humid","24.211","deg","35614","µV","27.000","°C","1024.000","hPa","38.4","pmil","0","59.850","deg","20.000","°C","100.000","%a.s.","26.990","deg","23.835","°C","1018.000","hPa","0.808","-0.065","0.00038","-0.00034","0","31","Humid","5.00","0","2500.00","34855.55","SADD0002000339 Box 1","ABF1.0.0.0","4.0.0.2353","PSt3","221014-001","6/4/2024 1:58:11 PM","0000-00","0","no battery","V","","µV","","µV"
"07/08/2024","16:27:11","1","default","166358087","001","19.483","min","249.656","μmol/L","Humid","24.224","deg","35608","µV","27.000","°C","1024.000","hPa","38.4","pmil","0","59.850","deg","20.000","°C","100.000","%a.s.","26.990","deg","23.835","°C","1018.000","hPa","0.808","-0.065","0.00038","-0.00034","0","31","Humid","5.00","0","2500.00","34863.02","SADD0002000339 Box 1","ABF1.0.0.0","4.0.0.2353","PSt3","221014-001","6/4/2024 1:58:11 PM","0000-00","0","no battery","V","","µV","","µV"
"07/08/2024","16:27:12","1","default","166358087","001","19.500","min","249.476","μmol/L","Humid","24.231","deg","35609","µV","27.000","°C","1024.000","hPa","38.4","pmil","0","59.850","deg","20.000","°C","100.000","%a.s.","26.990","deg","23.835","°C","1018.000","hPa","0.808","-0.065","0.00038","-0.00034","0","31","Humid","5.00","0","2500.00","34855.37","SADD0002000339 Box 1","ABF1.0.0.0","4.0.0.2353","PSt3","221014-001","6/4/2024 1:58:11 PM","0000-00","0","no battery","V","","µV","","µV"
"07/08/2024","16:27:13","1","default","166358087","001","19.517","min","249.450","μmol/L","Humid","24.232","deg","35613","µV","27.000","°C","1024.000","hPa","38.4","pmil","0","59.850","deg","20.000","°C","100.000","%a.s.","26.990","deg","23.835","°C","1018.000","hPa","0.808","-0.065","0.00038","-0.00034","0","31","Humid","5.00","0","2500.00","34853.68","SADD0002000339 Box 1","ABF1.0.0.0","4.0.0.2353","PSt3","221014-001","6/4/2024 1:58:11 PM","0000-00","0","no battery","V","","µV","","µV"
"07/08/2024","16:27:14","1","default","166358087","001","19.533","min","249.861","μmol/L","Humid","24.216","deg","35612","µV","27.000","°C","1024.000","hPa","38.4","pmil","0","59.850","deg","20.000","°C","100.000","%a.s.","26.990","deg","23.835","°C","1018.000","hPa","0.808","-0.065","0.00038","-0.00034","0","31","Humid","5.00","0","2500.00","34854.04","SADD0002000339 Box 1","ABF1.0.0.0","4.0.0.2353","PSt3","221014-001","6/4/2024 1:58:11 PM","0000-00","0","no battery","V","","µV","","µV"
"07/08/2024","16:27:15","1","default","166358087","001","19.550","min","249.348","μmol/L","Humid","24.236","deg","35616","µV","27.000","°C","1024.000","hPa","38.4","pmil","0","59.850","deg","20.000","°C","100.000","%a.s.","26.990","deg","23.835","°C","1018.000","hPa","0.808","-0.065","0.00038","-0.00034","0","31","Humid","5.00","0","2500.00","34855.38","SADD0002000339 Box 1","ABF1.0.0.0","4.0.0.2353","PSt3","221014-001","6/4/2024 1:58:11 PM","0000-00","0","no battery","V","","µV","","µV"
"07/08/2024","16:27:16","1","default","166358087","001","19.567","min","249.630","μmol/L","Humid","24.225","deg","35608","µV","27.000","°C","1024.000","hPa","38.4","pmil","0","59.850","deg","20.000","°C","100.000","%a.s.","26.990","deg","23.835","°C","1018.000","hPa","0.808","-0.065","0.00038","-0.00034","0","31","Humid","5.00","0","2500.00","34853.85","SADD0002000339 Box 1","ABF1.0.0.0","4.0.0.2353","PSt3","221014-001","6/4/2024 1:58:11 PM","0000-00","0","no battery","V","","µV","","µV"
"07/08/2024","16:27:17","1","default","166358087","001","19.583","min","249.630","μmol/L","Humid","24.225","deg","35612","µV","27.000","°C","1024.000","hPa","38.4","pmil","0","59.850","deg","20.000","°C","100.000","%a.s.","26.990","deg","23.835","°C","1018.000","hPa","0.808","-0.065","0.00038","-0.00034","0","31","Humid","5.00","0","2500.00","34858.62","SADD0002000339 Box 1","ABF1.0.0.0","4.0.0.2353","PSt3","221014-001","6/4/2024 1:58:11 PM","0000-00","0","no battery","V","","µV","","µV"
"07/08/2024","16:27:18","1","default","166358087","001","19.600","min","249.579","μmol/L","Humid","24.227","deg","35609","µV","27.000","°C","1024.000","hPa","38.4","pmil","0","59.850","deg","20.000","°C","100.000","%a.s.","26.990","deg","23.835","°C","1018.000","hPa","0.808","-0.065","0.00038","-0.00034","0","31","Humid","5.00","0","2500.00","34849.36","SADD0002000339 Box 1","ABF1.0.0.0","4.0.0.2353","PSt3","221014-001","6/4/2024 1:58:11 PM","0000-00","0","no battery","V","","µV","","µV"
"07/08/2024","16:27:19","1","default","166358087","001","19.617","min","249.450","μmol/L","Humid","24.232","deg","35612","µV","27.000","°C","1024.000","hPa","38.4","pmil","0","59.850","deg","20.000","°C","100.000","%a.s.","26.990","deg","23.835","°C","1018.000","hPa","0.808","-0.065","0.00038","-0.00034","0","31","Humid","5.00","0","2500.00","34854.68","SADD0002000339 Box 1","ABF1.0.0.0","4.0.0.2353","PSt3","221014-001","6/4/2024 1:58:11 PM","0000-00","0","no battery","V","","µV","","µV"
"07/08/2024","16:27:20","1","default","166358087","001","19.633","min","249.553","μmol/L","Humid","24.228","deg","35612","µV","27.000","°C","1024.000","hPa","38.4","pmil","0","59.850","deg","20.000","°C","100.000","%a.s.","26.990","deg","23.835","°C","1018.000","hPa","0.808","-0.065","0.00038","-0.00034","0","31","Humid","5.00","0","2500.00","34853.83","SADD0002000339 Box 1","ABF1.0.0.0","4.0.0.2353","PSt3","221014-001","6/4/2024 1:58:11 PM","0000-00","0","no battery","V","","µV","","µV"
"07/08/2024","16:27:21","1","default","166358087","001","19.650","min","249.681","μmol/L","Humid","24.223","deg","35612","µV","27.000","°C","1024.000","hPa","38.4","pmil","0","59.850","deg","20.000","°C","100.000","%a.s.","26.990","deg","23.835","°C","1018.000","hPa","0.808","-0.065","0.00038","-0.00034","0","31","Humid","5.00","0","2500.00","34854.08","SADD0002000339 Box 1","ABF1.0.0.0","4.0.0.2353","PSt3","221014-001","6/4/2024 1:58:11 PM","0000-00","0","no battery","V","","µV","","µV"
"07/08/2024","16:27:22","1","default","166358087","001","19.666","min","249.271","μmol/L","Humid","24.239","deg","35605","µV","27.000","°C","1024.000","hPa","38.4","pmil","0","59.850","deg","20.000","°C","100.000","%a.s.","26.990","deg","23.835","°C","1018.000","hPa","0.808","-0.065","0.00038","-0.00034","0","31","Humid","5.00","0","2500.00","34857.84","SADD0002000339 Box 1","ABF1.0.0.0","4.0.0.2353","PSt3","221014-001","6/4/2024 1:58:11 PM","0000-00","0","no battery","V","","µV","","µV"
"07/08/2024","16:27:23","1","default","166358087","001","19.683","min","249.348","μmol/L","Humid","24.236","deg","35612","µV","27.000","°C","1024.000","hPa","38.4","pmil","0","59.850","deg","20.000","°C","100.000","%a.s.","26.990","deg","23.835","°C","1018.000","hPa","0.808","-0.065","0.00038","-0.00034","0","31","Humid","5.00","0","2500.00","34855.26","SADD0002000339 Box 1","ABF1.0.0.0","4.0.0.2353","PSt3","221014-001","6/4/2024 1:58:11 PM","0000-00","0","no battery","V","","µV","","µV"
"07/08/2024","16:27:24","1","default","166358087","001","19.699","min","249.707","μmol/L","Humid","24.222","deg","35607","µV","27.000","°C","1024.000","hPa","38.4","pmil","0","59.850","deg","20.000","°C","100.000","%a.s.","26.990","deg","23.835","°C","1018.000","hPa","0.808","-0.065","0.00038","-0.00034","0","31","Humid","5.00","0","2500.00","34858.79","SADD0002000339 Box 1","ABF1.0.0.0","4.0.0.2353","PSt3","221014-001","6/4/2024 1:58:11 PM","0000-00","0","no battery","V","","µV","","µV"
"07/08/2024","16:27:25","1","default","166358087","001","19.717","min","249.810","μmol/L","Humid","24.218","deg","35609","µV","27.000","°C","1024.000","hPa","38.4","pmil","0","59.850","deg","20.000","°C","100.000","%a.s.","26.990","deg","23.835","°C","1018.000","hPa","0.808","-0.065","0.00038","-0.00034","0","31","Humid","5.00","0","2500.00","34850.52","SADD0002000339 Box 1","ABF1.0.0.0","4.0.0.2353","PSt3","221014-001","6/4/2024 1:58:11 PM","0000-00","0","no battery","V","","µV","","µV"
"07/08/2024","16:27:26","1","default","166358087","001","19.734","min","249.656","μmol/L","Humid","24.224","deg","35600","µV","27.000","°C","1024.000","hPa","38.4","pmil","0","59.850","deg","20.000","°C","100.000","%a.s.","26.990","deg","23.835","°C","1018.000","hPa","0.808","-0.065","0.00038","-0.00034","0","31","Humid","5.00","0","2500.00","34852.63","SADD0002000339 Box 1","ABF1.0.0.0","4.0.0.2353","PSt3","221014-001","6/4/2024 1:58:11 PM","0000-00","0","no battery","V","","µV","","µV"
"07/08/2024","16:27:27","1","default","166358087","001","19.750","min","249.553","μmol/L","Humid","24.228","deg","35600","µV","27.000","°C","1024.000","hPa","38.4","pmil","0","59.850","deg","20.000","°C","100.000","%a.s.","26.990","deg","23.835","°C","1018.000","hPa","0.808","-0.065","0.00038","-0.00034","0","31","Humid","5.00","0","2500.00","34857.17","SADD0002000339 Box 1","ABF1.0.0.0","4.0.0.2353","PSt3","221014-001","6/4/2024 1:58:11 PM","0000-00","0","no battery","V","","µV","","µV"
"07/08/2024","16:27:28","1","default","166358087","001","19.767","min","249.784","μmol/L","Humid","24.219","deg","35603","µV","27.000","°C","1024.000","hPa","38.4","pmil","0","59.850","deg","20.000","°C","100.000","%a.s.","26.990","deg","23.835","°C","1018.000","hPa","0.808","-0.065","0.00038","-0.00034","0","31","Humid","5.00","0","2500.00","34853.48","SADD0002000339 Box 1","ABF1.0.0.0","4.0.0.2353","PSt3","221014-001","6/4/2024 1:58:11 PM","0000-00","0","no battery","V","","µV","","µV"
"07/08/2024","16:27:29","1","default","166358087","001","19.784","min","249.527","μmol/L","Humid","24.229","deg","35600","µV","27.000","°C","1024.000","hPa","38.4","pmil","0","59.850","deg","20.000","°C","100.000","%a.s.","26.990","deg","23.835","°C","1018.000","hPa","0.808","-0.065","0.00038","-0.00034","0","31","Humid","5.00","0","2500.00","34858.33","SADD0002000339 Box 1","ABF1.0.0.0","4.0.0.2353","PSt3","221014-001","6/4/2024 1:58:11 PM","0000-00","0","no battery","V","","µV","","µV"
"07/08/2024","16:27:30","1","default","166358087","001","19.800","min","249.656","μmol/L","Humid","24.224","deg","35605","µV","27.000","°C","1024.000","hPa","38.4","pmil","0","59.850","deg","20.000","°C","100.000","%a.s.","26.990","deg","23.835","°C","1018.000","hPa","0.808","-0.065","0.00038","-0.00034","0","31","Humid","5.00","0","2500.00","34855.66","SADD0002000339 Box 1","ABF1.0.0.0","4.0.0.2353","PSt3","221014-001","6/4/2024 1:58:11 PM","0000-00","0","no battery","V","","µV","","µV"
"07/08/2024","16:27:31","1","default","166358087","001","19.817","min","249.630","μmol/L","Humid","24.225","deg","35602","µV","27.000","°C","1024.000","hPa","38.4","pmil","0","59.850","deg","20.000","°C","100.000","%a.s.","26.990","deg","23.835","°C","1018.000","hPa","0.808","-0.065","0.00038","-0.00034","0","31","Humid","5.00","0","2500.00","34852.73","SADD0002000339 Box 1","ABF1.0.0.0","4.0.0.2353","PSt3","221014-001","6/4/2024 1:58:11 PM","0000-00","0","no battery","V","","µV","","µV"
"07/08/2024","16:27:32","1","default","166358087","001","19.834","min","250.041","μmol/L","Humid","24.209","deg","35598","µV","27.000","°C","1024.000","hPa","38.4","pmil","0","59.850","deg","20.000","°C","100.000","%a.s.","26.990","deg","23.835","°C","1018.000","hPa","0.808","-0.065","0.00038","-0.00034","0","31","Humid","5.00","0","2500.00","34853.26","SADD0002000339 Box 1","ABF1.0.0.0","4.0.0.2353","PSt3","221014-001","6/4/2024 1:58:11 PM","0000-00","0","no battery","V","","µV","","µV"
"07/08/2024","16:27:33","1","default","166358087","001","19.850","min","249.810","μmol/L","Humid","24.218","deg","35595","µV","27.000","°C","1024.000","hPa","38.4","pmil","0","59.850","deg","20.000","°C","100.000","%a.s.","26.990","deg","23.835","°C","1018.000","hPa","0.808","-0.065","0.00038","-0.00034","0","31","Humid","5.00","0","2500.00","34856.03","SADD0002000339 Box 1","ABF1.0.0.0","4.0.0.2353","PSt3","221014-001","6/4/2024 1:58:11 PM","0000-00","0","no battery","V","","µV","","µV"
"07/08/2024","16:27:34","1","default","166358087","001","19.867","min","249.758","μmol/L","Humid","24.220","deg","35593","µV","27.000","°C","1024.000","hPa","38.4","pmil","0","59.850","deg","20.000","°C","100.000","%a.s.","26.990","deg","23.835","°C","1018.000","hPa","0.808","-0.065","0.00038","-0.00034","0","31","Humid","5.00","0","2500.00","34855.61","SADD0002000339 Box 1","ABF1.0.0.0","4.0.0.2353","PSt3","221014-001","6/4/2024 1:58:11 PM","0000-00","0","no battery","V","","µV","","µV"
"07/08/2024","16:27:35","1","default","166358087","001","19.883","min","249.758","μmol/L","Humid","24.220","deg","35599","µV","27.000","°C","1024.000","hPa","38.4","pmil","0","59.850","deg","20.000","°C","100.000","%a.s.","26.990","deg","23.835","°C","1018.000","hPa","0.808","-0.065","0.00038","-0.00034","0","31","Humid","5.00","0","2500.00","34858.43","SADD0002000339 Box 1","ABF1.0.0.0","4.0.0.2353","PSt3","221014-001","6/4/2024 1:58:11 PM","0000-00","0","no battery","V","","µV","","µV"
"07/08/2024","16:27:36","1","default","166358087","001","19.900","min","249.579","μmol/L","Humid","24.227","deg","35594","µV","27.000","°C","1024.000","hPa","38.4","pmil","0","59.850","deg","20.000","°C","100.000","%a.s.","26.990","deg","23.835","°C","1018.000","hPa","0.808","-0.065","0.00038","-0.00034","0","31","Humid","5.00","0","2500.00","34850.24","SADD0002000339 Box 1","ABF1.0.0.0","4.0.0.2353","PSt3","221014-001","6/4/2024 1:58:11 PM","0000-00","0","no battery","V","","µV","","µV"
"07/08/2024","16:27:37","1","default","166358087","001","19.917","min","249.733","μmol/L","Humid","24.221","deg","35600","µV","27.000","°C","1024.000","hPa","38.4","pmil","0","59.850","deg","20.000","°C","100.000","%a.s.","26.990","deg","23.835","°C","1018.000","hPa","0.808","-0.065","0.00038","-0.00034","0","31","Humid","5.00","0","2500.00","34852.94","SADD0002000339 Box 1","ABF1.0.0.0","4.0.0.2353","PSt3","221014-001","6/4/2024 1:58:11 PM","0000-00","0","no battery","V","","µV","","µV"
"07/08/2024","16:27:38","1","default","166358087","001","19.933","min","249.450","μmol/L","Humid","24.232","deg","35601","µV","27.000","°C","1024.000","hPa","38.4","pmil","0","59.850","deg","20.000","°C","100.000","%a.s.","26.990","deg","23.835","°C","1018.000","hPa","0.808","-0.065","0.00038","-0.00034","0","31","Humid","5.00","0","2500.00","34855.09","SADD0002000339 Box 1","ABF1.0.0.0","4.0.0.2353","PSt3","221014-001","6/4/2024 1:58:11 PM","0000-00","0","no battery","V","","µV","","µV"
"07/08/2024","16:27:39","1","default","166358087","001","19.950","min","249.527","μmol/L","Humid","24.229","deg","35604","µV","27.000","°C","1024.000","hPa","38.4","pmil","0","59.850","deg","20.000","°C","100.000","%a.s.","26.990","deg","23.835","°C","1018.000","hPa","0.808","-0.065","0.00038","-0.00034","0","31","Humid","5.00","0","2500.00","34856.05","SADD0002000339 Box 1","ABF1.0.0.0","4.0.0.2353","PSt3","221014-001","6/4/2024 1:58:11 PM","0000-00","0","no battery","V","","µV","","µV"
"07/08/2024","16:27:40","1","default","166358087","001","19.967","min","249.810","μmol/L","Humid","24.218","deg","35596","µV","27.000","°C","1024.000","hPa","38.4","pmil","0","59.850","deg","20.000","°C","100.000","%a.s.","26.990","deg","23.835","°C","1018.000","hPa","0.808","-0.065","0.00038","-0.00034","0","31","Humid","5.00","0","2500.00","34859.80","SADD0002000339 Box 1","ABF1.0.0.0","4.0.0.2353","PSt3","221014-001","6/4/2024 1:58:11 PM","0000-00","0","no battery","V","","µV","","µV"
"07/08/2024","16:27:41","1","default","166358087","001","19.983","min","249.527","μmol/L","Humid","24.229","deg","35600","µV","27.000","°C","1024.000","hPa","38.4","pmil","0","59.850","deg","20.000","°C","100.000","%a.s.","26.990","deg","23.835","°C","1018.000","hPa","0.808","-0.065","0.00038","-0.00034","0","31","Humid","5.00","0","2500.00","34853.63","SADD0002000339 Box 1","ABF1.0.0.0","4.0.0.2353","PSt3","221014-001","6/4/2024 1:58:11 PM","0000-00","0","no battery","V","","µV","","µV"
"07/08/2024","16:27:42","1","default","166358087","001","20.000","min","249.681","μmol/L","Humid","24.223","deg","35601","µV","27.000","°C","1024.000","hPa","38.4","pmil","0","59.850","deg","20.000","°C","100.000","%a.s.","26.990","deg","23.835","°C","1018.000","hPa","0.808","-0.065","0.00038","-0.00034","0","31","Humid","5.00","0","2500.00","34848.85","SADD0002000339 Box 1","ABF1.0.0.0","4.0.0.2353","PSt3","221014-001","6/4/2024 1:58:11 PM","0000-00","0","no battery","V","","µV","","µV"
"07/08/2024","16:27:43","1","default","166358087","001","20.017","min","249.604","μmol/L","Humid","24.226","deg","35598","µV","27.000","°C","1024.000","hPa","38.4","pmil","0","59.850","deg","20.000","°C","100.000","%a.s.","26.990","deg","23.835","°C","1018.000","hPa","0.808","-0.065","0.00038","-0.00034","0","31","Humid","5.00","0","2500.00","34856.21","SADD0002000339 Box 1","ABF1.0.0.0","4.0.0.2353","PSt3","221014-001","6/4/2024 1:58:11 PM","0000-00","0","no battery","V","","µV","","µV"
"07/08/2024","16:27:44","1","default","166358087","001","20.033","min","249.784","μmol/L","Humid","24.219","deg","35599","µV","27.000","°C","1024.000","hPa","38.4","pmil","0","59.850","deg","20.000","°C","100.000","%a.s.","26.990","deg","23.835","°C","1018.000","hPa","0.808","-0.065","0.00038","-0.00034","0","31","Humid","5.00","0","2500.00","34856.72","SADD0002000339 Box 1","ABF1.0.0.0","4.0.0.2353","PSt3","221014-001","6/4/2024 1:58:11 PM","0000-00","0","no battery","V","","µV","","µV"
"07/08/2024","16:27:45","1","default","166358087","001","20.050","min","249.630","μmol/L","Humid","24.225","deg","35595","µV","27.000","°C","1024.000","hPa","38.4","pmil","0","59.850","deg","20.000","°C","100.000","%a.s.","26.990","deg","23.835","°C","1018.000","hPa","0.808","-0.065","0.00038","-0.00034","0","31","Humid","5.00","0","2500.00","34854.49","SADD0002000339 Box 1","ABF1.0.0.0","4.0.0.2353","PSt3","221014-001","6/4/2024 1:58:11 PM","0000-00","0","no battery","V","","µV","","µV"
"07/08/2024","16:27:46","1","default","166358087","001","20.067","min","249.733","μmol/L","Humid","24.221","deg","35597","µV","27.000","°C","1024.000","hPa","38.4","pmil","0","59.850","deg","20.000","°C","100.000","%a.s.","26.990","deg","23.835","°C","1018.000","hPa","0.808","-0.065","0.00038","-0.00034","0","31","Humid","5.00","0","2500.00","34859.03","SADD0002000339 Box 1","ABF1.0.0.0","4.0.0.2353","PSt3","221014-001","6/4/2024 1:58:11 PM","0000-00","0","no battery","V","","µV","","µV"
"07/08/2024","16:27:47","1","default","166358087","001","20.083","min","249.707","μmol/L","Humid","24.222","deg","35598","µV","27.000","°C","1024.000","hPa","38.4","pmil","0","59.850","deg","20.000","°C","100.000","%a.s.","26.990","deg","23.835","°C","1018.000","hPa","0.808","-0.065","0.00038","-0.00034","0","31","Humid","5.00","0","2500.00","34849.45","SADD0002000339 Box 1","ABF1.0.0.0","4.0.0.2353","PSt3","221014-001","6/4/2024 1:58:11 PM","0000-00","0","no battery","V","","µV","","µV"
"07/08/2024","16:27:48","1","default","166358087","001","20.100","min","250.093","μmol/L","Humid","24.207","deg","35591","µV","27.000","°C","1024.000","hPa","38.4","pmil","0","59.850","deg","20.000","°C","100.000","%a.s.","26.990","deg","23.835","°C","1018.000","hPa","0.808","-0.065","0.00038","-0.00034","0","31","Humid","5.00","0","2500.00","34850.91","SADD0002000339 Box 1","ABF1.0.0.0","4.0.0.2353","PSt3","221014-001","6/4/2024 1:58:11 PM","0000-00","0","no battery","V","","µV","","µV"
"07/08/2024","16:27:49","1","default","166358087","001","20.116","min","249.604","μmol/L","Humid","24.226","deg","35596","µV","27.000","°C","1024.000","hPa","38.4","pmil","0","59.850","deg","20.000","°C","100.000","%a.s.","26.990","deg","23.835","°C","1018.000","hPa","0.808","-0.065","0.00038","-0.00034","0","31","Humid","5.00","0","2500.00","34858.72","SADD0002000339 Box 1","ABF1.0.0.0","4.0.0.2353","PSt3","221014-001","6/4/2024 1:58:11 PM","0000-00","0","no battery","V","","µV","","µV"
"07/08/2024","16:27:50","1","default","166358087","001","20.133","min","249.733","μmol/L","Humid","24.221","deg","35591","µV","27.000","°C","1024.000","hPa","38.4","pmil","0","59.850","deg","20.000","°C","100.000","%a.s.","26.990","deg","23.835","°C","1018.000","hPa","0.808","-0.065","0.00038","-0.00034","0","31","Humid","5.00","0","2500.00","34855.12","SADD0002000339 Box 1","ABF1.0.0.0","4.0.0.2353","PSt3","221014-001","6/4/2024 1:58:11 PM","0000-00","0","no battery","V","","µV","","µV"
"07/08/2024","16:27:51","1","default","166358087","001","20.150","min","249.733","μmol/L","Humid","24.221","deg","35598","µV","27.000","°C","1024.000","hPa","38.4","pmil","0","59.850","deg","20.000","°C","100.000","%a.s.","26.990","deg","23.835","°C","1018.000","hPa","0.808","-0.065","0.00038","-0.00034","0","31","Humid","5.00","0","2500.00","34857.52","SADD0002000339 Box 1","ABF1.0.0.0","4.0.0.2353","PSt3","221014-001","6/4/2024 1:58:11 PM","0000-00","0","no battery","V","","µV","","µV"
"07/08/2024","16:27:52","1","default","166358087","001","20.166","min","250.144","μmol/L","Humid","24.205","deg","35600","µV","27.000","°C","1024.000","hPa","38.4","pmil","0","59.850","deg","20.000","°C","100.000","%a.s.","26.990","deg","23.835","°C","1018.000","hPa","0.808","-0.065","0.00038","-0.00034","0","31","Humid","5.00","0","2500.00","34860.04","SADD0002000339 Box 1","ABF1.0.0.0","4.0.0.2353","PSt3","221014-001","6/4/2024 1:58:11 PM","0000-00","0","no battery","V","","µV","","µV"
"07/08/2024","16:27:53","1","default","166358087","001","20.183","min","250.093","μmol/L","Humid","24.207","deg","35595","µV","27.000","°C","1024.000","hPa","38.4","pmil","0","59.850","deg","20.000","°C","100.000","%a.s.","26.990","deg","23.835","°C","1018.000","hPa","0.808","-0.065","0.00038","-0.00034","0","31","Humid","5.00","0","2500.00","34854.43","SADD0002000339 Box 1","ABF1.0.0.0","4.0.0.2353","PSt3","221014-001","6/4/2024 1:58:11 PM","0000-00","0","no battery","V","","µV","","µV"
"07/08/2024","16:27:54","1","default","166358087","001","20.199","min","249.502","μmol/L","Humid","24.230","deg","35596","µV","27.000","°C","1024.000","hPa","38.4","pmil","0","59.850","deg","20.000","°C","100.000","%a.s.","26.990","deg","23.835","°C","1018.000","hPa","0.808","-0.065","0.00038","-0.00034","0","31","Humid","5.00","0","2500.00","34850.31","SADD0002000339 Box 1","ABF1.0.0.0","4.0.0.2353","PSt3","221014-001","6/4/2024 1:58:11 PM","0000-00","0","no battery","V","","µV","","µV"
"07/08/2024","16:27:55","1","default","166358087","001","20.216","min","249.938","μmol/L","Humid","24.213","deg","35597","µV","27.000","°C","1024.000","hPa","38.4","pmil","0","59.850","deg","20.000","°C","100.000","%a.s.","26.990","deg","23.835","°C","1018.000","hPa","0.808","-0.065","0.00038","-0.00034","0","31","Humid","5.00","0","2500.00","34853.48","SADD0002000339 Box 1","ABF1.0.0.0","4.0.0.2353","PSt3","221014-001","6/4/2024 1:58:11 PM","0000-00","0","no battery","V","","µV","","µV"
"07/08/2024","16:27:56","1","default","166358087","001","20.233","min","249.758","μmol/L","Humid","24.220","deg","35589","µV","27.000","°C","1024.000","hPa","38.4","pmil","0","59.850","deg","20.000","°C","100.000","%a.s.","26.990","deg","23.835","°C","1018.000","hPa","0.808","-0.065","0.00038","-0.00034","0","31","Humid","5.00","0","2500.00","34850.34","SADD0002000339 Box 1","ABF1.0.0.0","4.0.0.2353","PSt3","221014-001","6/4/2024 1:58:11 PM","0000-00","0","no battery","V","","µV","","µV"
"07/08/2024","16:27:57","1","default","166358087","001","20.250","min","249.733","μmol/L","Humid","24.221","deg","35587","µV","27.000","°C","1024.000","hPa","38.4","pmil","0","59.850","deg","20.000","°C","100.000","%a.s.","26.990","deg","23.835","°C","1018.000","hPa","0.808","-0.065","0.00038","-0.00034","0","31","Humid","5.00","0","2500.00","34851.38","SADD0002000339 Box 1","ABF1.0.0.0","4.0.0.2353","PSt3","221014-001","6/4/2024 1:58:11 PM","0000-00","0","no battery","V","","µV","","µV"
"07/08/2024","16:27:58","1","default","166358087","001","20.267","min","249.861","μmol/L","Humid","24.216","deg","35594","µV","27.000","°C","1024.000","hPa","38.4","pmil","0","59.850","deg","20.000","°C","100.000","%a.s.","26.990","deg","23.835","°C","1018.000","hPa","0.808","-0.065","0.00038","-0.00034","0","31","Humid","5.00","0","2500.00","34855.12","SADD0002000339 Box 1","ABF1.0.0.0","4.0.0.2353","PSt3","221014-001","6/4/2024 1:58:11 PM","0000-00","0","no battery","V","","µV","","µV"
"07/08/2024","16:27:59","1","default","166358087","001","20.283","min","249.835","μmol/L","Humid","24.217","deg","35590","µV","27.000","°C","1024.000","hPa","38.4","pmil","0","59.850","deg","20.000","°C","100.000","%a.s.","26.990","deg","23.835","°C","1018.000","hPa","0.808","-0.065","0.00038","-0.00034","0","31","Humid","5.00","0","2500.00","34854.51","SADD0002000339 Box 1","ABF1.0.0.0","4.0.0.2353","PSt3","221014-001","6/4/2024 1:58:11 PM","0000-00","0","no battery","V","","µV","","µV"
"07/08/2024","16:28:00","1","default","166358087","001","20.300","min","249.938","μmol/L","Humid","24.213","deg","35591","µV","27.000","°C","1024.000","hPa","38.4","pmil","0","59.850","deg","20.000","°C","100.000","%a.s.","26.990","deg","23.835","°C","1018.000","hPa","0.808","-0.065","0.00038","-0.00034","0","31","Humid","5.00","0","2500.00","34859.24","SADD0002000339 Box 1","ABF1.0.0.0","4.0.0.2353","PSt3","221014-001","6/4/2024 1:58:11 PM","0000-00","0","no battery","V","","µV","","µV"
"07/08/2024","16:28:01","1","default","166358087","001","20.317","min","249.733","μmol/L","Humid","24.221","deg","35593","µV","27.000","°C","1024.000","hPa","38.4","pmil","0","59.850","deg","20.000","°C","100.000","%a.s.","26.990","deg","23.835","°C","1018.000","hPa","0.808","-0.065","0.00038","-0.00034","0","31","Humid","5.00","0","2500.00","34854.78","SADD0002000339 Box 1","ABF1.0.0.0","4.0.0.2353","PSt3","221014-001","6/4/2024 1:58:11 PM","0000-00","0","no battery","V","","µV","","µV"
"07/08/2024","16:28:02","1","default","166358087","001","20.333","min","249.733","μmol/L","Humid","24.221","deg","35587","µV","27.000","°C","1024.000","hPa","38.4","pmil","0","59.850","deg","20.000","°C","100.000","%a.s.","26.990","deg","23.835","°C","1018.000","hPa","0.808","-0.065","0.00038","-0.00034","0","31","Humid","5.00","0","2500.00","34857.22","SADD0002000339 Box 1","ABF1.0.0.0","4.0.0.2353","PSt3","221014-001","6/4/2024 1:58:11 PM","0000-00","0","no battery","V","","µV","","µV"
"07/08/2024","16:28:03","1","default","166358087","001","20.350","min","249.733","μmol/L","Humid","24.221","deg","35588","µV","27.000","°C","1024.000","hPa","38.4","pmil","0","59.850","deg","20.000","°C","100.000","%a.s.","26.990","deg","23.835","°C","1018.000","hPa","0.808","-0.065","0.00038","-0.00034","0","31","Humid","5.00","0","2500.00","34853.57","SADD0002000339 Box 1","ABF1.0.0.0","4.0.0.2353","PSt3","221014-001","6/4/2024 1:58:11 PM","0000-00","0","no battery","V","","µV","","µV"
"07/08/2024","16:28:04","1","default","166358087","001","20.366","min","249.938","μmol/L","Humid","24.213","deg","35587","µV","27.000","°C","1024.000","hPa","38.4","pmil","0","59.850","deg","20.000","°C","100.000","%a.s.","26.990","deg","23.835","°C","1018.000","hPa","0.808","-0.065","0.00038","-0.00034","0","31","Humid","5.00","0","2500.00","34862.17","SADD0002000339 Box 1","ABF1.0.0.0","4.0.0.2353","PSt3","221014-001","6/4/2024 1:58:11 PM","0000-00","0","no battery","V","","µV","","µV"
"07/08/2024","16:28:05","1","default","166358087","001","20.383","min","249.733","μmol/L","Humid","24.221","deg","35587","µV","27.000","°C","1024.000","hPa","38.4","pmil","0","59.850","deg","20.000","°C","100.000","%a.s.","26.990","deg","23.835","°C","1018.000","hPa","0.808","-0.065","0.00038","-0.00034","0","31","Humid","5.00","0","2500.00","34854.39","SADD0002000339 Box 1","ABF1.0.0.0","4.0.0.2353","PSt3","221014-001","6/4/2024 1:58:11 PM","0000-00","0","no battery","V","","µV","","µV"
"07/08/2024","16:28:06","1","default","166358087","001","20.399","min","250.041","μmol/L","Humid","24.209","deg","35592","µV","27.000","°C","1024.000","hPa","38.4","pmil","0","59.850","deg","20.000","°C","100.000","%a.s.","26.990","deg","23.835","°C","1018.000","hPa","0.808","-0.065","0.00038","-0.00034","0","31","Humid","5.00","0","2500.00","34856.79","SADD0002000339 Box 1","ABF1.0.0.0","4.0.0.2353","PSt3","221014-001","6/4/2024 1:58:11 PM","0000-00","0","no battery","V","","µV","","µV"
"07/08/2024","16:28:07","1","default","166358087","001","20.416","min","250.093","μmol/L","Humid","24.207","deg","35584","µV","27.000","°C","1024.000","hPa","38.4","pmil","0","59.850","deg","20.000","°C","100.000","%a.s.","26.990","deg","23.835","°C","1018.000","hPa","0.808","-0.065","0.00038","-0.00034","0","31","Humid","5.00","0","2500.00","34855.30","SADD0002000339 Box 1","ABF1.0.0.0","4.0.0.2353","PSt3","221014-001","6/4/2024 1:58:11 PM","0000-00","0","no battery","V","","µV","","µV"
"07/08/2024","16:28:08","1","default","166358087","001","20.433","min","250.324","μmol/L","Humid","24.198","deg","35587","µV","27.000","°C","1024.000","hPa","38.4","pmil","0","59.850","deg","20.000","°C","100.000","%a.s.","26.990","deg","23.835","°C","1018.000","hPa","0.808","-0.065","0.00038","-0.00034","0","31","Humid","5.00","0","2500.00","34850.20","SADD0002000339 Box 1","ABF1.0.0.0","4.0.0.2353","PSt3","221014-001","6/4/2024 1:58:11 PM","0000-00","0","no battery","V","","µV","","µV"
"07/08/2024","16:28:09","1","default","166358087","001","20.450","min","249.810","μmol/L","Humid","24.218","deg","35587","µV","27.000","°C","1024.000","hPa","38.4","pmil","0","59.850","deg","20.000","°C","100.000","%a.s.","26.990","deg","23.835","°C","1018.000","hPa","0.808","-0.065","0.00038","-0.00034","0","31","Humid","5.00","0","2500.00","34857.89","SADD0002000339 Box 1","ABF1.0.0.0","4.0.0.2353","PSt3","221014-001","6/4/2024 1:58:11 PM","0000-00","0","no battery","V","","µV","","µV"
"07/08/2024","16:28:10","1","default","166358087","001","20.466","min","249.579","μmol/L","Humid","24.227","deg","35593","µV","27.000","°C","1024.000","hPa","38.4","pmil","0","59.850","deg","20.000","°C","100.000","%a.s.","26.990","deg","23.835","°C","1018.000","hPa","0.808","-0.065","0.00038","-0.00034","0","31","Humid","5.00","0","2500.00","34854.84","SADD0002000339 Box 1","ABF1.0.0.0","4.0.0.2353","PSt3","221014-001","6/4/2024 1:58:11 PM","0000-00","0","no battery","V","","µV","","µV"
"07/08/2024","16:28:11","1","default","166358087","001","20.483","min","249.964","μmol/L","Humid","24.212","deg","35589","µV","27.000","°C","1024.000","hPa","38.4","pmil","0","59.850","deg","20.000","°C","100.000","%a.s.","26.990","deg","23.835","°C","1018.000","hPa","0.808","-0.065","0.00038","-0.00034","0","31","Humid","5.00","0","2500.00","34854.50","SADD0002000339 Box 1","ABF1.0.0.0","4.0.0.2353","PSt3","221014-001","6/4/2024 1:58:11 PM","0000-00","0","no battery","V","","µV","","µV"
"07/08/2024","16:28:12","1","default","166358087","001","20.500","min","249.502","μmol/L","Humid","24.230","deg","35590","µV","27.000","°C","1024.000","hPa","38.4","pmil","0","59.850","deg","20.000","°C","100.000","%a.s.","26.990","deg","23.835","°C","1018.000","hPa","0.808","-0.065","0.00038","-0.00034","0","31","Humid","5.00","0","2500.00","34855.72","SADD0002000339 Box 1","ABF1.0.0.0","4.0.0.2353","PSt3","221014-001","6/4/2024 1:58:11 PM","0000-00","0","no battery","V","","µV","","µV"
"07/08/2024","16:28:13","1","default","166358087","001","20.516","min","249.861","μmol/L","Humid","24.216","deg","35584","µV","27.000","°C","1024.000","hPa","38.4","pmil","0","59.850","deg","20.000","°C","100.000","%a.s.","26.990","deg","23.835","°C","1018.000","hPa","0.808","-0.065","0.00038","-0.00034","0","31","Humid","5.00","0","2500.00","34854.80","SADD0002000339 Box 1","ABF1.0.0.0","4.0.0.2353","PSt3","221014-001","6/4/2024 1:58:11 PM","0000-00","0","no battery","V","","µV","","µV"
"07/08/2024","16:28:14","1","default","166358087","001","20.533","min","250.041","μmol/L","Humid","24.209","deg","35591","µV","27.000","°C","1024.000","hPa","38.4","pmil","0","59.850","deg","20.000","°C","100.000","%a.s.","26.990","deg","23.835","°C","1018.000","hPa","0.808","-0.065","0.00038","-0.00034","0","31","Humid","5.00","0","2500.00","34856.01","SADD0002000339 Box 1","ABF1.0.0.0","4.0.0.2353","PSt3","221014-001","6/4/2024 1:58:11 PM","0000-00","0","no battery","V","","µV","","µV"
"07/08/2024","16:28:15","1","default","166358087","001","20.550","min","249.758","μmol/L","Humid","24.220","deg","35591","µV","27.000","°C","1024.000","hPa","38.4","pmil","0","59.850","deg","20.000","°C","100.000","%a.s.","26.990","deg","23.835","°C","1018.000","hPa","0.808","-0.065","0.00038","-0.00034","0","31","Humid","5.00","0","2500.00","34856.64","SADD0002000339 Box 1","ABF1.0.0.0","4.0.0.2353","PSt3","221014-001","6/4/2024 1:58:11 PM","0000-00","0","no battery","V","","µV","","µV"
"07/08/2024","16:28:16","1","default","166358087","001","20.566","min","249.990","μmol/L","Humid","24.211","deg","35585","µV","27.000","°C","1024.000","hPa","38.4","pmil","0","59.850","deg","20.000","°C","100.000","%a.s.","26.990","deg","23.835","°C","1018.000","hPa","0.808","-0.065","0.00038","-0.00034","0","31","Humid","5.00","0","2500.00","34859.49","SADD0002000339 Box 1","ABF1.0.0.0","4.0.0.2353","PSt3","221014-001","6/4/2024 1:58:11 PM","0000-00","0","no battery","V","","µV","","µV"
"07/08/2024","16:28:17","1","default","166358087","001","20.583","min","249.758","μmol/L","Humid","24.220","deg","35583","µV","27.000","°C","1024.000","hPa","38.4","pmil","0","59.850","deg","20.000","°C","100.000","%a.s.","26.990","deg","23.835","°C","1018.000","hPa","0.808","-0.065","0.00038","-0.00034","0","31","Humid","5.00","0","2500.00","34857.09","SADD0002000339 Box 1","ABF1.0.0.0","4.0.0.2353","PSt3","221014-001","6/4/2024 1:58:11 PM","0000-00","0","no battery","V","","µV","","µV"
"07/08/2024","16:28:18","1","default","166358087","001","20.600","min","249.656","μmol/L","Humid","24.224","deg","35585","µV","27.000","°C","1024.000","hPa","38.4","pmil","0","59.850","deg","20.000","°C","100.000","%a.s.","26.990","deg","23.835","°C","1018.000","hPa","0.808","-0.065","0.00038","-0.00034","0","31","Humid","5.00","0","2500.00","34858.35","SADD0002000339 Box 1","ABF1.0.0.0","4.0.0.2353","PSt3","221014-001","6/4/2024 1:58:11 PM","0000-00","0","no battery","V","","µV","","µV"
"07/08/2024","16:28:19","1","default","166358087","001","20.616","min","249.784","μmol/L","Humid","24.219","deg","35585","µV","27.000","°C","1024.000","hPa","38.4","pmil","0","59.850","deg","20.000","°C","100.000","%a.s.","26.990","deg","23.835","°C","1018.000","hPa","0.808","-0.065","0.00038","-0.00034","0","31","Humid","5.00","0","2500.00","34855.50","SADD0002000339 Box 1","ABF1.0.0.0","4.0.0.2353","PSt3","221014-001","6/4/2024 1:58:11 PM","0000-00","0","no battery","V","","µV","","µV"
"07/08/2024","16:28:20","1","default","166358087","001","20.633","min","250.118","μmol/L","Humid","24.206","deg","35586","µV","27.000","°C","1024.000","hPa","38.4","pmil","0","59.850","deg","20.000","°C","100.000","%a.s.","26.990","deg","23.835","°C","1018.000","hPa","0.808","-0.065","0.00038","-0.00034","0","31","Humid","5.00","0","2500.00","34851.26","SADD0002000339 Box 1","ABF1.0.0.0","4.0.0.2353","PSt3","221014-001","6/4/2024 1:58:11 PM","0000-00","0","no battery","V","","µV","","µV"
"07/08/2024","16:28:21","1","default","166358087","001","20.650","min","249.758","μmol/L","Humid","24.220","deg","35584","µV","27.000","°C","1024.000","hPa","38.4","pmil","0","59.850","deg","20.000","°C","100.000","%a.s.","26.990","deg","23.835","°C","1018.000","hPa","0.808","-0.065","0.00038","-0.00034","0","31","Humid","5.00","0","2500.00","34856.78","SADD0002000339 Box 1","ABF1.0.0.0","4.0.0.2353","PSt3","221014-001","6/4/2024 1:58:11 PM","0000-00","0","no battery","V","","µV","","µV"
"07/08/2024","16:28:22","1","default","166358087","001","20.666","min","249.681","μmol/L","Humid","24.223","deg","35584","µV","27.000","°C","1024.000","hPa","38.4","pmil","0","59.850","deg","20.000","°C","100.000","%a.s.","26.990","deg","23.835","°C","1018.000","hPa","0.808","-0.065","0.00038","-0.00034","0","31","Humid","5.00","0","2500.00","34860.72","SADD0002000339 Box 1","ABF1.0.0.0","4.0.0.2353","PSt3","221014-001","6/4/2024 1:58:11 PM","0000-00","0","no battery","V","","µV","","µV"
"07/08/2024","16:28:23","1","default","166358087","001","20.683","min","250.247","μmol/L","Humid","24.201","deg","35590","µV","27.000","°C","1024.000","hPa","38.4","pmil","0","59.850","deg","20.000","°C","100.000","%a.s.","26.990","deg","23.835","°C","1018.000","hPa","0.808","-0.065","0.00038","-0.00034","0","31","Humid","5.00","0","2500.00","34853.39","SADD0002000339 Box 1","ABF1.0.0.0","4.0.0.2353","PSt3","221014-001","6/4/2024 1:58:11 PM","0000-00","0","no battery","V","","µV","","µV"
"07/08/2024","16:28:24","1","default","166358087","001","20.700","min","249.656","μmol/L","Humid","24.224","deg","35590","µV","27.000","°C","1024.000","hPa","38.4","pmil","0","59.850","deg","20.000","°C","100.000","%a.s.","26.990","deg","23.835","°C","1018.000","hPa","0.808","-0.065","0.00038","-0.00034","0","31","Humid","5.00","0","2500.00","34854.48","SADD0002000339 Box 1","ABF1.0.0.0","4.0.0.2353","PSt3","221014-001","6/4/2024 1:58:11 PM","0000-00","0","no battery","V","","µV","","µV"
"07/08/2024","16:28:25","1","default","166358087","001","20.717","min","250.015","μmol/L","Humid","24.210","deg","35581","µV","27.000","°C","1024.000","hPa","38.4","pmil","0","59.850","deg","20.000","°C","100.000","%a.s.","26.990","deg","23.835","°C","1018.000","hPa","0.808","-0.065","0.00038","-0.00034","0","31","Humid","5.00","0","2500.00","34852.96","SADD0002000339 Box 1","ABF1.0.0.0","4.0.0.2353","PSt3","221014-001","6/4/2024 1:58:11 PM","0000-00","0","no battery","V","","µV","","µV"
"07/08/2024","16:28:26","1","default","166358087","001","20.733","min","249.784","μmol/L","Humid","24.219","deg","35587","µV","27.000","°C","1024.000","hPa","38.4","pmil","0","59.850","deg","20.000","°C","100.000","%a.s.","26.990","deg","23.835","°C","1018.000","hPa","0.808","-0.065","0.00038","-0.00034","0","31","Humid","5.00","0","2500.00","34864.71","SADD0002000339 Box 1","ABF1.0.0.0","4.0.0.2353","PSt3","221014-001","6/4/2024 1:58:11 PM","0000-00","0","no battery","V","","µV","","µV"
"07/08/2024","16:28:27","1","default","166358087","001","20.750","min","250.015","μmol/L","Humid","24.210","deg","35581","µV","27.000","°C","1024.000","hPa","38.4","pmil","0","59.850","deg","20.000","°C","100.000","%a.s.","26.990","deg","23.835","°C","1018.000","hPa","0.808","-0.065","0.00038","-0.00034","0","31","Humid","5.00","0","2500.00","34854.76","SADD0002000339 Box 1","ABF1.0.0.0","4.0.0.2353","PSt3","221014-001","6/4/2024 1:58:11 PM","0000-00","0","no battery","V","","µV","","µV"
"07/08/2024","16:28:28","1","default","166358087","001","20.767","min","249.810","μmol/L","Humid","24.218","deg","35580","µV","27.000","°C","1024.000","hPa","38.4","pmil","0","59.850","deg","20.000","°C","100.000","%a.s.","26.990","deg","23.835","°C","1018.000","hPa","0.808","-0.065","0.00038","-0.00034","0","31","Humid","5.00","0","2500.00","34851.41","SADD0002000339 Box 1","ABF1.0.0.0","4.0.0.2353","PSt3","221014-001","6/4/2024 1:58:11 PM","0000-00","0","no battery","V","","µV","","µV"
"07/08/2024","16:28:29","1","default","166358087","001","20.783","min","249.707","μmol/L","Humid","24.222","deg","35582","µV","27.000","°C","1024.000","hPa","38.4","pmil","0","59.850","deg","20.000","°C","100.000","%a.s.","26.990","deg","23.835","°C","1018.000","hPa","0.808","-0.065","0.00038","-0.00034","0","31","Humid","5.00","0","2500.00","34857.26","SADD0002000339 Box 1","ABF1.0.0.0","4.0.0.2353","PSt3","221014-001","6/4/2024 1:58:11 PM","0000-00","0","no battery","V","","µV","","µV"
"07/08/2024","16:28:30","1","default","166358087","001","20.800","min","249.810","μmol/L","Humid","24.218","deg","35570","µV","27.000","°C","1024.000","hPa","38.4","pmil","0","59.850","deg","20.000","°C","100.000","%a.s.","26.990","deg","23.835","°C","1018.000","hPa","0.808","-0.065","0.00038","-0.00034","0","31","Humid","5.00","0","2500.00","34857.41","SADD0002000339 Box 1","ABF1.0.0.0","4.0.0.2353","PSt3","221014-001","6/4/2024 1:58:11 PM","0000-00","0","no battery","V","","µV","","µV"
"07/08/2024","16:28:31","1","default","166358087","001","20.817","min","250.170","μmol/L","Humid","24.204","deg","35579","µV","27.000","°C","1024.000","hPa","38.4","pmil","0","59.850","deg","20.000","°C","100.000","%a.s.","26.990","deg","23.835","°C","1018.000","hPa","0.808","-0.065","0.00038","-0.00034","0","31","Humid","5.00","0","2500.00","34849.57","SADD0002000339 Box 1","ABF1.0.0.0","4.0.0.2353","PSt3","221014-001","6/4/2024 1:58:11 PM","0000-00","0","no battery","V","","µV","","µV"
"07/08/2024","16:28:32","1","default","166358087","001","20.834","min","249.758","μmol/L","Humid","24.220","deg","35578","µV","27.000","°C","1024.000","hPa","38.4","pmil","0","59.850","deg","20.000","°C","100.000","%a.s.","26.990","deg","23.835","°C","1018.000","hPa","0.808","-0.065","0.00038","-0.00034","0","31","Humid","5.00","0","2500.00","34856.00","SADD0002000339 Box 1","ABF1.0.0.0","4.0.0.2353","PSt3","221014-001","6/4/2024 1:58:11 PM","0000-00","0","no battery","V","","µV","","µV"
"07/08/2024","16:28:33","1","default","166358087","001","20.850","min","249.938","μmol/L","Humid","24.213","deg","35578","µV","27.000","°C","1024.000","hPa","38.4","pmil","0","59.850","deg","20.000","°C","100.000","%a.s.","26.990","deg","23.835","°C","1018.000","hPa","0.808","-0.065","0.00038","-0.00034","0","31","Humid","5.00","0","2500.00","34848.55","SADD0002000339 Box 1","ABF1.0.0.0","4.0.0.2353","PSt3","221014-001","6/4/2024 1:58:11 PM","0000-00","0","no battery","V","","µV","","µV"
"07/08/2024","16:28:34","1","default","166358087","001","20.867","min","249.912","μmol/L","Humid","24.214","deg","35581","µV","27.000","°C","1024.000","hPa","38.4","pmil","0","59.850","deg","20.000","°C","100.000","%a.s.","26.990","deg","23.835","°C","1018.000","hPa","0.808","-0.065","0.00038","-0.00034","0","31","Humid","5.00","0","2500.00","34853.19","SADD0002000339 Box 1","ABF1.0.0.0","4.0.0.2353","PSt3","221014-001","6/4/2024 1:58:11 PM","0000-00","0","no battery","V","","µV","","µV"
"07/08/2024","16:28:35","1","default","166358087","001","20.884","min","249.604","μmol/L","Humid","24.226","deg","35576","µV","27.000","°C","1024.000","hPa","38.4","pmil","0","59.850","deg","20.000","°C","100.000","%a.s.","26.990","deg","23.835","°C","1018.000","hPa","0.808","-0.065","0.00038","-0.00034","0","31","Humid","5.00","0","2500.00","34848.57","SADD0002000339 Box 1","ABF1.0.0.0","4.0.0.2353","PSt3","221014-001","6/4/2024 1:58:11 PM","0000-00","0","no battery","V","","µV","","µV"
"07/08/2024","16:28:36","1","default","166358087","001","20.900","min","249.861","μmol/L","Humid","24.216","deg","35577","µV","27.000","°C","1024.000","hPa","38.4","pmil","0","59.850","deg","20.000","°C","100.000","%a.s.","26.990","deg","23.835","°C","1018.000","hPa","0.808","-0.065","0.00038","-0.00034","0","31","Humid","5.00","0","2500.00","34853.69","SADD0002000339 Box 1","ABF1.0.0.0","4.0.0.2353","PSt3","221014-001","6/4/2024 1:58:11 PM","0000-00","0","no battery","V","","µV","","µV"
"07/08/2024","16:28:37","1","default","166358087","001","20.917","min","250.067","μmol/L","Humid","24.208","deg","35581","µV","27.000","°C","1024.000","hPa","38.4","pmil","0","59.850","deg","20.000","°C","100.000","%a.s.","26.990","deg","23.835","°C","1018.000","hPa","0.808","-0.065","0.00038","-0.00034","0","31","Humid","5.00","0","2500.00","34856.35","SADD0002000339 Box 1","ABF1.0.0.0","4.0.0.2353","PSt3","221014-001","6/4/2024 1:58:11 PM","0000-00","0","no battery","V","","µV","","µV"
"07/08/2024","16:28:38","1","default","166358087","001","20.934","min","249.656","μmol/L","Humid","24.224","deg","35577","µV","27.000","°C","1024.000","hPa","38.4","pmil","0","59.850","deg","20.000","°C","100.000","%a.s.","26.990","deg","23.835","°C","1018.000","hPa","0.808","-0.065","0.00038","-0.00034","0","31","Humid","5.00","0","2500.00","34862.18","SADD0002000339 Box 1","ABF1.0.0.0","4.0.0.2353","PSt3","221014-001","6/4/2024 1:58:11 PM","0000-00","0","no battery","V","","µV","","µV"
"07/08/2024","16:28:39","1","default","166358087","001","20.950","min","249.527","μmol/L","Humid","24.229","deg","35579","µV","27.000","°C","1024.000","hPa","38.4","pmil","0","59.850","deg","20.000","°C","100.000","%a.s.","26.990","deg","23.835","°C","1018.000","hPa","0.808","-0.065","0.00038","-0.00034","0","31","Humid","5.00","0","2500.00","34852.43","SADD0002000339 Box 1","ABF1.0.0.0","4.0.0.2353","PSt3","221014-001","6/4/2024 1:58:11 PM","0000-00","0","no battery","V","","µV","","µV"
"07/08/2024","16:28:40","1","default","166358087","001","20.967","min","249.630","μmol/L","Humid","24.225","deg","35576","µV","27.000","°C","1024.000","hPa","38.4","pmil","0","59.850","deg","20.000","°C","100.000","%a.s.","26.990","deg","23.835","°C","1018.000","hPa","0.808","-0.065","0.00038","-0.00034","0","31","Humid","5.00","0","2500.00","34855.70","SADD0002000339 Box 1","ABF1.0.0.0","4.0.0.2353","PSt3","221014-001","6/4/2024 1:58:11 PM","0000-00","0","no battery","V","","µV","","µV"
"07/08/2024","16:28:41","1","default","166358087","001","20.983","min","249.887","μmol/L","Humid","24.215","deg","35576","µV","27.000","°C","1024.000","hPa","38.4","pmil","0","59.850","deg","20.000","°C","100.000","%a.s.","26.990","deg","23.835","°C","1018.000","hPa","0.808","-0.065","0.00038","-0.00034","0","31","Humid","5.00","0","2500.00","34857.02","SADD0002000339 Box 1","ABF1.0.0.0","4.0.0.2353","PSt3","221014-001","6/4/2024 1:58:11 PM","0000-00","0","no battery","V","","µV","","µV"
"07/08/2024","16:28:42","1","default","166358087","001","20.999","min","249.733","μmol/L","Humid","24.221","deg","35583","µV","27.000","°C","1024.000","hPa","38.4","pmil","0","59.850","deg","20.000","°C","100.000","%a.s.","26.990","deg","23.835","°C","1018.000","hPa","0.808","-0.065","0.00038","-0.00034","0","31","Humid","5.00","0","2500.00","34858.97","SADD0002000339 Box 1","ABF1.0.0.0","4.0.0.2353","PSt3","221014-001","6/4/2024 1:58:11 PM","0000-00","0","no battery","V","","µV","","µV"
"07/08/2024","16:28:43","1","default","166358087","001","21.016","min","249.810","μmol/L","Humid","24.218","deg","35579","µV","27.000","°C","1024.000","hPa","38.4","pmil","0","59.850","deg","20.000","°C","100.000","%a.s.","26.990","deg","23.835","°C","1018.000","hPa","0.808","-0.065","0.00038","-0.00034","0","31","Humid","5.00","0","2500.00","34857.50","SADD0002000339 Box 1","ABF1.0.0.0","4.0.0.2353","PSt3","221014-001","6/4/2024 1:58:11 PM","0000-00","0","no battery","V","","µV","","µV"
"07/08/2024","16:28:44","1","default","166358087","001","21.033","min","250.067","μmol/L","Humid","24.208","deg","35577","µV","27.000","°C","1024.000","hPa","38.4","pmil","0","59.850","deg","20.000","°C","100.000","%a.s.","26.990","deg","23.835","°C","1018.000","hPa","0.808","-0.065","0.00038","-0.00034","0","31","Humid","5.00","0","2500.00","34857.55","SADD0002000339 Box 1","ABF1.0.0.0","4.0.0.2353","PSt3","221014-001","6/4/2024 1:58:11 PM","0000-00","0","no battery","V","","µV","","µV"
"07/08/2024","16:28:45","1","default","166358087","001","21.050","min","249.912","μmol/L","Humid","24.214","deg","35571","µV","27.000","°C","1024.000","hPa","38.4","pmil","0","59.850","deg","20.000","°C","100.000","%a.s.","26.990","deg","23.835","°C","1018.000","hPa","0.808","-0.065","0.00038","-0.00034","0","31","Humid","5.00","0","2500.00","34850.26","SADD0002000339 Box 1","ABF1.0.0.0","4.0.0.2353","PSt3","221014-001","6/4/2024 1:58:11 PM","0000-00","0","no battery","V","","µV","","µV"
"07/08/2024","16:28:46","1","default","166358087","001","21.066","min","249.835","μmol/L","Humid","24.217","deg","35576","µV","27.000","°C","1024.000","hPa","38.4","pmil","0","59.850","deg","20.000","°C","100.000","%a.s.","26.990","deg","23.835","°C","1018.000","hPa","0.808","-0.065","0.00038","-0.00034","0","31","Humid","5.00","0","2500.00","34852.75","SADD0002000339 Box 1","ABF1.0.0.0","4.0.0.2353","PSt3","221014-001","6/4/2024 1:58:11 PM","0000-00","0","no battery","V","","µV","","µV"
"07/08/2024","16:28:47","1","default","166358087","001","21.083","min","250.350","μmol/L","Humid","24.197","deg","35579","µV","27.000","°C","1024.000","hPa","38.4","pmil","0","59.850","deg","20.000","°C","100.000","%a.s.","26.990","deg","23.835","°C","1018.000","hPa","0.808","-0.065","0.00038","-0.00034","0","31","Humid","5.00","0","2500.00","34857.77","SADD0002000339 Box 1","ABF1.0.0.0","4.0.0.2353","PSt3","221014-001","6/4/2024 1:58:11 PM","0000-00","0","no battery","V","","µV","","µV"
"07/08/2024","16:28:48","1","default","166358087","001","21.100","min","249.938","μmol/L","Humid","24.213","deg","35573","µV","27.000","°C","1024.000","hPa","38.4","pmil","0","59.850","deg","20.000","°C","100.000","%a.s.","26.990","deg","23.835","°C","1018.000","hPa","0.808","-0.065","0.00038","-0.00034","0","31","Humid","5.00","0","2500.00","34855.97","SADD0002000339 Box 1","ABF1.0.0.0","4.0.0.2353","PSt3","221014-001","6/4/2024 1:58:11 PM","0000-00","0","no battery","V","","µV","","µV"
"07/08/2024","16:28:49","1","default","166358087","001","21.116","min","249.887","μmol/L","Humid","24.215","deg","35576","µV","27.000","°C","1024.000","hPa","38.4","pmil","0","59.850","deg","20.000","°C","100.000","%a.s.","26.990","deg","23.835","°C","1018.000","hPa","0.808","-0.065","0.00038","-0.00034","0","31","Humid","5.00","0","2500.00","34858.80","SADD0002000339 Box 1","ABF1.0.0.0","4.0.0.2353","PSt3","221014-001","6/4/2024 1:58:11 PM","0000-00","0","no battery","V","","µV","","µV"
"07/08/2024","16:28:50","1","default","166358087","001","21.133","min","249.990","μmol/L","Humid","24.211","deg","35575","µV","27.000","°C","1024.000","hPa","38.4","pmil","0","59.850","deg","20.000","°C","100.000","%a.s.","26.990","deg","23.835","°C","1018.000","hPa","0.808","-0.065","0.00038","-0.00034","0","31","Humid","5.00","0","2500.00","34854.45","SADD0002000339 Box 1","ABF1.0.0.0","4.0.0.2353","PSt3","221014-001","6/4/2024 1:58:11 PM","0000-00","0","no battery","V","","µV","","µV"
"07/08/2024","16:28:51","1","default","166358087","001","21.150","min","249.912","μmol/L","Humid","24.214","deg","35572","µV","27.000","°C","1024.000","hPa","38.4","pmil","0","59.850","deg","20.000","°C","100.000","%a.s.","26.990","deg","23.835","°C","1018.000","hPa","0.808","-0.065","0.00038","-0.00034","0","31","Humid","5.00","0","2500.00","34853.42","SADD0002000339 Box 1","ABF1.0.0.0","4.0.0.2353","PSt3","221014-001","6/4/2024 1:58:11 PM","0000-00","0","no battery","V","","µV","","µV"
"07/08/2024","16:28:52","1","default","166358087","001","21.166","min","249.784","μmol/L","Humid","24.219","deg","35571","µV","27.000","°C","1024.000","hPa","38.4","pmil","0","59.850","deg","20.000","°C","100.000","%a.s.","26.990","deg","23.835","°C","1018.000","hPa","0.808","-0.065","0.00038","-0.00034","0","31","Humid","5.00","0","2500.00","34851.38","SADD0002000339 Box 1","ABF1.0.0.0","4.0.0.2353","PSt3","221014-001","6/4/2024 1:58:11 PM","0000-00","0","no battery","V","","µV","","µV"
"07/08/2024","16:28:53","1","default","166358087","001","21.183","min","249.912","μmol/L","Humid","24.214","deg","35571","µV","27.000","°C","1024.000","hPa","38.4","pmil","0","59.850","deg","20.000","°C","100.000","%a.s.","26.990","deg","23.835","°C","1018.000","hPa","0.808","-0.065","0.00038","-0.00034","0","31","Humid","5.00","0","2500.00","34854.35","SADD0002000339 Box 1","ABF1.0.0.0","4.0.0.2353","PSt3","221014-001","6/4/2024 1:58:11 PM","0000-00","0","no battery","V","","µV","","µV"
"07/08/2024","16:28:54","1","default","166358087","001","21.200","min","250.015","μmol/L","Humid","24.210","deg","35566","µV","27.000","°C","1024.000","hPa","38.4","pmil","0","59.850","deg","20.000","°C","100.000","%a.s.","26.990","deg","23.835","°C","1018.000","hPa","0.808","-0.065","0.00038","-0.00034","0","31","Humid","5.00","0","2500.00","34858.25","SADD0002000339 Box 1","ABF1.0.0.0","4.0.0.2353","PSt3","221014-001","6/4/2024 1:58:11 PM","0000-00","0","no battery","V","","µV","","µV"
"07/08/2024","16:28:55","1","default","166358087","001","21.216","min","249.964","μmol/L","Humid","24.212","deg","35569","µV","27.000","°C","1024.000","hPa","38.4","pmil","0","59.850","deg","20.000","°C","100.000","%a.s.","26.990","deg","23.835","°C","1018.000","hPa","0.808","-0.065","0.00038","-0.00034","0","31","Humid","5.00","0","2500.00","34855.78","SADD0002000339 Box 1","ABF1.0.0.0","4.0.0.2353","PSt3","221014-001","6/4/2024 1:58:11 PM","0000-00","0","no battery","V","","µV","","µV"
"07/08/2024","16:28:56","1","default","166358087","001","21.233","min","249.938","μmol/L","Humid","24.213","deg","35566","µV","27.000","°C","1024.000","hPa","38.4","pmil","0","59.850","deg","20.000","°C","100.000","%a.s.","26.990","deg","23.835","°C","1018.000","hPa","0.808","-0.065","0.00038","-0.00034","0","31","Humid","5.00","0","2500.00","34853.16","SADD0002000339 Box 1","ABF1.0.0.0","4.0.0.2353","PSt3","221014-001","6/4/2024 1:58:11 PM","0000-00","0","no battery","V","","µV","","µV"
"07/08/2024","16:28:57","1","default","166358087","001","21.250","min","250.144","μmol/L","Humid","24.205","deg","35532","µV","27.000","°C","1024.000","hPa","38.4","pmil","0","59.850","deg","20.000","°C","100.000","%a.s.","26.990","deg","23.835","°C","1018.000","hPa","0.808","-0.065","0.00038","-0.00034","0","31","Humid","5.00","0","2500.00","34857.50","SADD0002000339 Box 1","ABF1.0.0.0","4.0.0.2353","PSt3","221014-001","6/4/2024 1:58:11 PM","0000-00","0","no battery","V","","µV","","µV"
"07/08/2024","16:28:58","1","default","166358087","001","21.266","min","250.453","μmol/L","Humid","24.193","deg","35526","µV","27.000","°C","1024.000","hPa","38.4","pmil","0","59.850","deg","20.000","°C","100.000","%a.s.","26.990","deg","23.835","°C","1018.000","hPa","0.808","-0.065","0.00038","-0.00034","0","31","Humid","5.00","0","2500.00","34853.73","SADD0002000339 Box 1","ABF1.0.0.0","4.0.0.2353","PSt3","221014-001","6/4/2024 1:58:11 PM","0000-00","0","no battery","V","","µV","","µV"
"07/08/2024","16:28:59","1","default","166358087","001","21.283","min","250.170","μmol/L","Humid","24.204","deg","35534","µV","27.000","°C","1024.000","hPa","38.4","pmil","0","59.850","deg","20.000","°C","100.000","%a.s.","26.990","deg","23.835","°C","1018.000","hPa","0.808","-0.065","0.00038","-0.00034","0","31","Humid","5.00","0","2500.00","34858.02","SADD0002000339 Box 1","ABF1.0.0.0","4.0.0.2353","PSt3","221014-001","6/4/2024 1:58:11 PM","0000-00","0","no battery","V","","µV","","µV"
"07/08/2024","16:29:00","1","default","166358087","001","21.302","min","250.144","μmol/L","Humid","24.205","deg","35426","µV","27.000","°C","1024.000","hPa","38.4","pmil","0","59.850","deg","20.000","°C","100.000","%a.s.","26.990","deg","23.835","°C","1018.000","hPa","0.808","-0.065","0.00038","-0.00034","0","31","Humid","5.00","0","2500.00","34857.22","SADD0002000339 Box 1","ABF1.0.0.0","4.0.0.2353","PSt3","221014-001","6/4/2024 1:58:11 PM","0000-00","0","no battery","V","","µV","","µV"
"07/08/2024","16:29:01","1","default","166358087","001","21.316","min","250.170","μmol/L","Humid","24.204","deg","35418","µV","27.000","°C","1024.000","hPa","38.4","pmil","0","59.850","deg","20.000","°C","100.000","%a.s.","26.990","deg","23.835","°C","1018.000","hPa","0.808","-0.065","0.00038","-0.00034","0","31","Humid","5.00","0","2500.00","34855.44","SADD0002000339 Box 1","ABF1.0.0.0","4.0.0.2353","PSt3","221014-001","6/4/2024 1:58:11 PM","0000-00","0","no battery","V","","µV","","µV"
"07/08/2024","16:29:02","1","default","166358087","001","21.333","min","250.221","μmol/L","Humid","24.202","deg","35408","µV","27.000","°C","1024.000","hPa","38.4","pmil","0","59.850","deg","20.000","°C","100.000","%a.s.","26.990","deg","23.835","°C","1018.000","hPa","0.808","-0.065","0.00038","-0.00034","0","31","Humid","5.00","0","2500.00","34858.74","SADD0002000339 Box 1","ABF1.0.0.0","4.0.0.2353","PSt3","221014-001","6/4/2024 1:58:11 PM","0000-00","0","no battery","V","","µV","","µV"
"07/08/2024","16:29:03","1","default","166358087","001","21.350","min","250.093","μmol/L","Humid","24.207","deg","35404","µV","27.000","°C","1024.000","hPa","38.4","pmil","0","59.850","deg","20.000","°C","100.000","%a.s.","26.990","deg","23.835","°C","1018.000","hPa","0.808","-0.065","0.00038","-0.00034","0","31","Humid","5.00","0","2500.00","34858.45","SADD0002000339 Box 1","ABF1.0.0.0","4.0.0.2353","PSt3","221014-001","6/4/2024 1:58:11 PM","0000-00","0","no battery","V","","µV","","µV"
"07/08/2024","16:29:04","1","default","166358087","001","21.366","min","250.093","μmol/L","Humid","24.207","deg","35402","µV","27.000","°C","1024.000","hPa","38.4","pmil","0","59.850","deg","20.000","°C","100.000","%a.s.","26.990","deg","23.835","°C","1018.000","hPa","0.808","-0.065","0.00038","-0.00034","0","31","Humid","5.00","0","2500.00","34855.79","SADD0002000339 Box 1","ABF1.0.0.0","4.0.0.2353","PSt3","221014-001","6/4/2024 1:58:11 PM","0000-00","0","no battery","V","","µV","","µV"
"07/08/2024","16:29:05","1","default","166358087","001","21.383","min","250.195","μmol/L","Humid","24.203","deg","35403","µV","27.000","°C","1024.000","hPa","38.4","pmil","0","59.850","deg","20.000","°C","100.000","%a.s.","26.990","deg","23.835","°C","1018.000","hPa","0.808","-0.065","0.00038","-0.00034","0","31","Humid","5.00","0","2500.00","34851.64","SADD0002000339 Box 1","ABF1.0.0.0","4.0.0.2353","PSt3","221014-001","6/4/2024 1:58:11 PM","0000-00","0","no battery","V","","µV","","µV"
"07/08/2024","16:29:06","1","default","166358087","001","21.400","min","249.758","μmol/L","Humid","24.220","deg","35401","µV","27.000","°C","1024.000","hPa","38.4","pmil","0","59.850","deg","20.000","°C","100.000","%a.s.","26.990","deg","23.835","°C","1018.000","hPa","0.808","-0.065","0.00038","-0.00034","0","31","Humid","5.00","0","2500.00","34859.30","SADD0002000339 Box 1","ABF1.0.0.0","4.0.0.2353","PSt3","221014-001","6/4/2024 1:58:11 PM","0000-00","0","no battery","V","","µV","","µV"
"07/08/2024","16:29:07","1","default","166358087","001","21.416","min","250.298","μmol/L","Humid","24.199","deg","35399","µV","27.000","°C","1024.000","hPa","38.4","pmil","0","59.850","deg","20.000","°C","100.000","%a.s.","26.990","deg","23.835","°C","1018.000","hPa","0.808","-0.065","0.00038","-0.00034","0","31","Humid","5.00","0","2500.00","34853.67","SADD0002000339 Box 1","ABF1.0.0.0","4.0.0.2353","PSt3","221014-001","6/4/2024 1:58:11 PM","0000-00","0","no battery","V","","µV","","µV"
"07/08/2024","16:29:08","1","default","166358087","001","21.434","min","249.912","μmol/L","Humid","24.214","deg","35400","µV","27.000","°C","1024.000","hPa","38.4","pmil","0","59.850","deg","20.000","°C","100.000","%a.s.","26.990","deg","23.835","°C","1018.000","hPa","0.808","-0.065","0.00038","-0.00034","0","31","Humid","5.00","0","2500.00","34859.78","SADD0002000339 Box 1","ABF1.0.0.0","4.0.0.2353","PSt3","221014-001","6/4/2024 1:58:11 PM","0000-00","0","no battery","V","","µV","","µV"
"07/08/2024","16:29:09","1","default","166358087","001","21.450","min","250.247","μmol/L","Humid","24.201","deg","35397","µV","27.000","°C","1024.000","hPa","38.4","pmil","0","59.850","deg","20.000","°C","100.000","%a.s.","26.990","deg","23.835","°C","1018.000","hPa","0.808","-0.065","0.00038","-0.00034","0","31","Humid","5.00","0","2500.00","34854.08","SADD0002000339 Box 1","ABF1.0.0.0","4.0.0.2353","PSt3","221014-001","6/4/2024 1:58:11 PM","0000-00","0","no battery","V","","µV","","µV"
"07/08/2024","16:29:10","1","default","166358087","001","21.467","min","249.990","μmol/L","Humid","24.211","deg","35396","µV","27.000","°C","1024.000","hPa","38.4","pmil","0","59.850","deg","20.000","°C","100.000","%a.s.","26.990","deg","23.835","°C","1018.000","hPa","0.808","-0.065","0.00038","-0.00034","0","31","Humid","5.00","0","2500.00","34856.05","SADD0002000339 Box 1","ABF1.0.0.0","4.0.0.2353","PSt3","221014-001","6/4/2024 1:58:11 PM","0000-00","0","no battery","V","","µV","","µV"
"07/08/2024","16:29:11","1","default","166358087","001","21.483","min","250.093","μmol/L","Humid","24.207","deg","35394","µV","27.000","°C","1024.000","hPa","38.4","pmil","0","59.850","deg","20.000","°C","100.000","%a.s.","26.990","deg","23.835","°C","1018.000","hPa","0.808","-0.065","0.00038","-0.00034","0","31","Humid","5.00","0","2500.00","34855.66","SADD0002000339 Box 1","ABF1.0.0.0","4.0.0.2353","PSt3","221014-001","6/4/2024 1:58:11 PM","0000-00","0","no battery","V","","µV","","µV"
"07/08/2024","16:29:12","1","default","166358087","001","21.500","min","250.170","μmol/L","Humid","24.204","deg","35387","µV","27.000","°C","1024.000","hPa","38.4","pmil","0","59.850","deg","20.000","°C","100.000","%a.s.","26.990","deg","23.835","°C","1018.000","hPa","0.808","-0.065","0.00038","-0.00034","0","31","Humid","5.00","0","2500.00","34857.88","SADD0002000339 Box 1","ABF1.0.0.0","4.0.0.2353","PSt3","221014-001","6/4/2024 1:58:11 PM","0000-00","0","no battery","V","","µV","","µV"
"07/08/2024","16:29:13","1","default","166358087","001","21.517","min","250.015","μmol/L","Humid","24.210","deg","35388","µV","27.000","°C","1024.000","hPa","38.4","pmil","0","59.850","deg","20.000","°C","100.000","%a.s.","26.990","deg","23.835","°C","1018.000","hPa","0.808","-0.065","0.00038","-0.00034","0","31","Humid","5.00","0","2500.00","34859.21","SADD0002000339 Box 1","ABF1.0.0.0","4.0.0.2353","PSt3","221014-001","6/4/2024 1:58:11 PM","0000-00","0","no battery","V","","µV","","µV"
"07/08/2024","16:29:14","1","default","166358087","001","21.533","min","250.041","μmol/L","Humid","24.209","deg","35381","µV","27.000","°C","1024.000","hPa","38.4","pmil","0","59.850","deg","20.000","°C","100.000","%a.s.","26.990","deg","23.835","°C","1018.000","hPa","0.808","-0.065","0.00038","-0.00034","0","31","Humid","5.00","0","2500.00","34854.90","SADD0002000339 Box 1","ABF1.0.0.0","4.0.0.2353","PSt3","221014-001","6/4/2024 1:58:11 PM","0000-00","0","no battery","V","","µV","","µV"
"07/08/2024","16:29:15","1","default","166358087","001","21.550","min","250.015","μmol/L","Humid","24.210","deg","35386","µV","27.000","°C","1024.000","hPa","38.4","pmil","0","59.850","deg","20.000","°C","100.000","%a.s.","26.990","deg","23.835","°C","1018.000","hPa","0.808","-0.065","0.00038","-0.00034","0","31","Humid","5.00","0","2500.00","34853.81","SADD0002000339 Box 1","ABF1.0.0.0","4.0.0.2353","PSt3","221014-001","6/4/2024 1:58:11 PM","0000-00","0","no battery","V","","µV","","µV"
"07/08/2024","16:29:16","1","default","166358087","001","21.566","min","250.195","μmol/L","Humid","24.203","deg","35392","µV","27.000","°C","1024.000","hPa","38.4","pmil","0","59.850","deg","20.000","°C","100.000","%a.s.","26.990","deg","23.835","°C","1018.000","hPa","0.808","-0.065","0.00038","-0.00034","0","31","Humid","5.00","0","2500.00","34857.23","SADD0002000339 Box 1","ABF1.0.0.0","4.0.0.2353","PSt3","221014-001","6/4/2024 1:58:11 PM","0000-00","0","no battery","V","","µV","","µV"
"07/08/2024","16:29:17","1","default","166358087","001","21.583","min","250.041","μmol/L","Humid","24.209","deg","35388","µV","27.000","°C","1024.000","hPa","38.4","pmil","0","59.850","deg","20.000","°C","100.000","%a.s.","26.990","deg","23.835","°C","1018.000","hPa","0.808","-0.065","0.00038","-0.00034","0","31","Humid","5.00","0","2500.00","34852.22","SADD0002000339 Box 1","ABF1.0.0.0","4.0.0.2353","PSt3","221014-001","6/4/2024 1:58:11 PM","0000-00","0","no battery","V","","µV","","µV"
"07/08/2024","16:30:12","1","default","166358087","001","22.500","min","250.866","μmol/L","Humid","24.177","deg","35323","µV","27.000","°C","1024.000","hPa","38.4","pmil","0","59.850","deg","20.000","°C","100.000","%a.s.","26.990","deg","23.835","°C","1018.000","hPa","0.808","-0.065","0.00038","-0.00034","0","31","Humid","5.00","0","2500.00","34853.00","SADD0002000339 Box 1","ABF1.0.0.0","4.0.0.2353","PSt3","221014-001","6/4/2024 1:58:11 PM","0000-00","0","no battery","V","","µV","","µV"
"07/08/2024","16:30:13","1","default","166358087","001","22.517","min","250.711","μmol/L","Humid","24.183","deg","35331","µV","27.000","°C","1024.000","hPa","38.4","pmil","0","59.850","deg","20.000","°C","100.000","%a.s.","26.990","deg","23.835","°C","1018.000","hPa","0.808","-0.065","0.00038","-0.00034","0","31","Humid","5.00","0","2500.00","34858.63","SADD0002000339 Box 1","ABF1.0.0.0","4.0.0.2353","PSt3","221014-001","6/4/2024 1:58:11 PM","0000-00","0","no battery","V","","µV","","µV"
"07/08/2024","16:30:14","1","default","166358087","001","22.534","min","250.298","μmol/L","Humid","24.199","deg","35339","µV","27.000","°C","1024.000","hPa","38.4","pmil","0","59.850","deg","20.000","°C","100.000","%a.s.","26.990","deg","23.835","°C","1018.000","hPa","0.808","-0.065","0.00038","-0.00034","0","31","Humid","5.00","0","2500.00","34859.16","SADD0002000339 Box 1","ABF1.0.0.0","4.0.0.2353","PSt3","221014-001","6/4/2024 1:58:11 PM","0000-00","0","no battery","V","","µV","","µV"
"07/08/2024","16:30:15","1","default","166358087","001","22.550","min","250.350","μmol/L","Humid","24.197","deg","35338","µV","27.000","°C","1024.000","hPa","38.4","pmil","0","59.850","deg","20.000","°C","100.000","%a.s.","26.990","deg","23.835","°C","1018.000","hPa","0.808","-0.065","0.00038","-0.00034","0","31","Humid","5.00","0","2500.00","34859.37","SADD0002000339 Box 1","ABF1.0.0.0","4.0.0.2353","PSt3","221014-001","6/4/2024 1:58:11 PM","0000-00","0","no battery","V","","µV","","µV"
"07/08/2024","16:30:16","1","default","166358087","001","22.567","min","250.221","μmol/L","Humid","24.202","deg","35341","µV","27.000","°C","1024.000","hPa","38.4","pmil","0","59.850","deg","20.000","°C","100.000","%a.s.","26.990","deg","23.835","°C","1018.000","hPa","0.808","-0.065","0.00038","-0.00034","0","31","Humid","5.00","0","2500.00","34863.73","SADD0002000339 Box 1","ABF1.0.0.0","4.0.0.2353","PSt3","221014-001","6/4/2024 1:58:11 PM","0000-00","0","no battery","V","","µV","","µV"
"07/08/2024","16:30:17","1","default","166358087","001","22.583","min","250.737","μmol/L","Humid","24.182","deg","35346","µV","27.000","°C","1024.000","hPa","38.4","pmil","0","59.850","deg","20.000","°C","100.000","%a.s.","26.990","deg","23.835","°C","1018.000","hPa","0.808","-0.065","0.00038","-0.00034","0","31","Humid","5.00","0","2500.00","34855.95","SADD0002000339 Box 1","ABF1.0.0.0","4.0.0.2353","PSt3","221014-001","6/4/2024 1:58:11 PM","0000-00","0","no battery","V","","µV","","µV"
"07/08/2024","16:30:18","1","default","166358087","001","22.600","min","250.479","μmol/L","Humid","24.192","deg","35344","µV","27.000","°C","1024.000","hPa","38.4","pmil","0","59.850","deg","20.000","°C","100.000","%a.s.","26.990","deg","23.835","°C","1018.000","hPa","0.808","-0.065","0.00038","-0.00034","0","31","Humid","5.00","0","2500.00","34859.44","SADD0002000339 Box 1","ABF1.0.0.0","4.0.0.2353","PSt3","221014-001","6/4/2024 1:58:11 PM","0000-00","0","no battery","V","","µV","","µV"
"07/08/2024","16:30:19","1","default","166358087","001","22.616","min","250.402","μmol/L","Humid","24.195","deg","35346","µV","27.000","°C","1024.000","hPa","38.4","pmil","0","59.850","deg","20.000","°C","100.000","%a.s.","26.990","deg","23.835","°C","1018.000","hPa","0.808","-0.065","0.00038","-0.00034","0","31","Humid","5.00","0","2500.00","34858.67","SADD0002000339 Box 1","ABF1.0.0.0","4.0.0.2353","PSt3","221014-001","6/4/2024 1:58:11 PM","0000-00","0","no battery","V","","µV","","µV"
"07/08/2024","16:30:20","1","default","166358087","001","22.633","min","250.376","μmol/L","Humid","24.196","deg","35350","µV","27.000","°C","1024.000","hPa","38.4","pmil","0","59.850","deg","20.000","°C","100.000","%a.s.","26.990","deg","23.835","°C","1018.000","hPa","0.808","-0.065","0.00038","-0.00034","0","31","Humid","5.00","0","2500.00","34855.39","SADD0002000339 Box 1","ABF1.0.0.0","4.0.0.2353","PSt3","221014-001","6/4/2024 1:58:11 PM","0000-00","0","no battery","V","","µV","","µV"
"07/08/2024","16:30:21","1","default","166358087","001","22.650","min","250.144","μmol/L","Humid","24.205","deg","35348","µV","27.000","°C","1024.000","hPa","38.4","pmil","0","59.850","deg","20.000","°C","100.000","%a.s.","26.990","deg","23.835","°C","1018.000","hPa","0.808","-0.065","0.00038","-0.00034","0","31","Humid","5.00","0","2500.00","34860.28","SADD0002000339 Box 1","ABF1.0.0.0","4.0.0.2353","PSt3","221014-001","6/4/2024 1:58:11 PM","0000-00","0","no battery","V","","µV","","µV"
"07/08/2024","16:30:22","1","default","166358087","001","22.666","min","250.041","μmol/L","Humid","24.209","deg","35351","µV","27.000","°C","1024.000","hPa","38.4","pmil","0","59.850","deg","20.000","°C","100.000","%a.s.","26.990","deg","23.835","°C","1018.000","hPa","0.808","-0.065","0.00038","-0.00034","0","31","Humid","5.00","0","2500.00","34862.01","SADD0002000339 Box 1","ABF1.0.0.0","4.0.0.2353","PSt3","221014-001","6/4/2024 1:58:11 PM","0000-00","0","no battery","V","","µV","","µV"
"07/08/2024","16:30:23","1","default","166358087","001","22.683","min","250.247","μmol/L","Humid","24.201","deg","35347","µV","27.000","°C","1024.000","hPa","38.4","pmil","0","59.850","deg","20.000","°C","100.000","%a.s.","26.990","deg","23.835","°C","1018.000","hPa","0.808","-0.065","0.00038","-0.00034","0","31","Humid","5.00","0","2500.00","34860.34","SADD0002000339 Box 1","ABF1.0.0.0","4.0.0.2353","PSt3","221014-001","6/4/2024 1:58:11 PM","0000-00","0","no battery","V","","µV","","µV"
"07/08/2024","16:30:24","1","default","166358087","001","22.700","min","250.273","μmol/L","Humid","24.200","deg","35345","µV","27.000","°C","1024.000","hPa","38.4","pmil","0","59.850","deg","20.000","°C","100.000","%a.s.","26.990","deg","23.835","°C","1018.000","hPa","0.808","-0.065","0.00038","-0.00034","0","31","Humid","5.00","0","2500.00","34859.88","SADD0002000339 Box 1","ABF1.0.0.0","4.0.0.2353","PSt3","221014-001","6/4/2024 1:58:11 PM","0000-00","0","no battery","V","","µV","","µV"
"07/08/2024","16:30:25","1","default","166358087","001","22.716","min","250.195","μmol/L","Humid","24.203","deg","35358","µV","27.000","°C","1024.000","hPa","38.4","pmil","0","59.850","deg","20.000","°C","100.000","%a.s.","26.990","deg","23.835","°C","1018.000","hPa","0.808","-0.065","0.00038","-0.00034","0","31","Humid","5.00","0","2500.00","34861.91","SADD0002000339 Box 1","ABF1.0.0.0","4.0.0.2353","PSt3","221014-001","6/4/2024 1:58:11 PM","0000-00","0","no battery","V","","µV","","µV"
"07/08/2024","16:30:26","1","default","166358087","001","22.733","min","250.530","μmol/L","Humid","24.190","deg","35356","µV","27.000","°C","1024.000","hPa","38.4","pmil","0","59.850","deg","20.000","°C","100.000","%a.s.","26.990","deg","23.835","°C","1018.000","hPa","0.808","-0.065","0.00038","-0.00034","0","31","Humid","5.00","0","2500.00","34860.31","SADD0002000339 Box 1","ABF1.0.0.0","4.0.0.2353","PSt3","221014-001","6/4/2024 1:58:11 PM","0000-00","0","no battery","V","","µV","","µV"
"07/08/2024","16:30:27","1","default","166358087","001","22.750","min","249.938","μmol/L","Humid","24.213","deg","35360","µV","27.000","°C","1024.000","hPa","38.4","pmil","0","59.850","deg","20.000","°C","100.000","%a.s.","26.990","deg","23.835","°C","1018.000","hPa","0.808","-0.065","0.00038","-0.00034","0","31","Humid","5.00","0","2500.00","34863.94","SADD0002000339 Box 1","ABF1.0.0.0","4.0.0.2353","PSt3","221014-001","6/4/2024 1:58:11 PM","0000-00","0","no battery","V","","µV","","µV"
"07/08/2024","16:30:28","1","default","166358087","001","22.766","min","249.887","μmol/L","Humid","24.215","deg","35362","µV","27.000","°C","1024.000","hPa","38.4","pmil","0","59.850","deg","20.000","°C","100.000","%a.s.","26.990","deg","23.835","°C","1018.000","hPa","0.808","-0.065","0.00038","-0.00034","0","31","Humid","5.00","0","2500.00","34854.85","SADD0002000339 Box 1","ABF1.0.0.0","4.0.0.2353","PSt3","221014-001","6/4/2024 1:58:11 PM","0000-00","0","no battery","V","","µV","","µV"
"07/08/2024","16:30:29","1","default","166358087","001","22.783","min","249.656","μmol/L","Humid","24.224","deg","35367","µV","27.000","°C","1024.000","hPa","38.4","pmil","0","59.850","deg","20.000","°C","100.000","%a.s.","26.990","deg","23.835","°C","1018.000","hPa","0.808","-0.065","0.00038","-0.00034","0","31","Humid","5.00","0","2500.00","34858.82","SADD0002000339 Box 1","ABF1.0.0.0","4.0.0.2353","PSt3","221014-001","6/4/2024 1:58:11 PM","0000-00","0","no battery","V","","µV","","µV"
"07/08/2024","16:30:30","1","default","166358087","001","22.800","min","250.067","μmol/L","Humid","24.208","deg","35365","µV","27.000","°C","1024.000","hPa","38.4","pmil","0","59.850","deg","20.000","°C","100.000","%a.s.","26.990","deg","23.835","°C","1018.000","hPa","0.808","-0.065","0.00038","-0.00034","0","31","Humid","5.00","0","2500.00","34856.07","SADD0002000339 Box 1","ABF1.0.0.0","4.0.0.2353","PSt3","221014-001","6/4/2024 1:58:11 PM","0000-00","0","no battery","V","","µV","","µV"
"07/08/2024","16:30:31","1","default","166358087","001","22.816","min","249.912","μmol/L","Humid","24.214","deg","35370","µV","27.000","°C","1024.000","hPa","38.4","pmil","0","59.850","deg","20.000","°C","100.000","%a.s.","26.990","deg","23.835","°C","1018.000","hPa","0.808","-0.065","0.00038","-0.00034","0","31","Humid","5.00","0","2500.00","34860.25","SADD0002000339 Box 1","ABF1.0.0.0","4.0.0.2353","PSt3","221014-001","6/4/2024 1:58:11 PM","0000-00","0","no battery","V","","µV","","µV"
"07/08/2024","16:30:32","1","default","166358087","001","22.833","min","250.015","μmol/L","Humid","24.210","deg","35370","µV","27.000","°C","1024.000","hPa","38.4","pmil","0","59.850","deg","20.000","°C","100.000","%a.s.","26.990","deg","23.835","°C","1018.000","hPa","0.808","-0.065","0.00038","-0.00034","0","31","Humid","5.00","0","2500.00","34861.09","SADD0002000339 Box 1","ABF1.0.0.0","4.0.0.2353","PSt3","221014-001","6/4/2024 1:58:11 PM","0000-00","0","no battery","V","","µV","","µV"
"07/08/2024","16:30:33","1","default","166358087","001","22.850","min","249.810","μmol/L","Humid","24.218","deg","35367","µV","27.000","°C","1024.000","hPa","38.4","pmil","0","59.850","deg","20.000","°C","100.000","%a.s.","26.990","deg","23.835","°C","1018.000","hPa","0.808","-0.065","0.00038","-0.00034","0","31","Humid","5.00","0","2500.00","34858.35","SADD0002000339 Box 1","ABF1.0.0.0","4.0.0.2353","PSt3","221014-001","6/4/2024 1:58:11 PM","0000-00","0","no battery","V","","µV","","µV"
"07/08/2024","16:30:34","1","default","166358087","001","22.866","min","249.835","μmol/L","Humid","24.217","deg","35372","µV","27.000","°C","1024.000","hPa","38.4","pmil","0","59.850","deg","20.000","°C","100.000","%a.s.","26.990","deg","23.835","°C","1018.000","hPa","0.808","-0.065","0.00038","-0.00034","0","31","Humid","5.00","0","2500.00","34855.04","SADD0002000339 Box 1","ABF1.0.0.0","4.0.0.2353","PSt3","221014-001","6/4/2024 1:58:11 PM","0000-00","0","no battery","V","","µV","","µV"
"07/08/2024","16:30:35","1","default","166358087","001","22.883","min","249.861","μmol/L","Humid","24.216","deg","35369","µV","27.000","°C","1024.000","hPa","38.4","pmil","0","59.850","deg","20.000","°C","100.000","%a.s.","26.990","deg","23.835","°C","1018.000","hPa","0.808","-0.065","0.00038","-0.00034","0","31","Humid","5.00","0","2500.00","34861.37","SADD0002000339 Box 1","ABF1.0.0.0","4.0.0.2353","PSt3","221014-001","6/4/2024 1:58:11 PM","0000-00","0","no battery","V","","µV","","µV"
"07/08/2024","16:30:36","1","default","166358087","001","22.900","min","250.247","μmol/L","Humid","24.201","deg","35381","µV","27.000","°C","1024.000","hPa","38.4","pmil","0","59.850","deg","20.000","°C","100.000","%a.s.","26.990","deg","23.835","°C","1018.000","hPa","0.808","-0.065","0.00038","-0.00034","0","31","Humid","5.00","0","2500.00","34857.50","SADD0002000339 Box 1","ABF1.0.0.0","4.0.0.2353","PSt3","221014-001","6/4/2024 1:58:11 PM","0000-00","0","no battery","V","","µV","","µV"
"07/08/2024","16:30:37","1","default","166358087","001","22.917","min","249.990","μmol/L","Humid","24.211","deg","35374","µV","27.000","°C","1024.000","hPa","38.4","pmil","0","59.850","deg","20.000","°C","100.000","%a.s.","26.990","deg","23.835","°C","1018.000","hPa","0.808","-0.065","0.00038","-0.00034","0","31","Humid","5.00","0","2500.00","34858.90","SADD0002000339 Box 1","ABF1.0.0.0","4.0.0.2353","PSt3","221014-001","6/4/2024 1:58:11 PM","0000-00","0","no battery","V","","µV","","µV"
"07/08/2024","16:30:38","1","default","166358087","001","22.934","min","249.604","μmol/L","Humid","24.226","deg","35377","µV","27.000","°C","1024.000","hPa","38.4","pmil","0","59.850","deg","20.000","°C","100.000","%a.s.","26.990","deg","23.835","°C","1018.000","hPa","0.808","-0.065","0.00038","-0.00034","0","31","Humid","5.00","0","2500.00","34858.20","SADD0002000339 Box 1","ABF1.0.0.0","4.0.0.2353","PSt3","221014-001","6/4/2024 1:58:11 PM","0000-00","0","no battery","V","","µV","","µV"
"07/08/2024","16:30:39","1","default","166358087","001","22.950","min","249.733","μmol/L","Humid","24.221","deg","35382","µV","27.000","°C","1024.000","hPa","38.4","pmil","0","59.850","deg","20.000","°C","100.000","%a.s.","26.990","deg","23.835","°C","1018.000","hPa","0.808","-0.065","0.00038","-0.00034","0","31","Humid","5.00","0","2500.00","34858.90","SADD0002000339 Box 1","ABF1.0.0.0","4.0.0.2353","PSt3","221014-001","6/4/2024 1:58:11 PM","0000-00","0","no battery","V","","µV","","µV"
"07/08/2024","16:30:40","1","default","166358087","001","22.967","min","249.604","μmol/L","Humid","24.226","deg","35376","µV","27.000","°C","1024.000","hPa","38.4","pmil","0","59.850","deg","20.000","°C","100.000","%a.s.","26.990","deg","23.835","°C","1018.000","hPa","0.808","-0.065","0.00038","-0.00034","0","31","Humid","5.00","0","2500.00","34859.32","SADD0002000339 Box 1","ABF1.0.0.0","4.0.0.2353","PSt3","221014-001","6/4/2024 1:58:11 PM","0000-00","0","no battery","V","","µV","","µV"
"07/08/2024","16:30:41","1","default","166358087","001","22.984","min","249.681","μmol/L","Humid","24.223","deg","35378","µV","27.000","°C","1024.000","hPa","38.4","pmil","0","59.850","deg","20.000","°C","100.000","%a.s.","26.990","deg","23.835","°C","1018.000","hPa","0.808","-0.065","0.00038","-0.00034","0","31","Humid","5.00","0","2500.00","34857.52","SADD0002000339 Box 1","ABF1.0.0.0","4.0.0.2353","PSt3","221014-001","6/4/2024 1:58:11 PM","0000-00","0","no battery","V","","µV","","µV"
"07/08/2024","16:30:42","1","default","166358087","001","23.000","min","250.041","μmol/L","Humid","24.209","deg","35381","µV","27.000","°C","1024.000","hPa","38.4","pmil","0","59.850","deg","20.000","°C","100.000","%a.s.","26.990","deg","23.835","°C","1018.000","hPa","0.808","-0.065","0.00038","-0.00034","0","31","Humid","5.00","0","2500.00","34863.76","SADD0002000339 Box 1","ABF1.0.0.0","4.0.0.2353","PSt3","221014-001","6/4/2024 1:58:11 PM","0000-00","0","no battery","V","","µV","","µV"
"07/08/2024","16:30:43","1","default","166358087","001","23.017","min","249.964","μmol/L","Humid","24.212","deg","35385","µV","27.000","°C","1024.000","hPa","38.4","pmil","0","59.850","deg","20.000","°C","100.000","%a.s.","26.990","deg","23.835","°C","1018.000","hPa","0.808","-0.065","0.00038","-0.00034","0","31","Humid","5.00","0","2500.00","34852.61","SADD0002000339 Box 1","ABF1.0.0.0","4.0.0.2353","PSt3","221014-001","6/4/2024 1:58:11 PM","0000-00","0","no battery","V","","µV","","µV"
"07/08/2024","16:30:44","1","default","166358087","001","23.034","min","249.553","μmol/L","Humid","24.228","deg","35389","µV","27.000","°C","1024.000","hPa","38.4","pmil","0","59.850","deg","20.000","°C","100.000","%a.s.","26.990","deg","23.835","°C","1018.000","hPa","0.808","-0.065","0.00038","-0.00034","0","31","Humid","5.00","0","2500.00","34860.06","SADD0002000339 Box 1","ABF1.0.0.0","4.0.0.2353","PSt3","221014-001","6/4/2024 1:58:11 PM","0000-00","0","no battery","V","","µV","","µV"
"07/08/2024","16:30:45","1","default","166358087","001","23.050","min","249.450","μmol/L","Humid","24.232","deg","35393","µV","27.000","°C","1024.000","hPa","38.4","pmil","0","59.850","deg","20.000","°C","100.000","%a.s.","26.990","deg","23.835","°C","1018.000","hPa","0.808","-0.065","0.00038","-0.00034","0","31","Humid","5.00","0","2500.00","34862.10","SADD0002000339 Box 1","ABF1.0.0.0","4.0.0.2353","PSt3","221014-001","6/4/2024 1:58:11 PM","0000-00","0","no battery","V","","µV","","µV"
"07/08/2024","16:30:46","1","default","166358087","001","23.067","min","249.912","μmol/L","Humid","24.214","deg","35390","µV","27.000","°C","1024.000","hPa","38.4","pmil","0","59.850","deg","20.000","°C","100.000","%a.s.","26.990","deg","23.835","°C","1018.000","hPa","0.808","-0.065","0.00038","-0.00034","0","31","Humid","5.00","0","2500.00","34859.08","SADD0002000339 Box 1","ABF1.0.0.0","4.0.0.2353","PSt3","221014-001","6/4/2024 1:58:11 PM","0000-00","0","no battery","V","","µV","","µV"
"07/08/2024","16:30:47","1","default","166358087","001","23.083","min","249.912","μmol/L","Humid","24.214","deg","35392","µV","27.000","°C","1024.000","hPa","38.4","pmil","0","59.850","deg","20.000","°C","100.000","%a.s.","26.990","deg","23.835","°C","1018.000","hPa","0.808","-0.065","0.00038","-0.00034","0","31","Humid","5.00","0","2500.00","34861.38","SADD0002000339 Box 1","ABF1.0.0.0","4.0.0.2353","PSt3","221014-001","6/4/2024 1:58:11 PM","0000-00","0","no battery","V","","µV","","µV"
"07/08/2024","16:30:48","1","default","166358087","001","23.100","min","249.630","μmol/L","Humid","24.225","deg","35394","µV","27.000","°C","1024.000","hPa","38.4","pmil","0","59.850","deg","20.000","°C","100.000","%a.s.","26.990","deg","23.835","°C","1018.000","hPa","0.808","-0.065","0.00038","-0.00034","0","31","Humid","5.00","0","2500.00","34858.94","SADD0002000339 Box 1","ABF1.0.0.0","4.0.0.2353","PSt3","221014-001","6/4/2024 1:58:11 PM","0000-00","0","no battery","V","","µV","","µV"
"07/08/2024","16:30:49","1","default","166358087","001","23.117","min","249.553","μmol/L","Humid","24.228","deg","35395","µV","27.000","°C","1024.000","hPa","38.4","pmil","0","59.850","deg","20.000","°C","100.000","%a.s.","26.990","deg","23.835","°C","1018.000","hPa","0.808","-0.065","0.00038","-0.00034","0","31","Humid","5.00","0","2500.00","34857.44","SADD0002000339 Box 1","ABF1.0.0.0","4.0.0.2353","PSt3","221014-001","6/4/2024 1:58:11 PM","0000-00","0","no battery","V","","µV","","µV"
"07/08/2024","16:30:50","1","default","166358087","001","23.133","min","249.707","μmol/L","Humid","24.222","deg","35394","µV","27.000","°C","1024.000","hPa","38.4","pmil","0","59.850","deg","20.000","°C","100.000","%a.s.","26.990","deg","23.835","°C","1018.000","hPa","0.808","-0.065","0.00038","-0.00034","0","31","Humid","5.00","0","2500.00","34856.20","SADD0002000339 Box 1","ABF1.0.0.0","4.0.0.2353","PSt3","221014-001","6/4/2024 1:58:11 PM","0000-00","0","no battery","V","","µV","","µV"
"07/08/2024","16:30:51","1","default","166358087","001","23.150","min","249.553","μmol/L","Humid","24.228","deg","35402","µV","27.000","°C","1024.000","hPa","38.4","pmil","0","59.850","deg","20.000","°C","100.000","%a.s.","26.990","deg","23.835","°C","1018.000","hPa","0.808","-0.065","0.00038","-0.00034","0","31","Humid","5.00","0","2500.00","34853.74","SADD0002000339 Box 1","ABF1.0.0.0","4.0.0.2353","PSt3","221014-001","6/4/2024 1:58:11 PM","0000-00","0","no battery","V","","µV","","µV"
"07/08/2024","16:30:52","1","default","166358087","001","23.167","min","249.450","μmol/L","Humid","24.232","deg","35395","µV","27.000","°C","1024.000","hPa","38.4","pmil","0","59.850","deg","20.000","°C","100.000","%a.s.","26.990","deg","23.835","°C","1018.000","hPa","0.808","-0.065","0.00038","-0.00034","0","31","Humid","5.00","0","2500.00","34857.22","SADD0002000339 Box 1","ABF1.0.0.0","4.0.0.2353","PSt3","221014-001","6/4/2024 1:58:11 PM","0000-00","0","no battery","V","","µV","","µV"
"07/08/2024","16:30:53","1","default","166358087","001","23.183","min","249.502","μmol/L","Humid","24.230","deg","35404","µV","27.000","°C","1024.000","hPa","38.4","pmil","0","59.850","deg","20.000","°C","100.000","%a.s.","26.990","deg","23.835","°C","1018.000","hPa","0.808","-0.065","0.00038","-0.00034","0","31","Humid","5.00","0","2500.00","34859.57","SADD0002000339 Box 1","ABF1.0.0.0","4.0.0.2353","PSt3","221014-001","6/4/2024 1:58:11 PM","0000-00","0","no battery","V","","µV","","µV"
"07/08/2024","16:30:54","1","default","166358087","001","23.200","min","249.733","μmol/L","Humid","24.221","deg","35401","µV","27.000","°C","1024.000","hPa","38.4","pmil","0","59.850","deg","20.000","°C","100.000","%a.s.","26.990","deg","23.835","°C","1018.000","hPa","0.808","-0.065","0.00038","-0.00034","0","31","Humid","5.00","0","2500.00","34857.83","SADD0002000339 Box 1","ABF1.0.0.0","4.0.0.2353","PSt3","221014-001","6/4/2024 1:58:11 PM","0000-00","0","no battery","V","","µV","","µV"
"07/08/2024","16:30:55","1","default","166358087","001","23.217","min","249.476","μmol/L","Humid","24.231","deg","35404","µV","27.000","°C","1024.000","hPa","38.4","pmil","0","59.850","deg","20.000","°C","100.000","%a.s.","26.990","deg","23.835","°C","1018.000","hPa","0.808","-0.065","0.00038","-0.00034","0","31","Humid","5.00","0","2500.00","34863.02","SADD0002000339 Box 1","ABF1.0.0.0","4.0.0.2353","PSt3","221014-001","6/4/2024 1:58:11 PM","0000-00","0","no battery","V","","µV","","µV"
"07/08/2024","16:30:56","1","default","166358087","001","23.233","min","249.553","μmol/L","Humid","24.228","deg","35404","µV","27.000","°C","1024.000","hPa","38.4","pmil","0","59.850","deg","20.000","°C","100.000","%a.s.","26.990","deg","23.835","°C","1018.000","hPa","0.808","-0.065","0.00038","-0.00034","0","31","Humid","5.00","0","2500.00","34858.30","SADD0002000339 Box 1","ABF1.0.0.0","4.0.0.2353","PSt3","221014-001","6/4/2024 1:58:11 PM","0000-00","0","no battery","V","","µV","","µV"
"07/08/2024","16:30:57","1","default","166358087","001","23.250","min","249.296","μmol/L","Humid","24.238","deg","35409","µV","27.000","°C","1024.000","hPa","38.4","pmil","0","59.850","deg","20.000","°C","100.000","%a.s.","26.990","deg","23.835","°C","1018.000","hPa","0.808","-0.065","0.00038","-0.00034","0","31","Humid","5.00","0","2500.00","34856.57","SADD0002000339 Box 1","ABF1.0.0.0","4.0.0.2353","PSt3","221014-001","6/4/2024 1:58:11 PM","0000-00","0","no battery","V","","µV","","µV"
"07/08/2024","16:30:58","1","default","166358087","001","23.266","min","249.399","μmol/L","Humid","24.234","deg","35406","µV","27.000","°C","1024.000","hPa","38.4","pmil","0","59.850","deg","20.000","°C","100.000","%a.s.","26.990","deg","23.835","°C","1018.000","hPa","0.808","-0.065","0.00038","-0.00034","0","31","Humid","5.00","0","2500.00","34861.49","SADD0002000339 Box 1","ABF1.0.0.0","4.0.0.2353","PSt3","221014-001","6/4/2024 1:58:11 PM","0000-00","0","no battery","V","","µV","","µV"
"07/08/2024","16:30:59","1","default","166358087","001","23.283","min","249.733","μmol/L","Humid","24.221","deg","35415","µV","27.000","°C","1024.000","hPa","38.4","pmil","0","59.850","deg","20.000","°C","100.000","%a.s.","26.990","deg","23.835","°C","1018.000","hPa","0.808","-0.065","0.00038","-0.00034","0","31","Humid","5.00","0","2500.00","34859.76","SADD0002000339 Box 1","ABF1.0.0.0","4.0.0.2353","PSt3","221014-001","6/4/2024 1:58:11 PM","0000-00","0","no battery","V","","µV","","µV"
"07/08/2024","16:31:00","1","default","166358087","001","23.300","min","249.579","μmol/L","Humid","24.227","deg","35413","µV","27.000","°C","1024.000","hPa","38.4","pmil","0","59.850","deg","20.000","°C","100.000","%a.s.","26.990","deg","23.835","°C","1018.000","hPa","0.808","-0.065","0.00038","-0.00034","0","31","Humid","5.00","0","2500.00","34861.69","SADD0002000339 Box 1","ABF1.0.0.0","4.0.0.2353","PSt3","221014-001","6/4/2024 1:58:11 PM","0000-00","0","no battery","V","","µV","","µV"
"07/08/2024","16:31:01","1","default","166358087","001","23.316","min","249.194","μmol/L","Humid","24.242","deg","35408","µV","27.000","°C","1024.000","hPa","38.4","pmil","0","59.850","deg","20.000","°C","100.000","%a.s.","26.990","deg","23.835","°C","1018.000","hPa","0.808","-0.065","0.00038","-0.00034","0","31","Humid","5.00","0","2500.00","34859.46","SADD0002000339 Box 1","ABF1.0.0.0","4.0.0.2353","PSt3","221014-001","6/4/2024 1:58:11 PM","0000-00","0","no battery","V","","µV","","µV"
"07/08/2024","16:31:02","1","default","166358087","001","23.333","min","249.553","μmol/L","Humid","24.228","deg","35411","µV","27.000","°C","1024.000","hPa","38.4","pmil","0","59.850","deg","20.000","°C","100.000","%a.s.","26.990","deg","23.835","°C","1018.000","hPa","0.808","-0.065","0.00038","-0.00034","0","31","Humid","5.00","0","2500.00","34859.18","SADD0002000339 Box 1","ABF1.0.0.0","4.0.0.2353","PSt3","221014-001","6/4/2024 1:58:11 PM","0000-00","0","no battery","V","","µV","","µV"
"07/08/2024","16:31:03","1","default","166358087","001","23.350","min","249.271","μmol/L","Humid","24.239","deg","35413","µV","27.000","°C","1024.000","hPa","38.4","pmil","0","59.850","deg","20.000","°C","100.000","%a.s.","26.990","deg","23.835","°C","1018.000","hPa","0.808","-0.065","0.00038","-0.00034","0","31","Humid","5.00","0","2500.00","34862.35","SADD0002000339 Box 1","ABF1.0.0.0","4.0.0.2353","PSt3","221014-001","6/4/2024 1:58:11 PM","0000-00","0","no battery","V","","µV","","µV"
"07/08/2024","16:31:04","1","default","166358087","001","23.366","min","249.604","μmol/L","Humid","24.226","deg","35418","µV","27.000","°C","1024.000","hPa","38.4","pmil","0","59.850","deg","20.000","°C","100.000","%a.s.","26.990","deg","23.835","°C","1018.000","hPa","0.808","-0.065","0.00038","-0.00034","0","31","Humid","5.00","0","2500.00","34858.67","SADD0002000339 Box 1","ABF1.0.0.0","4.0.0.2353","PSt3","221014-001","6/4/2024 1:58:11 PM","0000-00","0","no battery","V","","µV","","µV"
"07/08/2024","16:31:05","1","default","166358087","001","23.383","min","249.527","μmol/L","Humid","24.229","deg","35419","µV","27.000","°C","1024.000","hPa","38.4","pmil","0","59.850","deg","20.000","°C","100.000","%a.s.","26.990","deg","23.835","°C","1018.000","hPa","0.808","-0.065","0.00038","-0.00034","0","31","Humid","5.00","0","2500.00","34864.69","SADD0002000339 Box 1","ABF1.0.0.0","4.0.0.2353","PSt3","221014-001","6/4/2024 1:58:11 PM","0000-00","0","no battery","V","","µV","","µV"
"07/08/2024","16:31:06","1","default","166358087","001","23.400","min","249.194","μmol/L","Humid","24.242","deg","35417","µV","27.000","°C","1024.000","hPa","38.4","pmil","0","59.850","deg","20.000","°C","100.000","%a.s.","26.990","deg","23.835","°C","1018.000","hPa","0.808","-0.065","0.00038","-0.00034","0","31","Humid","5.00","0","2500.00","34861.08","SADD0002000339 Box 1","ABF1.0.0.0","4.0.0.2353","PSt3","221014-001","6/4/2024 1:58:11 PM","0000-00","0","no battery","V","","µV","","µV"
"07/08/2024","16:31:07","1","default","166358087","001","23.417","min","249.887","μmol/L","Humid","24.215","deg","35417","µV","27.000","°C","1024.000","hPa","38.4","pmil","0","59.850","deg","20.000","°C","100.000","%a.s.","26.990","deg","23.835","°C","1018.000","hPa","0.808","-0.065","0.00038","-0.00034","0","31","Humid","5.00","0","2500.00","34862.41","SADD0002000339 Box 1","ABF1.0.0.0","4.0.0.2353","PSt3","221014-001","6/4/2024 1:58:11 PM","0000-00","0","no battery","V","","µV","","µV"
"07/08/2024","16:31:08","1","default","166358087","001","23.434","min","249.450","μmol/L","Humid","24.232","deg","35420","µV","27.000","°C","1024.000","hPa","38.4","pmil","0","59.850","deg","20.000","°C","100.000","%a.s.","26.990","deg","23.835","°C","1018.000","hPa","0.808","-0.065","0.00038","-0.00034","0","31","Humid","5.00","0","2500.00","34863.53","SADD0002000339 Box 1","ABF1.0.0.0","4.0.0.2353","PSt3","221014-001","6/4/2024 1:58:11 PM","0000-00","0","no battery","V","","µV","","µV"
"07/08/2024","16:31:09","1","default","166358087","001","23.450","min","249.373","μmol/L","Humid","24.235","deg","35425","µV","27.000","°C","1024.000","hPa","38.4","pmil","0","59.850","deg","20.000","°C","100.000","%a.s.","26.990","deg","23.835","°C","1018.000","hPa","0.808","-0.065","0.00038","-0.00034","0","31","Humid","5.00","0","2500.00","34858.80","SADD0002000339 Box 1","ABF1.0.0.0","4.0.0.2353","PSt3","221014-001","6/4/2024 1:58:11 PM","0000-00","0","no battery","V","","µV","","µV"
"07/08/2024","16:31:10","1","default","166358087","001","23.467","min","249.117","μmol/L","Humid","24.245","deg","35423","µV","27.000","°C","1024.000","hPa","38.4","pmil","0","59.850","deg","20.000","°C","100.000","%a.s.","26.990","deg","23.835","°C","1018.000","hPa","0.808","-0.065","0.00038","-0.00034","0","31","Humid","5.00","0","2500.00","34859.90","SADD0002000339 Box 1","ABF1.0.0.0","4.0.0.2353","PSt3","221014-001","6/4/2024 1:58:11 PM","0000-00","0","no battery","V","","µV","","µV"
"07/08/2024","16:31:11","1","default","166358087","001","23.484","min","249.168","μmol/L","Humid","24.243","deg","35425","µV","27.000","°C","1024.000","hPa","38.4","pmil","0","59.850","deg","20.000","°C","100.000","%a.s.","26.990","deg","23.835","°C","1018.000","hPa","0.808","-0.065","0.00038","-0.00034","0","31","Humid","5.00","0","2500.00","34858.46","SADD0002000339 Box 1","ABF1.0.0.0","4.0.0.2353","PSt3","221014-001","6/4/2024 1:58:11 PM","0000-00","0","no battery","V","","µV","","µV"
"07/08/2024","16:31:12","1","default","166358087","001","23.500","min","249.296","μmol/L","Humid","24.238","deg","35428","µV","27.000","°C","1024.000","hPa","38.4","pmil","0","59.850","deg","20.000","°C","100.000","%a.s.","26.990","deg","23.835","°C","1018.000","hPa","0.808","-0.065","0.00038","-0.00034","0","31","Humid","5.00","0","2500.00","34854.20","SADD0002000339 Box 1","ABF1.0.0.0","4.0.0.2353","PSt3","221014-001","6/4/2024 1:58:11 PM","0000-00","0","no battery","V","","µV","","µV"
"07/08/2024","16:31:13","1","default","166358087","001","23.517","min","249.322","μmol/L","Humid","24.237","deg","35429","µV","27.000","°C","1024.000","hPa","38.4","pmil","0","59.850","deg","20.000","°C","100.000","%a.s.","26.990","deg","23.835","°C","1018.000","hPa","0.808","-0.065","0.00038","-0.00034","0","31","Humid","5.00","0","2500.00","34857.11","SADD0002000339 Box 1","ABF1.0.0.0","4.0.0.2353","PSt3","221014-001","6/4/2024 1:58:11 PM","0000-00","0","no battery","V","","µV","","µV"
"07/08/2024","16:31:14","1","default","166358087","001","23.534","min","249.194","μmol/L","Humid","24.242","deg","35428","µV","27.000","°C","1024.000","hPa","38.4","pmil","0","59.850","deg","20.000","°C","100.000","%a.s.","26.990","deg","23.835","°C","1018.000","hPa","0.808","-0.065","0.00038","-0.00034","0","31","Humid","5.00","0","2500.00","34856.45","SADD0002000339 Box 1","ABF1.0.0.0","4.0.0.2353","PSt3","221014-001","6/4/2024 1:58:11 PM","0000-00","0","no battery","V","","µV","","µV"
"07/08/2024","16:31:15","1","default","166358087","001","23.550","min","249.194","μmol/L","Humid","24.242","deg","35429","µV","27.000","°C","1024.000","hPa","38.4","pmil","0","59.850","deg","20.000","°C","100.000","%a.s.","26.990","deg","23.835","°C","1018.000","hPa","0.808","-0.065","0.00038","-0.00034","0","31","Humid","5.00","0","2500.00","34859.82","SADD0002000339 Box 1","ABF1.0.0.0","4.0.0.2353","PSt3","221014-001","6/4/2024 1:58:11 PM","0000-00","0","no battery","V","","µV","","µV"
"07/08/2024","16:31:16","1","default","166358087","001","23.567","min","249.450","μmol/L","Humid","24.232","deg","35432","µV","27.000","°C","1024.000","hPa","38.4","pmil","0","59.850","deg","20.000","°C","100.000","%a.s.","26.990","deg","23.835","°C","1018.000","hPa","0.808","-0.065","0.00038","-0.00034","0","31","Humid","5.00","0","2500.00","34859.74","SADD0002000339 Box 1","ABF1.0.0.0","4.0.0.2353","PSt3","221014-001","6/4/2024 1:58:11 PM","0000-00","0","no battery","V","","µV","","µV"
"07/08/2024","16:31:17","1","default","166358087","001","23.583","min","249.373","μmol/L","Humid","24.235","deg","35432","µV","27.000","°C","1024.000","hPa","38.4","pmil","0","59.850","deg","20.000","°C","100.000","%a.s.","26.990","deg","23.835","°C","1018.000","hPa","0.808","-0.065","0.00038","-0.00034","0","31","Humid","5.00","0","2500.00","34860.02","SADD0002000339 Box 1","ABF1.0.0.0","4.0.0.2353","PSt3","221014-001","6/4/2024 1:58:11 PM","0000-00","0","no battery","V","","µV","","µV"
"07/08/2024","16:31:18","1","default","166358087","001","23.600","min","248.836","μmol/L","Humid","24.256","deg","35437","µV","27.000","°C","1024.000","hPa","38.4","pmil","0","59.850","deg","20.000","°C","100.000","%a.s.","26.990","deg","23.835","°C","1018.000","hPa","0.808","-0.065","0.00038","-0.00034","0","31","Humid","5.00","0","2500.00","34860.24","SADD0002000339 Box 1","ABF1.0.0.0","4.0.0.2353","PSt3","221014-001","6/4/2024 1:58:11 PM","0000-00","0","no battery","V","","µV","","µV"
"07/08/2024","16:31:19","1","default","166358087","001","23.617","min","248.938","μmol/L","Humid","24.252","deg","35429","µV","27.000","°C","1024.000","hPa","38.4","pmil","0","59.850","deg","20.000","°C","100.000","%a.s.","26.990","deg","23.835","°C","1018.000","hPa","0.808","-0.065","0.00038","-0.00034","0","31","Humid","5.00","0","2500.00","34861.46","SADD0002000339 Box 1","ABF1.0.0.0","4.0.0.2353","PSt3","221014-001","6/4/2024 1:58:11 PM","0000-00","0","no battery","V","","µV","","µV"
"07/08/2024","16:31:20","1","default","166358087","001","23.633","min","249.091","μmol/L","Humid","24.246","deg","35438","µV","27.000","°C","1024.000","hPa","38.4","pmil","0","59.850","deg","20.000","°C","100.000","%a.s.","26.990","deg","23.835","°C","1018.000","hPa","0.808","-0.065","0.00038","-0.00034","0","31","Humid","5.00","0","2500.00","34863.52","SADD0002000339 Box 1","ABF1.0.0.0","4.0.0.2353","PSt3","221014-001","6/4/2024 1:58:11 PM","0000-00","0","no battery","V","","µV","","µV"
"07/08/2024","16:31:21","1","default","166358087","001","23.650","min","249.271","μmol/L","Humid","24.239","deg","35438","µV","27.000","°C","1024.000","hPa","38.4","pmil","0","59.850","deg","20.000","°C","100.000","%a.s.","26.990","deg","23.835","°C","1018.000","hPa","0.808","-0.065","0.00038","-0.00034","0","31","Humid","5.00","0","2500.00","34860.02","SADD0002000339 Box 1","ABF1.0.0.0","4.0.0.2353","PSt3","221014-001","6/4/2024 1:58:11 PM","0000-00","0","no battery","V","","µV","","µV"
"07/08/2024","16:31:22","1","default","166358087","001","23.667","min","249.040","μmol/L","Humid","24.248","deg","35440","µV","27.000","°C","1024.000","hPa","38.4","pmil","0","59.850","deg","20.000","°C","100.000","%a.s.","26.990","deg","23.835","°C","1018.000","hPa","0.808","-0.065","0.00038","-0.00034","0","31","Humid","5.00","0","2500.00","34859.45","SADD0002000339 Box 1","ABF1.0.0.0","4.0.0.2353","PSt3","221014-001","6/4/2024 1:58:11 PM","0000-00","0","no battery","V","","µV","","µV"
"07/08/2024","16:31:23","1","default","166358087","001","23.683","min","249.245","μmol/L","Humid","24.240","deg","35442","µV","27.000","°C","1024.000","hPa","38.4","pmil","0","59.850","deg","20.000","°C","100.000","%a.s.","26.990","deg","23.835","°C","1018.000","hPa","0.808","-0.065","0.00038","-0.00034","0","31","Humid","5.00","0","2500.00","34857.38","SADD0002000339 Box 1","ABF1.0.0.0","4.0.0.2353","PSt3","221014-001","6/4/2024 1:58:11 PM","0000-00","0","no battery","V","","µV","","µV"
"07/08/2024","16:31:24","1","default","166358087","001","23.700","min","248.810","μmol/L","Humid","24.257","deg","35437","µV","27.000","°C","1024.000","hPa","38.4","pmil","0","59.850","deg","20.000","°C","100.000","%a.s.","26.990","deg","23.835","°C","1018.000","hPa","0.808","-0.065","0.00038","-0.00034","0","31","Humid","5.00","0","2500.00","34860.79","SADD0002000339 Box 1","ABF1.0.0.0","4.0.0.2353","PSt3","221014-001","6/4/2024 1:58:11 PM","0000-00","0","no battery","V","","µV","","µV"
"07/08/2024","16:31:25","1","default","166358087","001","23.717","min","249.168","μmol/L","Humid","24.243","deg","35444","µV","27.000","°C","1024.000","hPa","38.4","pmil","0","59.850","deg","20.000","°C","100.000","%a.s.","26.990","deg","23.835","°C","1018.000","hPa","0.808","-0.065","0.00038","-0.00034","0","31","Humid","5.00","0","2500.00","34865.59","SADD0002000339 Box 1","ABF1.0.0.0","4.0.0.2353","PSt3","221014-001","6/4/2024 1:58:11 PM","0000-00","0","no battery","V","","µV","","µV"
"07/08/2024","16:31:26","1","default","166358087","001","23.733","min","249.143","μmol/L","Humid","24.244","deg","35445","µV","27.000","°C","1024.000","hPa","38.4","pmil","0","59.850","deg","20.000","°C","100.000","%a.s.","26.990","deg","23.835","°C","1018.000","hPa","0.808","-0.065","0.00038","-0.00034","0","31","Humid","5.00","0","2500.00","34862.34","SADD0002000339 Box 1","ABF1.0.0.0","4.0.0.2353","PSt3","221014-001","6/4/2024 1:58:11 PM","0000-00","0","no battery","V","","µV","","µV"
"07/08/2024","16:31:27","1","default","166358087","001","23.750","min","249.220","μmol/L","Humid","24.241","deg","35445","µV","27.000","°C","1024.000","hPa","38.4","pmil","0","59.850","deg","20.000","°C","100.000","%a.s.","26.990","deg","23.835","°C","1018.000","hPa","0.808","-0.065","0.00038","-0.00034","0","31","Humid","5.00","0","2500.00","34861.72","SADD0002000339 Box 1","ABF1.0.0.0","4.0.0.2353","PSt3","221014-001","6/4/2024 1:58:11 PM","0000-00","0","no battery","V","","µV","","µV"
"07/08/2024","16:31:28","1","default","166358087","001","23.767","min","249.168","μmol/L","Humid","24.243","deg","35445","µV","27.000","°C","1024.000","hPa","38.4","pmil","0","59.850","deg","20.000","°C","100.000","%a.s.","26.990","deg","23.835","°C","1018.000","hPa","0.808","-0.065","0.00038","-0.00034","0","31","Humid","5.00","0","2500.00","34854.57","SADD0002000339 Box 1","ABF1.0.0.0","4.0.0.2353","PSt3","221014-001","6/4/2024 1:58:11 PM","0000-00","0","no battery","V","","µV","","µV"
"07/08/2024","16:31:29","1","default","166358087","001","23.783","min","248.861","μmol/L","Humid","24.255","deg","35449","µV","27.000","°C","1024.000","hPa","38.4","pmil","0","59.850","deg","20.000","°C","100.000","%a.s.","26.990","deg","23.835","°C","1018.000","hPa","0.808","-0.065","0.00038","-0.00034","0","31","Humid","5.00","0","2500.00","34862.49","SADD0002000339 Box 1","ABF1.0.0.0","4.0.0.2353","PSt3","221014-001","6/4/2024 1:58:11 PM","0000-00","0","no battery","V","","µV","","µV"
"07/08/2024","16:31:30","1","default","166358087","001","23.800","min","249.168","μmol/L","Humid","24.243","deg","35448","µV","27.000","°C","1024.000","hPa","38.4","pmil","0","59.850","deg","20.000","°C","100.000","%a.s.","26.990","deg","23.835","°C","1018.000","hPa","0.808","-0.065","0.00038","-0.00034","0","31","Humid","5.00","0","2500.00","34856.34","SADD0002000339 Box 1","ABF1.0.0.0","4.0.0.2353","PSt3","221014-001","6/4/2024 1:58:11 PM","0000-00","0","no battery","V","","µV","","µV"
"07/08/2024","16:31:31","1","default","166358087","001","23.817","min","248.836","μmol/L","Humid","24.256","deg","35446","µV","27.000","°C","1024.000","hPa","38.4","pmil","0","59.850","deg","20.000","°C","100.000","%a.s.","26.990","deg","23.835","°C","1018.000","hPa","0.808","-0.065","0.00038","-0.00034","0","31","Humid","5.00","0","2500.00","34860.33","SADD0002000339 Box 1","ABF1.0.0.0","4.0.0.2353","PSt3","221014-001","6/4/2024 1:58:11 PM","0000-00","0","no battery","V","","µV","","µV"
"07/08/2024","16:31:32","1","default","166358087","001","23.833","min","249.066","μmol/L","Humid","24.247","deg","35448","µV","27.000","°C","1024.000","hPa","38.4","pmil","0","59.850","deg","20.000","°C","100.000","%a.s.","26.990","deg","23.835","°C","1018.000","hPa","0.808","-0.065","0.00038","-0.00034","0","31","Humid","5.00","0","2500.00","34860.97","SADD0002000339 Box 1","ABF1.0.0.0","4.0.0.2353","PSt3","221014-001","6/4/2024 1:58:11 PM","0000-00","0","no battery","V","","µV","","µV"
"07/08/2024","16:31:33","1","default","166358087","001","23.850","min","248.964","μmol/L","Humid","24.251","deg","35454","µV","27.000","°C","1024.000","hPa","38.4","pmil","0","59.850","deg","20.000","°C","100.000","%a.s.","26.990","deg","23.835","°C","1018.000","hPa","0.808","-0.065","0.00038","-0.00034","0","31","Humid","5.00","0","2500.00","34856.97","SADD0002000339 Box 1","ABF1.0.0.0","4.0.0.2353","PSt3","221014-001","6/4/2024 1:58:11 PM","0000-00","0","no battery","V","","µV","","µV"
"07/08/2024","16:31:34","1","default","166358087","001","23.867","min","248.861","μmol/L","Humid","24.255","deg","35453","µV","27.000","°C","1024.000","hPa","38.4","pmil","0","59.850","deg","20.000","°C","100.000","%a.s.","26.990","deg","23.835","°C","1018.000","hPa","0.808","-0.065","0.00038","-0.00034","0","31","Humid","5.00","0","2500.00","34858.97","SADD0002000339 Box 1","ABF1.0.0.0","4.0.0.2353","PSt3","221014-001","6/4/2024 1:58:11 PM","0000-00","0","no battery","V","","µV","","µV"
"07/08/2024","16:31:35","1","default","166358087","001","23.883","min","248.938","μmol/L","Humid","24.252","deg","35454","µV","27.000","°C","1024.000","hPa","38.4","pmil","0","59.850","deg","20.000","°C","100.000","%a.s.","26.990","deg","23.835","°C","1018.000","hPa","0.808","-0.065","0.00038","-0.00034","0","31","Humid","5.00","0","2500.00","34854.59","SADD0002000339 Box 1","ABF1.0.0.0","4.0.0.2353","PSt3","221014-001","6/4/2024 1:58:11 PM","0000-00","0","no battery","V","","µV","","µV"
"07/08/2024","16:31:36","1","default","166358087","001","23.900","min","248.938","μmol/L","Humid","24.252","deg","35456","µV","27.000","°C","1024.000","hPa","38.4","pmil","0","59.850","deg","20.000","°C","100.000","%a.s.","26.990","deg","23.835","°C","1018.000","hPa","0.808","-0.065","0.00038","-0.00034","0","31","Humid","5.00","0","2500.00","34859.71","SADD0002000339 Box 1","ABF1.0.0.0","4.0.0.2353","PSt3","221014-001","6/4/2024 1:58:11 PM","0000-00","0","no battery","V","","µV","","µV"
"07/08/2024","16:31:37","1","default","166358087","001","23.917","min","248.887","μmol/L","Humid","24.254","deg","35460","µV","27.000","°C","1024.000","hPa","38.4","pmil","0","59.850","deg","20.000","°C","100.000","%a.s.","26.990","deg","23.835","°C","1018.000","hPa","0.808","-0.065","0.00038","-0.00034","0","31","Humid","5.00","0","2500.00","34861.01","SADD0002000339 Box 1","ABF1.0.0.0","4.0.0.2353","PSt3","221014-001","6/4/2024 1:58:11 PM","0000-00","0","no battery","V","","µV","","µV"
"07/08/2024","16:31:38","1","default","166358087","001","23.933","min","248.861","μmol/L","Humid","24.255","deg","35457","µV","27.000","°C","1024.000","hPa","38.4","pmil","0","59.850","deg","20.000","°C","100.000","%a.s.","26.990","deg","23.835","°C","1018.000","hPa","0.808","-0.065","0.00038","-0.00034","0","31","Humid","5.00","0","2500.00","34863.20","SADD0002000339 Box 1","ABF1.0.0.0","4.0.0.2353","PSt3","221014-001","6/4/2024 1:58:11 PM","0000-00","0","no battery","V","","µV","","µV"
"07/08/2024","16:31:39","1","default","166358087","001","23.950","min","249.091","μmol/L","Humid","24.246","deg","35456","µV","27.000","°C","1024.000","hPa","38.4","pmil","0","59.850","deg","20.000","°C","100.000","%a.s.","26.990","deg","23.835","°C","1018.000","hPa","0.808","-0.065","0.00038","-0.00034","0","31","Humid","5.00","0","2500.00","34864.83","SADD0002000339 Box 1","ABF1.0.0.0","4.0.0.2353","PSt3","221014-001","6/4/2024 1:58:11 PM","0000-00","0","no battery","V","","µV","","µV"
"07/08/2024","16:31:40","1","default","166358087","001","23.967","min","248.606","μmol/L","Humid","24.265","deg","35460","µV","27.000","°C","1024.000","hPa","38.4","pmil","0","59.850","deg","20.000","°C","100.000","%a.s.","26.990","deg","23.835","°C","1018.000","hPa","0.808","-0.065","0.00038","-0.00034","0","31","Humid","5.00","0","2500.00","34860.10","SADD0002000339 Box 1","ABF1.0.0.0","4.0.0.2353","PSt3","221014-001","6/4/2024 1:58:11 PM","0000-00","0","no battery","V","","µV","","µV"
"07/08/2024","16:31:41","1","default","166358087","001","23.983","min","248.887","μmol/L","Humid","24.254","deg","35461","µV","27.000","°C","1024.000","hPa","38.4","pmil","0","59.850","deg","20.000","°C","100.000","%a.s.","26.990","deg","23.835","°C","1018.000","hPa","0.808","-0.065","0.00038","-0.00034","0","31","Humid","5.00","0","2500.00","34859.47","SADD0002000339 Box 1","ABF1.0.0.0","4.0.0.2353","PSt3","221014-001","6/4/2024 1:58:11 PM","0000-00","0","no battery","V","","µV","","µV"
"07/08/2024","16:31:42","1","default","166358087","001","24.000","min","248.938","μmol/L","Humid","24.252","deg","35463","µV","27.000","°C","1024.000","hPa","38.4","pmil","0","59.850","deg","20.000","°C","100.000","%a.s.","26.990","deg","23.835","°C","1018.000","hPa","0.808","-0.065","0.00038","-0.00034","0","31","Humid","5.00","0","2500.00","34862.05","SADD0002000339 Box 1","ABF1.0.0.0","4.0.0.2353","PSt3","221014-001","6/4/2024 1:58:11 PM","0000-00","0","no battery","V","","µV","","µV"
"07/08/2024","16:31:43","1","default","166358087","001","24.017","min","248.810","μmol/L","Humid","24.257","deg","35463","µV","27.000","°C","1024.000","hPa","38.4","pmil","0","59.850","deg","20.000","°C","100.000","%a.s.","26.990","deg","23.835","°C","1018.000","hPa","0.808","-0.065","0.00038","-0.00034","0","31","Humid","5.00","0","2500.00","34858.77","SADD0002000339 Box 1","ABF1.0.0.0","4.0.0.2353","PSt3","221014-001","6/4/2024 1:58:11 PM","0000-00","0","no battery","V","","µV","","µV"
"07/08/2024","16:31:44","1","default","166358087","001","24.033","min","248.606","μmol/L","Humid","24.265","deg","35468","µV","27.000","°C","1024.000","hPa","38.4","pmil","0","59.850","deg","20.000","°C","100.000","%a.s.","26.990","deg","23.835","°C","1018.000","hPa","0.808","-0.065","0.00038","-0.00034","0","31","Humid","5.00","0","2500.00","34860.52","SADD0002000339 Box 1","ABF1.0.0.0","4.0.0.2353","PSt3","221014-001","6/4/2024 1:58:11 PM","0000-00","0","no battery","V","","µV","","µV"
"07/08/2024","16:31:45","1","default","166358087","001","24.050","min","248.606","μmol/L","Humid","24.265","deg","35469","µV","27.000","°C","1024.000","hPa","38.4","pmil","0","59.850","deg","20.000","°C","100.000","%a.s.","26.990","deg","23.835","°C","1018.000","hPa","0.808","-0.065","0.00038","-0.00034","0","31","Humid","5.00","0","2500.00","34862.86","SADD0002000339 Box 1","ABF1.0.0.0","4.0.0.2353","PSt3","221014-001","6/4/2024 1:58:11 PM","0000-00","0","no battery","V","","µV","","µV"
"07/08/2024","16:31:46","1","default","166358087","001","24.067","min","248.708","μmol/L","Humid","24.261","deg","35469","µV","27.000","°C","1024.000","hPa","38.4","pmil","0","59.850","deg","20.000","°C","100.000","%a.s.","26.990","deg","23.835","°C","1018.000","hPa","0.808","-0.065","0.00038","-0.00034","0","31","Humid","5.00","0","2500.00","34853.80","SADD0002000339 Box 1","ABF1.0.0.0","4.0.0.2353","PSt3","221014-001","6/4/2024 1:58:11 PM","0000-00","0","no battery","V","","µV","","µV"
"07/08/2024","16:31:47","1","default","166358087","001","24.083","min","249.015","μmol/L","Humid","24.249","deg","35469","µV","27.000","°C","1024.000","hPa","38.4","pmil","0","59.850","deg","20.000","°C","100.000","%a.s.","26.990","deg","23.835","°C","1018.000","hPa","0.808","-0.065","0.00038","-0.00034","0","31","Humid","5.00","0","2500.00","34863.25","SADD0002000339 Box 1","ABF1.0.0.0","4.0.0.2353","PSt3","221014-001","6/4/2024 1:58:11 PM","0000-00","0","no battery","V","","µV","","µV"
"07/08/2024","16:31:48","1","default","166358087","001","24.100","min","248.759","μmol/L","Humid","24.259","deg","35473","µV","27.000","°C","1024.000","hPa","38.4","pmil","0","59.850","deg","20.000","°C","100.000","%a.s.","26.990","deg","23.835","°C","1018.000","hPa","0.808","-0.065","0.00038","-0.00034","0","31","Humid","5.00","0","2500.00","34851.09","SADD0002000339 Box 1","ABF1.0.0.0","4.0.0.2353","PSt3","221014-001","6/4/2024 1:58:11 PM","0000-00","0","no battery","V","","µV","","µV"
"07/08/2024","16:31:49","1","default","166358087","001","24.117","min","248.733","μmol/L","Humid","24.260","deg","35474","µV","27.000","°C","1024.000","hPa","38.4","pmil","0","59.850","deg","20.000","°C","100.000","%a.s.","26.990","deg","23.835","°C","1018.000","hPa","0.808","-0.065","0.00038","-0.00034","0","31","Humid","5.00","0","2500.00","34855.16","SADD0002000339 Box 1","ABF1.0.0.0","4.0.0.2353","PSt3","221014-001","6/4/2024 1:58:11 PM","0000-00","0","no battery","V","","µV","","µV"
"07/08/2024","16:31:50","1","default","166358087","001","24.133","min","248.580","μmol/L","Humid","24.266","deg","35468","µV","27.000","°C","1024.000","hPa","38.4","pmil","0","59.850","deg","20.000","°C","100.000","%a.s.","26.990","deg","23.835","°C","1018.000","hPa","0.808","-0.065","0.00038","-0.00034","0","31","Humid","5.00","0","2500.00","34864.71","SADD0002000339 Box 1","ABF1.0.0.0","4.0.0.2353","PSt3","221014-001","6/4/2024 1:58:11 PM","0000-00","0","no battery","V","","µV","","µV"
"07/08/2024","16:31:51","1","default","166358087","001","24.150","min","249.245","μmol/L","Humid","24.240","deg","35476","µV","27.000","°C","1024.000","hPa","38.4","pmil","0","59.850","deg","20.000","°C","100.000","%a.s.","26.990","deg","23.835","°C","1018.000","hPa","0.808","-0.065","0.00038","-0.00034","0","31","Humid","5.00","0","2500.00","34858.01","SADD0002000339 Box 1","ABF1.0.0.0","4.0.0.2353","PSt3","221014-001","6/4/2024 1:58:11 PM","0000-00","0","no battery","V","","µV","","µV"
"07/08/2024","16:31:52","1","default","166358087","001","24.166","min","248.785","μmol/L","Humid","24.258","deg","35473","µV","27.000","°C","1024.000","hPa","38.4","pmil","0","59.850","deg","20.000","°C","100.000","%a.s.","26.990","deg","23.835","°C","1018.000","hPa","0.808","-0.065","0.00038","-0.00034","0","31","Humid","5.00","0","2500.00","34861.88","SADD0002000339 Box 1","ABF1.0.0.0","4.0.0.2353","PSt3","221014-001","6/4/2024 1:58:11 PM","0000-00","0","no battery","V","","µV","","µV"
"07/08/2024","16:31:53","1","default","166358087","001","24.183","min","248.964","μmol/L","Humid","24.251","deg","35479","µV","27.000","°C","1024.000","hPa","38.4","pmil","0","59.850","deg","20.000","°C","100.000","%a.s.","26.990","deg","23.835","°C","1018.000","hPa","0.808","-0.065","0.00038","-0.00034","0","31","Humid","5.00","0","2500.00","34855.51","SADD0002000339 Box 1","ABF1.0.0.0","4.0.0.2353","PSt3","221014-001","6/4/2024 1:58:11 PM","0000-00","0","no battery","V","","µV","","µV"
"07/08/2024","16:31:54","1","default","166358087","001","24.200","min","248.606","μmol/L","Humid","24.265","deg","35479","µV","27.000","°C","1024.000","hPa","38.4","pmil","0","59.850","deg","20.000","°C","100.000","%a.s.","26.990","deg","23.835","°C","1018.000","hPa","0.808","-0.065","0.00038","-0.00034","0","31","Humid","5.00","0","2500.00","34860.10","SADD0002000339 Box 1","ABF1.0.0.0","4.0.0.2353","PSt3","221014-001","6/4/2024 1:58:11 PM","0000-00","0","no battery","V","","µV","","µV"
"07/08/2024","16:31:55","1","default","166358087","001","24.216","min","248.606","μmol/L","Humid","24.265","deg","35475","µV","27.000","°C","1024.000","hPa","38.4","pmil","0","59.850","deg","20.000","°C","100.000","%a.s.","26.990","deg","23.835","°C","1018.000","hPa","0.808","-0.065","0.00038","-0.00034","0","31","Humid","5.00","0","2500.00","34862.61","SADD0002000339 Box 1","ABF1.0.0.0","4.0.0.2353","PSt3","221014-001","6/4/2024 1:58:11 PM","0000-00","0","no battery","V","","µV","","µV"
"07/08/2024","16:31:56","1","default","166358087","001","24.233","min","248.964","μmol/L","Humid","24.251","deg","35475","µV","27.000","°C","1024.000","hPa","38.4","pmil","0","59.850","deg","20.000","°C","100.000","%a.s.","26.990","deg","23.835","°C","1018.000","hPa","0.808","-0.065","0.00038","-0.00034","0","31","Humid","5.00","0","2500.00","34859.23","SADD0002000339 Box 1","ABF1.0.0.0","4.0.0.2353","PSt3","221014-001","6/4/2024 1:58:11 PM","0000-00","0","no battery","V","","µV","","µV"
"07/08/2024","16:31:57","1","default","166358087","001","24.250","min","248.606","μmol/L","Humid","24.265","deg","35483","µV","27.000","°C","1024.000","hPa","38.4","pmil","0","59.850","deg","20.000","°C","100.000","%a.s.","26.990","deg","23.835","°C","1018.000","hPa","0.808","-0.065","0.00038","-0.00034","0","31","Humid","5.00","0","2500.00","34853.90","SADD0002000339 Box 1","ABF1.0.0.0","4.0.0.2353","PSt3","221014-001","6/4/2024 1:58:11 PM","0000-00","0","no battery","V","","µV","","µV"
"07/08/2024","16:31:58","1","default","166358087","001","24.266","min","248.580","μmol/L","Humid","24.266","deg","35479","µV","27.000","°C","1024.000","hPa","38.4","pmil","0","59.850","deg","20.000","°C","100.000","%a.s.","26.990","deg","23.835","°C","1018.000","hPa","0.808","-0.065","0.00038","-0.00034","0","31","Humid","5.00","0","2500.00","34858.50","SADD0002000339 Box 1","ABF1.0.0.0","4.0.0.2353","PSt3","221014-001","6/4/2024 1:58:11 PM","0000-00","0","no battery","V","","µV","","µV"
"07/08/2024","16:31:59","1","default","166358087","001","24.283","min","248.938","μmol/L","Humid","24.252","deg","35485","µV","27.000","°C","1024.000","hPa","38.4","pmil","0","59.850","deg","20.000","°C","100.000","%a.s.","26.990","deg","23.835","°C","1018.000","hPa","0.808","-0.065","0.00038","-0.00034","0","31","Humid","5.00","0","2500.00","34860.91","SADD0002000339 Box 1","ABF1.0.0.0","4.0.0.2353","PSt3","221014-001","6/4/2024 1:58:11 PM","0000-00","0","no battery","V","","µV","","µV"
"07/08/2024","16:32:00","1","default","166358087","001","24.300","min","248.504","μmol/L","Humid","24.269","deg","35484","µV","27.000","°C","1024.000","hPa","38.4","pmil","0","59.850","deg","20.000","°C","100.000","%a.s.","26.990","deg","23.835","°C","1018.000","hPa","0.808","-0.065","0.00038","-0.00034","0","31","Humid","5.00","0","2500.00","34860.59","SADD0002000339 Box 1","ABF1.0.0.0","4.0.0.2353","PSt3","221014-001","6/4/2024 1:58:11 PM","0000-00","0","no battery","V","","µV","","µV"
"07/08/2024","16:32:01","1","default","166358087","001","24.316","min","248.555","μmol/L","Humid","24.267","deg","35485","µV","27.000","°C","1024.000","hPa","38.4","pmil","0","59.850","deg","20.000","°C","100.000","%a.s.","26.990","deg","23.835","°C","1018.000","hPa","0.808","-0.065","0.00038","-0.00034","0","31","Humid","5.00","0","2500.00","34858.34","SADD0002000339 Box 1","ABF1.0.0.0","4.0.0.2353","PSt3","221014-001","6/4/2024 1:58:11 PM","0000-00","0","no battery","V","","µV","","µV"
"07/08/2024","16:32:02","1","default","166358087","001","24.333","min","248.427","μmol/L","Humid","24.272","deg","35488","µV","27.000","°C","1024.000","hPa","38.4","pmil","0","59.850","deg","20.000","°C","100.000","%a.s.","26.990","deg","23.835","°C","1018.000","hPa","0.808","-0.065","0.00038","-0.00034","0","31","Humid","5.00","0","2500.00","34861.26","SADD0002000339 Box 1","ABF1.0.0.0","4.0.0.2353","PSt3","221014-001","6/4/2024 1:58:11 PM","0000-00","0","no battery","V","","µV","","µV"
"07/08/2024","16:32:03","1","default","166358087","001","24.350","min","248.810","μmol/L","Humid","24.257","deg","35487","µV","27.000","°C","1024.000","hPa","38.4","pmil","0","59.850","deg","20.000","°C","100.000","%a.s.","26.990","deg","23.835","°C","1018.000","hPa","0.808","-0.065","0.00038","-0.00034","0","31","Humid","5.00","0","2500.00","34861.36","SADD0002000339 Box 1","ABF1.0.0.0","4.0.0.2353","PSt3","221014-001","6/4/2024 1:58:11 PM","0000-00","0","no battery","V","","µV","","µV"
"07/08/2024","16:32:04","1","default","166358087","001","24.366","min","248.478","μmol/L","Humid","24.270","deg","35494","µV","27.000","°C","1024.000","hPa","38.4","pmil","0","59.850","deg","20.000","°C","100.000","%a.s.","26.990","deg","23.835","°C","1018.000","hPa","0.808","-0.065","0.00038","-0.00034","0","31","Humid","5.00","0","2500.00","34860.39","SADD0002000339 Box 1","ABF1.0.0.0","4.0.0.2353","PSt3","221014-001","6/4/2024 1:58:11 PM","0000-00","0","no battery","V","","µV","","µV"
"07/08/2024","16:32:05","1","default","166358087","001","24.383","min","248.759","μmol/L","Humid","24.259","deg","35485","µV","27.000","°C","1024.000","hPa","38.4","pmil","0","59.850","deg","20.000","°C","100.000","%a.s.","26.990","deg","23.835","°C","1018.000","hPa","0.808","-0.065","0.00038","-0.00034","0","31","Humid","5.00","0","2500.00","34856.79","SADD0002000339 Box 1","ABF1.0.0.0","4.0.0.2353","PSt3","221014-001","6/4/2024 1:58:11 PM","0000-00","0","no battery","V","","µV","","µV"
"07/08/2024","16:32:06","1","default","166358087","001","24.400","min","248.427","μmol/L","Humid","24.272","deg","35493","µV","27.000","°C","1024.000","hPa","38.4","pmil","0","59.850","deg","20.000","°C","100.000","%a.s.","26.990","deg","23.835","°C","1018.000","hPa","0.808","-0.065","0.00038","-0.00034","0","31","Humid","5.00","0","2500.00","34861.17","SADD0002000339 Box 1","ABF1.0.0.0","4.0.0.2353","PSt3","221014-001","6/4/2024 1:58:11 PM","0000-00","0","no battery","V","","µV","","µV"
"07/08/2024","16:32:07","1","default","166358087","001","24.416","min","248.708","μmol/L","Humid","24.261","deg","35491","µV","27.000","°C","1024.000","hPa","38.4","pmil","0","59.850","deg","20.000","°C","100.000","%a.s.","26.990","deg","23.835","°C","1018.000","hPa","0.808","-0.065","0.00038","-0.00034","0","31","Humid","5.00","0","2500.00","34860.34","SADD0002000339 Box 1","ABF1.0.0.0","4.0.0.2353","PSt3","221014-001","6/4/2024 1:58:11 PM","0000-00","0","no battery","V","","µV","","µV"
"07/08/2024","16:32:08","1","default","166358087","001","24.433","min","248.810","μmol/L","Humid","24.257","deg","35493","µV","27.000","°C","1024.000","hPa","38.4","pmil","0","59.850","deg","20.000","°C","100.000","%a.s.","26.990","deg","23.835","°C","1018.000","hPa","0.808","-0.065","0.00038","-0.00034","0","31","Humid","5.00","0","2500.00","34854.70","SADD0002000339 Box 1","ABF1.0.0.0","4.0.0.2353","PSt3","221014-001","6/4/2024 1:58:11 PM","0000-00","0","no battery","V","","µV","","µV"
"07/08/2024","16:32:09","1","default","166358087","001","24.450","min","248.657","μmol/L","Humid","24.263","deg","35492","µV","27.000","°C","1024.000","hPa","38.4","pmil","0","59.850","deg","20.000","°C","100.000","%a.s.","26.990","deg","23.835","°C","1018.000","hPa","0.808","-0.065","0.00038","-0.00034","0","31","Humid","5.00","0","2500.00","34860.14","SADD0002000339 Box 1","ABF1.0.0.0","4.0.0.2353","PSt3","221014-001","6/4/2024 1:58:11 PM","0000-00","0","no battery","V","","µV","","µV"
"07/08/2024","16:32:10","1","default","166358087","001","24.466","min","248.555","μmol/L","Humid","24.267","deg","35495","µV","27.000","°C","1024.000","hPa","38.4","pmil","0","59.850","deg","20.000","°C","100.000","%a.s.","26.990","deg","23.835","°C","1018.000","hPa","0.808","-0.065","0.00038","-0.00034","0","31","Humid","5.00","0","2500.00","34859.18","SADD0002000339 Box 1","ABF1.0.0.0","4.0.0.2353","PSt3","221014-001","6/4/2024 1:58:11 PM","0000-00","0","no battery","V","","µV","","µV"
"07/08/2024","16:32:11","1","default","166358087","001","24.483","min","248.631","μmol/L","Humid","24.264","deg","35492","µV","27.000","°C","1024.000","hPa","38.4","pmil","0","59.850","deg","20.000","°C","100.000","%a.s.","26.990","deg","23.835","°C","1018.000","hPa","0.808","-0.065","0.00038","-0.00034","0","31","Humid","5.00","0","2500.00","34862.91","SADD0002000339 Box 1","ABF1.0.0.0","4.0.0.2353","PSt3","221014-001","6/4/2024 1:58:11 PM","0000-00","0","no battery","V","","µV","","µV"
"07/08/2024","16:32:12","1","default","166358087","001","24.500","min","248.401","μmol/L","Humid","24.273","deg","35491","µV","27.000","°C","1024.000","hPa","38.4","pmil","0","59.850","deg","20.000","°C","100.000","%a.s.","26.990","deg","23.835","°C","1018.000","hPa","0.808","-0.065","0.00038","-0.00034","0","31","Humid","5.00","0","2500.00","34860.07","SADD0002000339 Box 1","ABF1.0.0.0","4.0.0.2353","PSt3","221014-001","6/4/2024 1:58:11 PM","0000-00","0","no battery","V","","µV","","µV"
"07/08/2024","16:32:13","1","default","166358087","001","24.516","min","248.657","μmol/L","Humid","24.263","deg","35497","µV","27.000","°C","1024.000","hPa","38.4","pmil","0","59.850","deg","20.000","°C","100.000","%a.s.","26.990","deg","23.835","°C","1018.000","hPa","0.808","-0.065","0.00038","-0.00034","0","31","Humid","5.00","0","2500.00","34858.04","SADD0002000339 Box 1","ABF1.0.0.0","4.0.0.2353","PSt3","221014-001","6/4/2024 1:58:11 PM","0000-00","0","no battery","V","","µV","","µV"
"07/08/2024","16:32:14","1","default","166358087","001","24.533","min","248.504","μmol/L","Humid","24.269","deg","35495","µV","27.000","°C","1024.000","hPa","38.4","pmil","0","59.850","deg","20.000","°C","100.000","%a.s.","26.990","deg","23.835","°C","1018.000","hPa","0.808","-0.065","0.00038","-0.00034","0","31","Humid","5.00","0","2500.00","34856.04","SADD0002000339 Box 1","ABF1.0.0.0","4.0.0.2353","PSt3","221014-001","6/4/2024 1:58:11 PM","0000-00","0","no battery","V","","µV","","µV"
"07/08/2024","16:32:15","1","default","166358087","001","24.549","min","248.555","μmol/L","Humid","24.267","deg","35492","µV","27.000","°C","1024.000","hPa","38.4","pmil","0","59.850","deg","20.000","°C","100.000","%a.s.","26.990","deg","23.835","°C","1018.000","hPa","0.808","-0.065","0.00038","-0.00034","0","31","Humid","5.00","0","2500.00","34864.28","SADD0002000339 Box 1","ABF1.0.0.0","4.0.0.2353","PSt3","221014-001","6/4/2024 1:58:11 PM","0000-00","0","no battery","V","","µV","","µV"
"07/08/2024","16:32:16","1","default","166358087","001","24.566","min","248.733","μmol/L","Humid","24.260","deg","35499","µV","27.000","°C","1024.000","hPa","38.4","pmil","0","59.850","deg","20.000","°C","100.000","%a.s.","26.990","deg","23.835","°C","1018.000","hPa","0.808","-0.065","0.00038","-0.00034","0","31","Humid","5.00","0","2500.00","34859.03","SADD0002000339 Box 1","ABF1.0.0.0","4.0.0.2353","PSt3","221014-001","6/4/2024 1:58:11 PM","0000-00","0","no battery","V","","µV","","µV"
"07/08/2024","16:32:17","1","default","166358087","001","24.583","min","248.299","μmol/L","Humid","24.277","deg","35496","µV","27.000","°C","1024.000","hPa","38.4","pmil","0","59.850","deg","20.000","°C","100.000","%a.s.","26.990","deg","23.835","°C","1018.000","hPa","0.808","-0.065","0.00038","-0.00034","0","31","Humid","5.00","0","2500.00","34859.99","SADD0002000339 Box 1","ABF1.0.0.0","4.0.0.2353","PSt3","221014-001","6/4/2024 1:58:11 PM","0000-00","0","no battery","V","","µV","","µV"
"07/08/2024","16:32:18","1","default","166358087","001","24.600","min","248.325","μmol/L","Humid","24.276","deg","35494","µV","27.000","°C","1024.000","hPa","38.4","pmil","0","59.850","deg","20.000","°C","100.000","%a.s.","26.990","deg","23.835","°C","1018.000","hPa","0.808","-0.065","0.00038","-0.00034","0","31","Humid","5.00","0","2500.00","34854.98","SADD0002000339 Box 1","ABF1.0.0.0","4.0.0.2353","PSt3","221014-001","6/4/2024 1:58:11 PM","0000-00","0","no battery","V","","µV","","µV"
"07/08/2024","16:32:19","1","default","166358087","001","24.617","min","248.299","μmol/L","Humid","24.277","deg","35501","µV","27.000","°C","1024.000","hPa","38.4","pmil","0","59.850","deg","20.000","°C","100.000","%a.s.","26.990","deg","23.835","°C","1018.000","hPa","0.808","-0.065","0.00038","-0.00034","0","31","Humid","5.00","0","2500.00","34858.94","SADD0002000339 Box 1","ABF1.0.0.0","4.0.0.2353","PSt3","221014-001","6/4/2024 1:58:11 PM","0000-00","0","no battery","V","","µV","","µV"
"07/08/2024","16:32:20","1","default","166358087","001","24.634","min","248.785","μmol/L","Humid","24.258","deg","35508","µV","27.000","°C","1024.000","hPa","38.4","pmil","0","59.850","deg","20.000","°C","100.000","%a.s.","26.990","deg","23.835","°C","1018.000","hPa","0.808","-0.065","0.00038","-0.00034","0","31","Humid","5.00","0","2500.00","34859.83","SADD0002000339 Box 1","ABF1.0.0.0","4.0.0.2353","PSt3","221014-001","6/4/2024 1:58:11 PM","0000-00","0","no battery","V","","µV","","µV"
"07/08/2024","16:32:21","1","default","166358087","001","24.650","min","248.606","μmol/L","Humid","24.265","deg","35502","µV","27.000","°C","1024.000","hPa","38.4","pmil","0","59.850","deg","20.000","°C","100.000","%a.s.","26.990","deg","23.835","°C","1018.000","hPa","0.808","-0.065","0.00038","-0.00034","0","31","Humid","5.00","0","2500.00","34863.00","SADD0002000339 Box 1","ABF1.0.0.0","4.0.0.2353","PSt3","221014-001","6/4/2024 1:58:11 PM","0000-00","0","no battery","V","","µV","","µV"
"07/08/2024","16:32:22","1","default","166358087","001","24.666","min","247.917","μmol/L","Humid","24.292","deg","35503","µV","27.000","°C","1024.000","hPa","38.4","pmil","0","59.850","deg","20.000","°C","100.000","%a.s.","26.990","deg","23.835","°C","1018.000","hPa","0.808","-0.065","0.00038","-0.00034","0","31","Humid","5.00","0","2500.00","34863.20","SADD0002000339 Box 1","ABF1.0.0.0","4.0.0.2353","PSt3","221014-001","6/4/2024 1:58:11 PM","0000-00","0","no battery","V","","µV","","µV"
"07/08/2024","16:32:23","1","default","166358087","001","24.683","min","248.580","μmol/L","Humid","24.266","deg","35502","µV","27.000","°C","1024.000","hPa","38.4","pmil","0","59.850","deg","20.000","°C","100.000","%a.s.","26.990","deg","23.835","°C","1018.000","hPa","0.808","-0.065","0.00038","-0.00034","0","31","Humid","5.00","0","2500.00","34855.44","SADD0002000339 Box 1","ABF1.0.0.0","4.0.0.2353","PSt3","221014-001","6/4/2024 1:58:11 PM","0000-00","0","no battery","V","","µV","","µV"
"07/08/2024","16:32:24","1","default","166358087","001","24.700","min","248.274","μmol/L","Humid","24.278","deg","35506","µV","27.000","°C","1024.000","hPa","38.4","pmil","0","59.850","deg","20.000","°C","100.000","%a.s.","26.990","deg","23.835","°C","1018.000","hPa","0.808","-0.065","0.00038","-0.00034","0","31","Humid","5.00","0","2500.00","34861.29","SADD0002000339 Box 1","ABF1.0.0.0","4.0.0.2353","PSt3","221014-001","6/4/2024 1:58:11 PM","0000-00","0","no battery","V","","µV","","µV"
"07/08/2024","16:32:25","1","default","166358087","001","24.717","min","248.223","μmol/L","Humid","24.280","deg","35505","µV","27.000","°C","1024.000","hPa","38.4","pmil","0","59.850","deg","20.000","°C","100.000","%a.s.","26.990","deg","23.835","°C","1018.000","hPa","0.808","-0.065","0.00038","-0.00034","0","31","Humid","5.00","0","2500.00","34856.83","SADD0002000339 Box 1","ABF1.0.0.0","4.0.0.2353","PSt3","221014-001","6/4/2024 1:58:11 PM","0000-00","0","no battery","V","","µV","","µV"
"07/08/2024","16:32:26","1","default","166358087","001","24.734","min","248.376","μmol/L","Humid","24.274","deg","35504","µV","27.000","°C","1024.000","hPa","38.4","pmil","0","59.850","deg","20.000","°C","100.000","%a.s.","26.990","deg","23.835","°C","1018.000","hPa","0.808","-0.065","0.00038","-0.00034","0","31","Humid","5.00","0","2500.00","34863.18","SADD0002000339 Box 1","ABF1.0.0.0","4.0.0.2353","PSt3","221014-001","6/4/2024 1:58:11 PM","0000-00","0","no battery","V","","µV","","µV"
"07/08/2024","16:32:27","1","default","166358087","001","24.750","min","248.733","μmol/L","Humid","24.260","deg","35503","µV","27.000","°C","1024.000","hPa","38.4","pmil","0","59.850","deg","20.000","°C","100.000","%a.s.","26.990","deg","23.835","°C","1018.000","hPa","0.808","-0.065","0.00038","-0.00034","0","31","Humid","5.00","0","2500.00","34860.93","SADD0002000339 Box 1","ABF1.0.0.0","4.0.0.2353","PSt3","221014-001","6/4/2024 1:58:11 PM","0000-00","0","no battery","V","","µV","","µV"
"07/08/2024","16:32:28","1","default","166358087","001","24.767","min","248.478","μmol/L","Humid","24.270","deg","35508","µV","27.000","°C","1024.000","hPa","38.4","pmil","0","59.850","deg","20.000","°C","100.000","%a.s.","26.990","deg","23.835","°C","1018.000","hPa","0.808","-0.065","0.00038","-0.00034","0","31","Humid","5.00","0","2500.00","34860.22","SADD0002000339 Box 1","ABF1.0.0.0","4.0.0.2353","PSt3","221014-001","6/4/2024 1:58:11 PM","0000-00","0","no battery","V","","µV","","µV"
"07/08/2024","16:32:29","1","default","166358087","001","24.784","min","248.197","μmol/L","Humid","24.281","deg","35505","µV","27.000","°C","1024.000","hPa","38.4","pmil","0","59.850","deg","20.000","°C","100.000","%a.s.","26.990","deg","23.835","°C","1018.000","hPa","0.808","-0.065","0.00038","-0.00034","0","31","Humid","5.00","0","2500.00","34859.26","SADD0002000339 Box 1","ABF1.0.0.0","4.0.0.2353","PSt3","221014-001","6/4/2024 1:58:11 PM","0000-00","0","no battery","V","","µV","","µV"
"07/08/2024","16:32:30","1","default","166358087","001","24.800","min","248.529","μmol/L","Humid","24.268","deg","35506","µV","27.000","°C","1024.000","hPa","38.4","pmil","0","59.850","deg","20.000","°C","100.000","%a.s.","26.990","deg","23.835","°C","1018.000","hPa","0.808","-0.065","0.00038","-0.00034","0","31","Humid","5.00","0","2500.00","34858.24","SADD0002000339 Box 1","ABF1.0.0.0","4.0.0.2353","PSt3","221014-001","6/4/2024 1:58:11 PM","0000-00","0","no battery","V","","µV","","µV"
"07/08/2024","16:32:31","1","default","166358087","001","24.817","min","248.223","μmol/L","Humid","24.280","deg","35514","µV","27.000","°C","1024.000","hPa","38.4","pmil","0","59.850","deg","20.000","°C","100.000","%a.s.","26.990","deg","23.835","°C","1018.000","hPa","0.808","-0.065","0.00038","-0.00034","0","31","Humid","5.00","0","2500.00","34859.42","SADD0002000339 Box 1","ABF1.0.0.0","4.0.0.2353","PSt3","221014-001","6/4/2024 1:58:11 PM","0000-00","0","no battery","V","","µV","","µV"
"07/08/2024","16:32:32","1","default","166358087","001","24.833","min","248.401","μmol/L","Humid","24.273","deg","35509","µV","27.000","°C","1024.000","hPa","38.4","pmil","0","59.850","deg","20.000","°C","100.000","%a.s.","26.990","deg","23.835","°C","1018.000","hPa","0.808","-0.065","0.00038","-0.00034","0","31","Humid","5.00","0","2500.00","34866.46","SADD0002000339 Box 1","ABF1.0.0.0","4.0.0.2353","PSt3","221014-001","6/4/2024 1:58:11 PM","0000-00","0","no battery","V","","µV","","µV"
"07/08/2024","16:32:33","1","default","166358087","001","24.850","min","248.376","μmol/L","Humid","24.274","deg","35515","µV","27.000","°C","1024.000","hPa","38.4","pmil","0","59.850","deg","20.000","°C","100.000","%a.s.","26.990","deg","23.835","°C","1018.000","hPa","0.808","-0.065","0.00038","-0.00034","0","31","Humid","5.00","0","2500.00","34854.60","SADD0002000339 Box 1","ABF1.0.0.0","4.0.0.2353","PSt3","221014-001","6/4/2024 1:58:11 PM","0000-00","0","no battery","V","","µV","","µV"
"07/08/2024","16:32:34","1","default","166358087","001","24.867","min","248.452","μmol/L","Humid","24.271","deg","35507","µV","27.000","°C","1024.000","hPa","38.4","pmil","0","59.850","deg","20.000","°C","100.000","%a.s.","26.990","deg","23.835","°C","1018.000","hPa","0.808","-0.065","0.00038","-0.00034","0","31","Humid","5.00","0","2500.00","34864.49","SADD0002000339 Box 1","ABF1.0.0.0","4.0.0.2353","PSt3","221014-001","6/4/2024 1:58:11 PM","0000-00","0","no battery","V","","µV","","µV"
"07/08/2024","16:32:35","1","default","166358087","001","24.883","min","248.223","μmol/L","Humid","24.280","deg","35509","µV","27.000","°C","1024.000","hPa","38.4","pmil","0","59.850","deg","20.000","°C","100.000","%a.s.","26.990","deg","23.835","°C","1018.000","hPa","0.808","-0.065","0.00038","-0.00034","0","31","Humid","5.00","0","2500.00","34864.20","SADD0002000339 Box 1","ABF1.0.0.0","4.0.0.2353","PSt3","221014-001","6/4/2024 1:58:11 PM","0000-00","0","no battery","V","","µV","","µV"
"07/08/2024","16:32:36","1","default","166358087","001","24.900","min","248.146","μmol/L","Humid","24.283","deg","35508","µV","27.000","°C","1024.000","hPa","38.4","pmil","0","59.850","deg","20.000","°C","100.000","%a.s.","26.990","deg","23.835","°C","1018.000","hPa","0.808","-0.065","0.00038","-0.00034","0","31","Humid","5.00","0","2500.00","34860.29","SADD0002000339 Box 1","ABF1.0.0.0","4.0.0.2353","PSt3","221014-001","6/4/2024 1:58:11 PM","0000-00","0","no battery","V","","µV","","µV"
"07/08/2024","16:32:37","1","default","166358087","001","24.917","min","248.529","μmol/L","Humid","24.268","deg","35520","µV","27.000","°C","1024.000","hPa","38.4","pmil","0","59.850","deg","20.000","°C","100.000","%a.s.","26.990","deg","23.835","°C","1018.000","hPa","0.808","-0.065","0.00038","-0.00034","0","31","Humid","5.00","0","2500.00","34863.30","SADD0002000339 Box 1","ABF1.0.0.0","4.0.0.2353","PSt3","221014-001","6/4/2024 1:58:11 PM","0000-00","0","no battery","V","","µV","","µV"
"07/08/2024","16:32:38","1","default","166358087","001","24.933","min","248.274","μmol/L","Humid","24.278","deg","35517","µV","27.000","°C","1024.000","hPa","38.4","pmil","0","59.850","deg","20.000","°C","100.000","%a.s.","26.990","deg","23.835","°C","1018.000","hPa","0.808","-0.065","0.00038","-0.00034","0","31","Humid","5.00","0","2500.00","34866.11","SADD0002000339 Box 1","ABF1.0.0.0","4.0.0.2353","PSt3","221014-001","6/4/2024 1:58:11 PM","0000-00","0","no battery","V","","µV","","µV"
"07/08/2024","16:32:39","1","default","166358087","001","24.950","min","248.070","μmol/L","Humid","24.286","deg","35515","µV","27.000","°C","1024.000","hPa","38.4","pmil","0","59.850","deg","20.000","°C","100.000","%a.s.","26.990","deg","23.835","°C","1018.000","hPa","0.808","-0.065","0.00038","-0.00034","0","31","Humid","5.00","0","2500.00","34858.33","SADD0002000339 Box 1","ABF1.0.0.0","4.0.0.2353","PSt3","221014-001","6/4/2024 1:58:11 PM","0000-00","0","no battery","V","","µV","","µV"
"07/08/2024","16:32:40","1","default","166358087","001","24.967","min","248.427","μmol/L","Humid","24.272","deg","35515","µV","27.000","°C","1024.000","hPa","38.4","pmil","0","59.850","deg","20.000","°C","100.000","%a.s.","26.990","deg","23.835","°C","1018.000","hPa","0.808","-0.065","0.00038","-0.00034","0","31","Humid","5.00","0","2500.00","34863.30","SADD0002000339 Box 1","ABF1.0.0.0","4.0.0.2353","PSt3","221014-001","6/4/2024 1:58:11 PM","0000-00","0","no battery","V","","µV","","µV"
"07/08/2024","16:32:41","1","default","166358087","001","24.983","min","248.299","μmol/L","Humid","24.277","deg","35517","µV","27.000","°C","1024.000","hPa","38.4","pmil","0","59.850","deg","20.000","°C","100.000","%a.s.","26.990","deg","23.835","°C","1018.000","hPa","0.808","-0.065","0.00038","-0.00034","0","31","Humid","5.00","0","2500.00","34863.34","SADD0002000339 Box 1","ABF1.0.0.0","4.0.0.2353","PSt3","221014-001","6/4/2024 1:58:11 PM","0000-00","0","no battery","V","","µV","","µV"
"07/08/2024","16:32:42","1","default","166358087","001","25.000","min","248.504","μmol/L","Humid","24.269","deg","35513","µV","27.000","°C","1024.000","hPa","38.4","pmil","0","59.850","deg","20.000","°C","100.000","%a.s.","26.990","deg","23.835","°C","1018.000","hPa","0.808","-0.065","0.00038","-0.00034","0","31","Humid","5.00","0","2500.00","34858.69","SADD0002000339 Box 1","ABF1.0.0.0","4.0.0.2353","PSt3","221014-001","6/4/2024 1:58:11 PM","0000-00","0","no battery","V","","µV","","µV"
"07/08/2024","16:32:43","1","default","166358087","001","25.017","min","248.096","μmol/L","Humid","24.285","deg","35509","µV","27.000","°C","1024.000","hPa","38.4","pmil","0","59.850","deg","20.000","°C","100.000","%a.s.","26.990","deg","23.835","°C","1018.000","hPa","0.808","-0.065","0.00038","-0.00034","0","31","Humid","5.00","0","2500.00","34861.27","SADD0002000339 Box 1","ABF1.0.0.0","4.0.0.2353","PSt3","221014-001","6/4/2024 1:58:11 PM","0000-00","0","no battery","V","","µV","","µV"
"07/08/2024","16:32:44","1","default","166358087","001","25.033","min","248.146","μmol/L","Humid","24.283","deg","35519","µV","27.000","°C","1024.000","hPa","38.4","pmil","0","59.850","deg","20.000","°C","100.000","%a.s.","26.990","deg","23.835","°C","1018.000","hPa","0.808","-0.065","0.00038","-0.00034","0","31","Humid","5.00","0","2500.00","34857.91","SADD0002000339 Box 1","ABF1.0.0.0","4.0.0.2353","PSt3","221014-001","6/4/2024 1:58:11 PM","0000-00","0","no battery","V","","µV","","µV"
"07/08/2024","16:32:45","1","default","166358087","001","25.050","min","248.478","μmol/L","Humid","24.270","deg","35518","µV","27.000","°C","1024.000","hPa","38.4","pmil","0","59.850","deg","20.000","°C","100.000","%a.s.","26.990","deg","23.835","°C","1018.000","hPa","0.808","-0.065","0.00038","-0.00034","0","31","Humid","5.00","0","2500.00","34857.59","SADD0002000339 Box 1","ABF1.0.0.0","4.0.0.2353","PSt3","221014-001","6/4/2024 1:58:11 PM","0000-00","0","no battery","V","","µV","","µV"
"07/08/2024","16:32:46","1","default","166358087","001","25.067","min","248.401","μmol/L","Humid","24.273","deg","35516","µV","27.000","°C","1024.000","hPa","38.4","pmil","0","59.850","deg","20.000","°C","100.000","%a.s.","26.990","deg","23.835","°C","1018.000","hPa","0.808","-0.065","0.00038","-0.00034","0","31","Humid","5.00","0","2500.00","34857.54","SADD0002000339 Box 1","ABF1.0.0.0","4.0.0.2353","PSt3","221014-001","6/4/2024 1:58:11 PM","0000-00","0","no battery","V","","µV","","µV"
"07/08/2024","16:32:47","1","default","166358087","001","25.083","min","248.452","μmol/L","Humid","24.271","deg","35522","µV","27.000","°C","1024.000","hPa","38.4","pmil","0","59.850","deg","20.000","°C","100.000","%a.s.","26.990","deg","23.835","°C","1018.000","hPa","0.808","-0.065","0.00038","-0.00034","0","31","Humid","5.00","0","2500.00","34866.75","SADD0002000339 Box 1","ABF1.0.0.0","4.0.0.2353","PSt3","221014-001","6/4/2024 1:58:11 PM","0000-00","0","no battery","V","","µV","","µV"
"07/08/2024","16:32:48","1","default","166358087","001","25.100","min","247.892","μmol/L","Humid","24.293","deg","35518","µV","27.000","°C","1024.000","hPa","38.4","pmil","0","59.850","deg","20.000","°C","100.000","%a.s.","26.990","deg","23.835","°C","1018.000","hPa","0.808","-0.065","0.00038","-0.00034","0","31","Humid","5.00","0","2500.00","34865.91","SADD0002000339 Box 1","ABF1.0.0.0","4.0.0.2353","PSt3","221014-001","6/4/2024 1:58:11 PM","0000-00","0","no battery","V","","µV","","µV"
"07/08/2024","16:32:49","1","default","166358087","001","25.116","min","248.172","μmol/L","Humid","24.282","deg","35523","µV","27.000","°C","1024.000","hPa","38.4","pmil","0","59.850","deg","20.000","°C","100.000","%a.s.","26.990","deg","23.835","°C","1018.000","hPa","0.808","-0.065","0.00038","-0.00034","0","31","Humid","5.00","0","2500.00","34858.40","SADD0002000339 Box 1","ABF1.0.0.0","4.0.0.2353","PSt3","221014-001","6/4/2024 1:58:11 PM","0000-00","0","no battery","V","","µV","","µV"
"07/08/2024","16:32:50","1","default","166358087","001","25.133","min","248.299","μmol/L","Humid","24.277","deg","35524","µV","27.000","°C","1024.000","hPa","38.4","pmil","0","59.850","deg","20.000","°C","100.000","%a.s.","26.990","deg","23.835","°C","1018.000","hPa","0.808","-0.065","0.00038","-0.00034","0","31","Humid","5.00","0","2500.00","34865.29","SADD0002000339 Box 1","ABF1.0.0.0","4.0.0.2353","PSt3","221014-001","6/4/2024 1:58:11 PM","0000-00","0","no battery","V","","µV","","µV"
"07/08/2024","16:32:51","1","default","166358087","001","25.150","min","247.841","μmol/L","Humid","24.295","deg","35518","µV","27.000","°C","1024.000","hPa","38.4","pmil","0","59.850","deg","20.000","°C","100.000","%a.s.","26.990","deg","23.835","°C","1018.000","hPa","0.808","-0.065","0.00038","-0.00034","0","31","Humid","5.00","0","2500.00","34867.21","SADD0002000339 Box 1","ABF1.0.0.0","4.0.0.2353","PSt3","221014-001","6/4/2024 1:58:11 PM","0000-00","0","no battery","V","","µV","","µV"
"07/08/2024","16:32:52","1","default","166358087","001","25.166","min","248.172","μmol/L","Humid","24.282","deg","35533","µV","27.000","°C","1024.000","hPa","38.4","pmil","0","59.850","deg","20.000","°C","100.000","%a.s.","26.990","deg","23.835","°C","1018.000","hPa","0.808","-0.065","0.00038","-0.00034","0","31","Humid","5.00","0","2500.00","34860.77","SADD0002000339 Box 1","ABF1.0.0.0","4.0.0.2353","PSt3","221014-001","6/4/2024 1:58:11 PM","0000-00","0","no battery","V","","µV","","µV"
"07/08/2024","16:32:53","1","default","166358087","001","25.183","min","248.121","μmol/L","Humid","24.284","deg","35523","µV","27.000","°C","1024.000","hPa","38.4","pmil","0","59.850","deg","20.000","°C","100.000","%a.s.","26.990","deg","23.835","°C","1018.000","hPa","0.808","-0.065","0.00038","-0.00034","0","31","Humid","5.00","0","2500.00","34859.21","SADD0002000339 Box 1","ABF1.0.0.0","4.0.0.2353","PSt3","221014-001","6/4/2024 1:58:11 PM","0000-00","0","no battery","V","","µV","","µV"
"07/08/2024","16:32:54","1","default","166358087","001","25.200","min","248.376","μmol/L","Humid","24.274","deg","35520","µV","27.000","°C","1024.000","hPa","38.4","pmil","0","59.850","deg","20.000","°C","100.000","%a.s.","26.990","deg","23.835","°C","1018.000","hPa","0.808","-0.065","0.00038","-0.00034","0","31","Humid","5.00","0","2500.00","34855.89","SADD0002000339 Box 1","ABF1.0.0.0","4.0.0.2353","PSt3","221014-001","6/4/2024 1:58:11 PM","0000-00","0","no battery","V","","µV","","µV"
"07/08/2024","16:32:55","1","default","166358087","001","25.217","min","247.790","μmol/L","Humid","24.297","deg","35528","µV","27.000","°C","1024.000","hPa","38.4","pmil","0","59.850","deg","20.000","°C","100.000","%a.s.","26.990","deg","23.835","°C","1018.000","hPa","0.808","-0.065","0.00038","-0.00034","0","31","Humid","5.00","0","2500.00","34856.05","SADD0002000339 Box 1","ABF1.0.0.0","4.0.0.2353","PSt3","221014-001","6/4/2024 1:58:11 PM","0000-00","0","no battery","V","","µV","","µV"
"07/08/2024","16:32:56","1","default","166358087","001","25.234","min","248.096","μmol/L","Humid","24.285","deg","35523","µV","27.000","°C","1024.000","hPa","38.4","pmil","0","59.850","deg","20.000","°C","100.000","%a.s.","26.990","deg","23.835","°C","1018.000","hPa","0.808","-0.065","0.00038","-0.00034","0","31","Humid","5.00","0","2500.00","34867.38","SADD0002000339 Box 1","ABF1.0.0.0","4.0.0.2353","PSt3","221014-001","6/4/2024 1:58:11 PM","0000-00","0","no battery","V","","µV","","µV"
"07/08/2024","16:32:57","1","default","166358087","001","25.250","min","248.121","μmol/L","Humid","24.284","deg","35527","µV","27.000","°C","1024.000","hPa","38.4","pmil","0","59.850","deg","20.000","°C","100.000","%a.s.","26.990","deg","23.835","°C","1018.000","hPa","0.808","-0.065","0.00038","-0.00034","0","31","Humid","5.00","0","2500.00","34853.19","SADD0002000339 Box 1","ABF1.0.0.0","4.0.0.2353","PSt3","221014-001","6/4/2024 1:58:11 PM","0000-00","0","no battery","V","","µV","","µV"
"07/08/2024","16:32:58","1","default","166358087","001","25.267","min","247.994","μmol/L","Humid","24.289","deg","35527","µV","27.000","°C","1024.000","hPa","38.4","pmil","0","59.850","deg","20.000","°C","100.000","%a.s.","26.990","deg","23.835","°C","1018.000","hPa","0.808","-0.065","0.00038","-0.00034","0","31","Humid","5.00","0","2500.00","34859.82","SADD0002000339 Box 1","ABF1.0.0.0","4.0.0.2353","PSt3","221014-001","6/4/2024 1:58:11 PM","0000-00","0","no battery","V","","µV","","µV"
"07/08/2024","16:32:59","1","default","166358087","001","25.284","min","248.299","μmol/L","Humid","24.277","deg","35527","µV","27.000","°C","1024.000","hPa","38.4","pmil","0","59.850","deg","20.000","°C","100.000","%a.s.","26.990","deg","23.835","°C","1018.000","hPa","0.808","-0.065","0.00038","-0.00034","0","31","Humid","5.00","0","2500.00","34857.53","SADD0002000339 Box 1","ABF1.0.0.0","4.0.0.2353","PSt3","221014-001","6/4/2024 1:58:11 PM","0000-00","0","no battery","V","","µV","","µV"
"07/08/2024","16:33:00","1","default","166358087","001","25.300","min","248.248","μmol/L","Humid","24.279","deg","35527","µV","27.000","°C","1024.000","hPa","38.4","pmil","0","59.850","deg","20.000","°C","100.000","%a.s.","26.990","deg","23.835","°C","1018.000","hPa","0.808","-0.065","0.00038","-0.00034","0","31","Humid","5.00","0","2500.00","34858.62","SADD0002000339 Box 1","ABF1.0.0.0","4.0.0.2353","PSt3","221014-001","6/4/2024 1:58:11 PM","0000-00","0","no battery","V","","µV","","µV"
"07/08/2024","16:33:01","1","default","166358087","001","25.317","min","248.121","μmol/L","Humid","24.284","deg","35526","µV","27.000","°C","1024.000","hPa","38.4","pmil","0","59.850","deg","20.000","°C","100.000","%a.s.","26.990","deg","23.835","°C","1018.000","hPa","0.808","-0.065","0.00038","-0.00034","0","31","Humid","5.00","0","2500.00","34859.78","SADD0002000339 Box 1","ABF1.0.0.0","4.0.0.2353","PSt3","221014-001","6/4/2024 1:58:11 PM","0000-00","0","no battery","V","","µV","","µV"
"07/08/2024","16:33:02","1","default","166358087","001","25.333","min","248.274","μmol/L","Humid","24.278","deg","35527","µV","27.000","°C","1024.000","hPa","38.4","pmil","0","59.850","deg","20.000","°C","100.000","%a.s.","26.990","deg","23.835","°C","1018.000","hPa","0.808","-0.065","0.00038","-0.00034","0","31","Humid","5.00","0","2500.00","34857.67","SADD0002000339 Box 1","ABF1.0.0.0","4.0.0.2353","PSt3","221014-001","6/4/2024 1:58:11 PM","0000-00","0","no battery","V","","µV","","µV"
"07/08/2024","16:33:03","1","default","166358087","001","25.350","min","248.096","μmol/L","Humid","24.285","deg","35529","µV","27.000","°C","1024.000","hPa","38.4","pmil","0","59.850","deg","20.000","°C","100.000","%a.s.","26.990","deg","23.835","°C","1018.000","hPa","0.808","-0.065","0.00038","-0.00034","0","31","Humid","5.00","0","2500.00","34857.54","SADD0002000339 Box 1","ABF1.0.0.0","4.0.0.2353","PSt3","221014-001","6/4/2024 1:58:11 PM","0000-00","0","no battery","V","","µV","","µV"
"07/08/2024","16:33:04","1","default","166358087","001","25.367","min","248.299","μmol/L","Humid","24.277","deg","35531","µV","27.000","°C","1024.000","hPa","38.4","pmil","0","59.850","deg","20.000","°C","100.000","%a.s.","26.990","deg","23.835","°C","1018.000","hPa","0.808","-0.065","0.00038","-0.00034","0","31","Humid","5.00","0","2500.00","34861.90","SADD0002000339 Box 1","ABF1.0.0.0","4.0.0.2353","PSt3","221014-001","6/4/2024 1:58:11 PM","0000-00","0","no battery","V","","µV","","µV"
"07/08/2024","16:33:05","1","default","166358087","001","25.383","min","247.841","μmol/L","Humid","24.295","deg","35530","µV","27.000","°C","1024.000","hPa","38.4","pmil","0","59.850","deg","20.000","°C","100.000","%a.s.","26.990","deg","23.835","°C","1018.000","hPa","0.808","-0.065","0.00038","-0.00034","0","31","Humid","5.00","0","2500.00","34859.80","SADD0002000339 Box 1","ABF1.0.0.0","4.0.0.2353","PSt3","221014-001","6/4/2024 1:58:11 PM","0000-00","0","no battery","V","","µV","","µV"
"07/08/2024","16:33:06","1","default","166358087","001","25.400","min","247.816","μmol/L","Humid","24.296","deg","35531","µV","27.000","°C","1024.000","hPa","38.4","pmil","0","59.850","deg","20.000","°C","100.000","%a.s.","26.990","deg","23.835","°C","1018.000","hPa","0.808","-0.065","0.00038","-0.00034","0","31","Humid","5.00","0","2500.00","34856.69","SADD0002000339 Box 1","ABF1.0.0.0","4.0.0.2353","PSt3","221014-001","6/4/2024 1:58:11 PM","0000-00","0","no battery","V","","µV","","µV"
"07/08/2024","16:33:07","1","default","166358087","001","25.417","min","248.197","μmol/L","Humid","24.281","deg","35532","µV","27.000","°C","1024.000","hPa","38.4","pmil","0","59.850","deg","20.000","°C","100.000","%a.s.","26.990","deg","23.835","°C","1018.000","hPa","0.808","-0.065","0.00038","-0.00034","0","31","Humid","5.00","0","2500.00","34864.23","SADD0002000339 Box 1","ABF1.0.0.0","4.0.0.2353","PSt3","221014-001","6/4/2024 1:58:11 PM","0000-00","0","no battery","V","","µV","","µV"
"07/08/2024","16:33:08","1","default","166358087","001","25.433","min","248.376","μmol/L","Humid","24.274","deg","35530","µV","27.000","°C","1024.000","hPa","38.4","pmil","0","59.850","deg","20.000","°C","100.000","%a.s.","26.990","deg","23.835","°C","1018.000","hPa","0.808","-0.065","0.00038","-0.00034","0","31","Humid","5.00","0","2500.00","34858.96","SADD0002000339 Box 1","ABF1.0.0.0","4.0.0.2353","PSt3","221014-001","6/4/2024 1:58:11 PM","0000-00","0","no battery","V","","µV","","µV"
"07/08/2024","16:33:09","1","default","166358087","001","25.450","min","248.096","μmol/L","Humid","24.285","deg","35534","µV","27.000","°C","1024.000","hPa","38.4","pmil","0","59.850","deg","20.000","°C","100.000","%a.s.","26.990","deg","23.835","°C","1018.000","hPa","0.808","-0.065","0.00038","-0.00034","0","31","Humid","5.00","0","2500.00","34858.94","SADD0002000339 Box 1","ABF1.0.0.0","4.0.0.2353","PSt3","221014-001","6/4/2024 1:58:11 PM","0000-00","0","no battery","V","","µV","","µV"
"07/08/2024","16:33:10","1","default","166358087","001","25.466","min","248.146","μmol/L","Humid","24.283","deg","35533","µV","27.000","°C","1024.000","hPa","38.4","pmil","0","59.850","deg","20.000","°C","100.000","%a.s.","26.990","deg","23.835","°C","1018.000","hPa","0.808","-0.065","0.00038","-0.00034","0","31","Humid","5.00","0","2500.00","34861.99","SADD0002000339 Box 1","ABF1.0.0.0","4.0.0.2353","PSt3","221014-001","6/4/2024 1:58:11 PM","0000-00","0","no battery","V","","µV","","µV"
"07/08/2024","16:33:11","1","default","166358087","001","25.483","min","247.866","μmol/L","Humid","24.294","deg","35533","µV","27.000","°C","1024.000","hPa","38.4","pmil","0","59.850","deg","20.000","°C","100.000","%a.s.","26.990","deg","23.835","°C","1018.000","hPa","0.808","-0.065","0.00038","-0.00034","0","31","Humid","5.00","0","2500.00","34862.69","SADD0002000339 Box 1","ABF1.0.0.0","4.0.0.2353","PSt3","221014-001","6/4/2024 1:58:11 PM","0000-00","0","no battery","V","","µV","","µV"
"07/08/2024","16:33:12","1","default","166358087","001","25.500","min","248.376","μmol/L","Humid","24.274","deg","35534","µV","27.000","°C","1024.000","hPa","38.4","pmil","0","59.850","deg","20.000","°C","100.000","%a.s.","26.990","deg","23.835","°C","1018.000","hPa","0.808","-0.065","0.00038","-0.00034","0","31","Humid","5.00","0","2500.00","34859.05","SADD0002000339 Box 1","ABF1.0.0.0","4.0.0.2353","PSt3","221014-001","6/4/2024 1:58:11 PM","0000-00","0","no battery","V","","µV","","µV"
"07/08/2024","16:33:13","1","default","166358087","001","25.516","min","248.274","μmol/L","Humid","24.278","deg","35534","µV","27.000","°C","1024.000","hPa","38.4","pmil","0","59.850","deg","20.000","°C","100.000","%a.s.","26.990","deg","23.835","°C","1018.000","hPa","0.808","-0.065","0.00038","-0.00034","0","31","Humid","5.00","0","2500.00","34856.40","SADD0002000339 Box 1","ABF1.0.0.0","4.0.0.2353","PSt3","221014-001","6/4/2024 1:58:11 PM","0000-00","0","no battery","V","","µV","","µV"
"07/08/2024","16:33:14","1","default","166358087","001","25.533","min","248.172","μmol/L","Humid","24.282","deg","35537","µV","27.000","°C","1024.000","hPa","38.4","pmil","0","59.850","deg","20.000","°C","100.000","%a.s.","26.990","deg","23.835","°C","1018.000","hPa","0.808","-0.065","0.00038","-0.00034","0","31","Humid","5.00","0","2500.00","34861.83","SADD0002000339 Box 1","ABF1.0.0.0","4.0.0.2353","PSt3","221014-001","6/4/2024 1:58:11 PM","0000-00","0","no battery","V","","µV","","µV"
"07/08/2024","16:33:15","1","default","166358087","001","25.549","min","248.045","μmol/L","Humid","24.287","deg","35538","µV","27.000","°C","1024.000","hPa","38.4","pmil","0","59.850","deg","20.000","°C","100.000","%a.s.","26.990","deg","23.835","°C","1018.000","hPa","0.808","-0.065","0.00038","-0.00034","0","31","Humid","5.00","0","2500.00","34863.14","SADD0002000339 Box 1","ABF1.0.0.0","4.0.0.2353","PSt3","221014-001","6/4/2024 1:58:11 PM","0000-00","0","no battery","V","","µV","","µV"
"07/08/2024","16:33:16","1","default","166358087","001","25.566","min","248.070","μmol/L","Humid","24.286","deg","35538","µV","27.000","°C","1024.000","hPa","38.4","pmil","0","59.850","deg","20.000","°C","100.000","%a.s.","26.990","deg","23.835","°C","1018.000","hPa","0.808","-0.065","0.00038","-0.00034","0","31","Humid","5.00","0","2500.00","34862.50","SADD0002000339 Box 1","ABF1.0.0.0","4.0.0.2353","PSt3","221014-001","6/4/2024 1:58:11 PM","0000-00","0","no battery","V","","µV","","µV"
"07/08/2024","16:33:17","1","default","166358087","001","25.583","min","248.248","μmol/L","Humid","24.279","deg","35540","µV","27.000","°C","1024.000","hPa","38.4","pmil","0","59.850","deg","20.000","°C","100.000","%a.s.","26.990","deg","23.835","°C","1018.000","hPa","0.808","-0.065","0.00038","-0.00034","0","31","Humid","5.00","0","2500.00","34853.34","SADD0002000339 Box 1","ABF1.0.0.0","4.0.0.2353","PSt3","221014-001","6/4/2024 1:58:11 PM","0000-00","0","no battery","V","","µV","","µV"
"07/08/2024","16:33:18","1","default","166358087","001","25.600","min","248.197","μmol/L","Humid","24.281","deg","35537","µV","27.000","°C","1024.000","hPa","38.4","pmil","0","59.850","deg","20.000","°C","100.000","%a.s.","26.990","deg","23.835","°C","1018.000","hPa","0.808","-0.065","0.00038","-0.00034","0","31","Humid","5.00","0","2500.00","34865.01","SADD0002000339 Box 1","ABF1.0.0.0","4.0.0.2353","PSt3","221014-001","6/4/2024 1:58:11 PM","0000-00","0","no battery","V","","µV","","µV"
"07/08/2024","16:33:19","1","default","166358087","001","25.616","min","248.019","μmol/L","Humid","24.288","deg","35540","µV","27.000","°C","1024.000","hPa","38.4","pmil","0","59.850","deg","20.000","°C","100.000","%a.s.","26.990","deg","23.835","°C","1018.000","hPa","0.808","-0.065","0.00038","-0.00034","0","31","Humid","5.00","0","2500.00","34864.22","SADD0002000339 Box 1","ABF1.0.0.0","4.0.0.2353","PSt3","221014-001","6/4/2024 1:58:11 PM","0000-00","0","no battery","V","","µV","","µV"
"07/08/2024","16:33:20","1","default","166358087","001","25.633","min","248.274","μmol/L","Humid","24.278","deg","35537","µV","27.000","°C","1024.000","hPa","38.4","pmil","0","59.850","deg","20.000","°C","100.000","%a.s.","26.990","deg","23.835","°C","1018.000","hPa","0.808","-0.065","0.00038","-0.00034","0","31","Humid","5.00","0","2500.00","34860.66","SADD0002000339 Box 1","ABF1.0.0.0","4.0.0.2353","PSt3","221014-001","6/4/2024 1:58:11 PM","0000-00","0","no battery","V","","µV","","µV"
"07/08/2024","16:33:21","1","default","166358087","001","25.650","min","247.994","μmol/L","Humid","24.289","deg","35537","µV","27.000","°C","1024.000","hPa","38.4","pmil","0","59.850","deg","20.000","°C","100.000","%a.s.","26.990","deg","23.835","°C","1018.000","hPa","0.808","-0.065","0.00038","-0.00034","0","31","Humid","5.00","0","2500.00","34859.40","SADD0002000339 Box 1","ABF1.0.0.0","4.0.0.2353","PSt3","221014-001","6/4/2024 1:58:11 PM","0000-00","0","no battery","V","","µV","","µV"
"07/08/2024","16:33:22","1","default","166358087","001","25.666","min","248.121","μmol/L","Humid","24.284","deg","35542","µV","27.000","°C","1024.000","hPa","38.4","pmil","0","59.850","deg","20.000","°C","100.000","%a.s.","26.990","deg","23.835","°C","1018.000","hPa","0.808","-0.065","0.00038","-0.00034","0","31","Humid","5.00","0","2500.00","34862.59","SADD0002000339 Box 1","ABF1.0.0.0","4.0.0.2353","PSt3","221014-001","6/4/2024 1:58:11 PM","0000-00","0","no battery","V","","µV","","µV"
"07/08/2024","16:33:23","1","default","166358087","001","25.683","min","247.841","μmol/L","Humid","24.295","deg","35545","µV","27.000","°C","1024.000","hPa","38.4","pmil","0","59.850","deg","20.000","°C","100.000","%a.s.","26.990","deg","23.835","°C","1018.000","hPa","0.808","-0.065","0.00038","-0.00034","0","31","Humid","5.00","0","2500.00","34859.16","SADD0002000339 Box 1","ABF1.0.0.0","4.0.0.2353","PSt3","221014-001","6/4/2024 1:58:11 PM","0000-00","0","no battery","V","","µV","","µV"
"07/08/2024","16:33:24","1","default","166358087","001","25.700","min","247.968","μmol/L","Humid","24.290","deg","35543","µV","27.000","°C","1024.000","hPa","38.4","pmil","0","59.850","deg","20.000","°C","100.000","%a.s.","26.990","deg","23.835","°C","1018.000","hPa","0.808","-0.065","0.00038","-0.00034","0","31","Humid","5.00","0","2500.00","34858.26","SADD0002000339 Box 1","ABF1.0.0.0","4.0.0.2353","PSt3","221014-001","6/4/2024 1:58:11 PM","0000-00","0","no battery","V","","µV","","µV"
"07/08/2024","16:33:25","1","default","166358087","001","25.716","min","248.121","μmol/L","Humid","24.284","deg","35549","µV","27.000","°C","1024.000","hPa","38.4","pmil","0","59.850","deg","20.000","°C","100.000","%a.s.","26.990","deg","23.835","°C","1018.000","hPa","0.808","-0.065","0.00038","-0.00034","0","31","Humid","5.00","0","2500.00","34852.31","SADD0002000339 Box 1","ABF1.0.0.0","4.0.0.2353","PSt3","221014-001","6/4/2024 1:58:11 PM","0000-00","0","no battery","V","","µV","","µV"
"07/08/2024","16:33:26","1","default","166358087","001","25.733","min","247.968","μmol/L","Humid","24.290","deg","35542","µV","27.000","°C","1024.000","hPa","38.4","pmil","0","59.850","deg","20.000","°C","100.000","%a.s.","26.990","deg","23.835","°C","1018.000","hPa","0.808","-0.065","0.00038","-0.00034","0","31","Humid","5.00","0","2500.00","34865.53","SADD0002000339 Box 1","ABF1.0.0.0","4.0.0.2353","PSt3","221014-001","6/4/2024 1:58:11 PM","0000-00","0","no battery","V","","µV","","µV"
"07/08/2024","16:33:27","1","default","166358087","001","25.750","min","248.096","μmol/L","Humid","24.285","deg","35542","µV","27.000","°C","1024.000","hPa","38.4","pmil","0","59.850","deg","20.000","°C","100.000","%a.s.","26.990","deg","23.835","°C","1018.000","hPa","0.808","-0.065","0.00038","-0.00034","0","31","Humid","5.00","0","2500.00","34857.56","SADD0002000339 Box 1","ABF1.0.0.0","4.0.0.2353","PSt3","221014-001","6/4/2024 1:58:11 PM","0000-00","0","no battery","V","","µV","","µV"
"07/08/2024","16:33:28","1","default","166358087","001","25.766","min","247.561","μmol/L","Humid","24.306","deg","35551","µV","27.000","°C","1024.000","hPa","38.4","pmil","0","59.850","deg","20.000","°C","100.000","%a.s.","26.990","deg","23.835","°C","1018.000","hPa","0.808","-0.065","0.00038","-0.00034","0","31","Humid","5.00","0","2500.00","34855.96","SADD0002000339 Box 1","ABF1.0.0.0","4.0.0.2353","PSt3","221014-001","6/4/2024 1:58:11 PM","0000-00","0","no battery","V","","µV","","µV"
"07/08/2024","16:33:29","1","default","166358087","001","25.783","min","247.917","μmol/L","Humid","24.292","deg","35543","µV","27.000","°C","1024.000","hPa","38.4","pmil","0","59.850","deg","20.000","°C","100.000","%a.s.","26.990","deg","23.835","°C","1018.000","hPa","0.808","-0.065","0.00038","-0.00034","0","31","Humid","5.00","0","2500.00","34859.83","SADD0002000339 Box 1","ABF1.0.0.0","4.0.0.2353","PSt3","221014-001","6/4/2024 1:58:11 PM","0000-00","0","no battery","V","","µV","","µV"
"07/08/2024","16:33:30","1","default","166358087","001","25.800","min","247.714","μmol/L","Humid","24.300","deg","35547","µV","27.000","°C","1024.000","hPa","38.4","pmil","0","59.850","deg","20.000","°C","100.000","%a.s.","26.990","deg","23.835","°C","1018.000","hPa","0.808","-0.065","0.00038","-0.00034","0","31","Humid","5.00","0","2500.00","34861.13","SADD0002000339 Box 1","ABF1.0.0.0","4.0.0.2353","PSt3","221014-001","6/4/2024 1:58:11 PM","0000-00","0","no battery","V","","µV","","µV"
"07/08/2024","16:33:31","1","default","166358087","001","25.817","min","247.841","μmol/L","Humid","24.295","deg","35550","µV","27.000","°C","1024.000","hPa","38.4","pmil","0","59.850","deg","20.000","°C","100.000","%a.s.","26.990","deg","23.835","°C","1018.000","hPa","0.808","-0.065","0.00038","-0.00034","0","31","Humid","5.00","0","2500.00","34862.56","SADD0002000339 Box 1","ABF1.0.0.0","4.0.0.2353","PSt3","221014-001","6/4/2024 1:58:11 PM","0000-00","0","no battery","V","","µV","","µV"
"07/08/2024","16:33:32","1","default","166358087","001","25.834","min","247.943","μmol/L","Humid","24.291","deg","35553","µV","27.000","°C","1024.000","hPa","38.4","pmil","0","59.850","deg","20.000","°C","100.000","%a.s.","26.990","deg","23.835","°C","1018.000","hPa","0.808","-0.065","0.00038","-0.00034","0","31","Humid","5.00","0","2500.00","34863.66","SADD0002000339 Box 1","ABF1.0.0.0","4.0.0.2353","PSt3","221014-001","6/4/2024 1:58:11 PM","0000-00","0","no battery","V","","µV","","µV"
"07/08/2024","16:33:33","1","default","166358087","001","25.850","min","247.739","μmol/L","Humid","24.299","deg","35553","µV","27.000","°C","1024.000","hPa","38.4","pmil","0","59.850","deg","20.000","°C","100.000","%a.s.","26.990","deg","23.835","°C","1018.000","hPa","0.808","-0.065","0.00038","-0.00034","0","31","Humid","5.00","0","2500.00","34861.24","SADD0002000339 Box 1","ABF1.0.0.0","4.0.0.2353","PSt3","221014-001","6/4/2024 1:58:11 PM","0000-00","0","no battery","V","","µV","","µV"
"07/08/2024","16:33:34","1","default","166358087","001","25.867","min","247.841","μmol/L","Humid","24.295","deg","35555","µV","27.000","°C","1024.000","hPa","38.4","pmil","0","59.850","deg","20.000","°C","100.000","%a.s.","26.990","deg","23.835","°C","1018.000","hPa","0.808","-0.065","0.00038","-0.00034","0","31","Humid","5.00","0","2500.00","34861.67","SADD0002000339 Box 1","ABF1.0.0.0","4.0.0.2353","PSt3","221014-001","6/4/2024 1:58:11 PM","0000-00","0","no battery","V","","µV","","µV"
"07/08/2024","16:33:35","1","default","166358087","001","25.883","min","247.968","μmol/L","Humid","24.290","deg","35549","µV","27.000","°C","1024.000","hPa","38.4","pmil","0","59.850","deg","20.000","°C","100.000","%a.s.","26.990","deg","23.835","°C","1018.000","hPa","0.808","-0.065","0.00038","-0.00034","0","31","Humid","5.00","0","2500.00","34863.24","SADD0002000339 Box 1","ABF1.0.0.0","4.0.0.2353","PSt3","221014-001","6/4/2024 1:58:11 PM","0000-00","0","no battery","V","","µV","","µV"
"07/08/2024","16:33:36","1","default","166358087","001","25.900","min","247.994","μmol/L","Humid","24.289","deg","35544","µV","27.000","°C","1024.000","hPa","38.4","pmil","0","59.850","deg","20.000","°C","100.000","%a.s.","26.990","deg","23.835","°C","1018.000","hPa","0.808","-0.065","0.00038","-0.00034","0","31","Humid","5.00","0","2500.00","34860.21","SADD0002000339 Box 1","ABF1.0.0.0","4.0.0.2353","PSt3","221014-001","6/4/2024 1:58:11 PM","0000-00","0","no battery","V","","µV","","µV"
"07/08/2024","16:33:37","1","default","166358087","001","25.917","min","247.917","μmol/L","Humid","24.292","deg","35550","µV","27.000","°C","1024.000","hPa","38.4","pmil","0","59.850","deg","20.000","°C","100.000","%a.s.","26.990","deg","23.835","°C","1018.000","hPa","0.808","-0.065","0.00038","-0.00034","0","31","Humid","5.00","0","2500.00","34861.55","SADD0002000339 Box 1","ABF1.0.0.0","4.0.0.2353","PSt3","221014-001","6/4/2024 1:58:11 PM","0000-00","0","no battery","V","","µV","","µV"
"07/08/2024","16:33:38","1","default","166358087","001","25.933","min","248.121","μmol/L","Humid","24.284","deg","35551","µV","27.000","°C","1024.000","hPa","38.4","pmil","0","59.850","deg","20.000","°C","100.000","%a.s.","26.990","deg","23.835","°C","1018.000","hPa","0.808","-0.065","0.00038","-0.00034","0","31","Humid","5.00","0","2500.00","34859.99","SADD0002000339 Box 1","ABF1.0.0.0","4.0.0.2353","PSt3","221014-001","6/4/2024 1:58:11 PM","0000-00","0","no battery","V","","µV","","µV"
"07/08/2024","16:33:39","1","default","166358087","001","25.950","min","247.765","μmol/L","Humid","24.298","deg","35553","µV","27.000","°C","1024.000","hPa","38.4","pmil","0","59.850","deg","20.000","°C","100.000","%a.s.","26.990","deg","23.835","°C","1018.000","hPa","0.808","-0.065","0.00038","-0.00034","0","31","Humid","5.00","0","2500.00","34856.28","SADD0002000339 Box 1","ABF1.0.0.0","4.0.0.2353","PSt3","221014-001","6/4/2024 1:58:11 PM","0000-00","0","no battery","V","","µV","","µV"
"07/08/2024","16:33:40","1","default","166358087","001","25.967","min","248.248","μmol/L","Humid","24.279","deg","35554","µV","27.000","°C","1024.000","hPa","38.4","pmil","0","59.850","deg","20.000","°C","100.000","%a.s.","26.990","deg","23.835","°C","1018.000","hPa","0.808","-0.065","0.00038","-0.00034","0","31","Humid","5.00","0","2500.00","34859.83","SADD0002000339 Box 1","ABF1.0.0.0","4.0.0.2353","PSt3","221014-001","6/4/2024 1:58:11 PM","0000-00","0","no battery","V","","µV","","µV"
"07/08/2024","16:33:41","1","default","166358087","001","25.983","min","247.943","μmol/L","Humid","24.291","deg","35556","µV","27.000","°C","1024.000","hPa","38.4","pmil","0","59.850","deg","20.000","°C","100.000","%a.s.","26.990","deg","23.835","°C","1018.000","hPa","0.808","-0.065","0.00038","-0.00034","0","31","Humid","5.00","0","2500.00","34860.76","SADD0002000339 Box 1","ABF1.0.0.0","4.0.0.2353","PSt3","221014-001","6/4/2024 1:58:11 PM","0000-00","0","no battery","V","","µV","","µV"
"07/08/2024","16:33:42","1","default","166358087","001","26.000","min","247.688","μmol/L","Humid","24.301","deg","35560","µV","27.000","°C","1024.000","hPa","38.4","pmil","0","59.850","deg","20.000","°C","100.000","%a.s.","26.990","deg","23.835","°C","1018.000","hPa","0.808","-0.065","0.00038","-0.00034","0","31","Humid","5.00","0","2500.00","34858.27","SADD0002000339 Box 1","ABF1.0.0.0","4.0.0.2353","PSt3","221014-001","6/4/2024 1:58:11 PM","0000-00","0","no battery","V","","µV","","µV"
"07/08/2024","16:33:43","1","default","166358087","001","26.017","min","247.994","μmol/L","Humid","24.289","deg","35550","µV","27.000","°C","1024.000","hPa","38.4","pmil","0","59.850","deg","20.000","°C","100.000","%a.s.","26.990","deg","23.835","°C","1018.000","hPa","0.808","-0.065","0.00038","-0.00034","0","31","Humid","5.00","0","2500.00","34859.17","SADD0002000339 Box 1","ABF1.0.0.0","4.0.0.2353","PSt3","221014-001","6/4/2024 1:58:11 PM","0000-00","0","no battery","V","","µV","","µV"
"07/08/2024","16:33:44","1","default","166358087","001","26.033","min","247.714","μmol/L","Humid","24.300","deg","35552","µV","27.000","°C","1024.000","hPa","38.4","pmil","0","59.850","deg","20.000","°C","100.000","%a.s.","26.990","deg","23.835","°C","1018.000","hPa","0.808","-0.065","0.00038","-0.00034","0","31","Humid","5.00","0","2500.00","34864.40","SADD0002000339 Box 1","ABF1.0.0.0","4.0.0.2353","PSt3","221014-001","6/4/2024 1:58:11 PM","0000-00","0","no battery","V","","µV","","µV"
"07/08/2024","16:33:45","1","default","166358087","001","26.050","min","247.536","μmol/L","Humid","24.307","deg","35553","µV","27.000","°C","1024.000","hPa","38.4","pmil","0","59.850","deg","20.000","°C","100.000","%a.s.","26.990","deg","23.835","°C","1018.000","hPa","0.808","-0.065","0.00038","-0.00034","0","31","Humid","5.00","0","2500.00","34849.48","SADD0002000339 Box 1","ABF1.0.0.0","4.0.0.2353","PSt3","221014-001","6/4/2024 1:58:11 PM","0000-00","0","no battery","V","","µV","","µV"
"07/08/2024","16:33:46","1","default","166358087","001","26.066","min","247.409","μmol/L","Humid","24.312","deg","35557","µV","27.000","°C","1024.000","hPa","38.4","pmil","0","59.850","deg","20.000","°C","100.000","%a.s.","26.990","deg","23.835","°C","1018.000","hPa","0.808","-0.065","0.00038","-0.00034","0","31","Humid","5.00","0","2500.00","34856.97","SADD0002000339 Box 1","ABF1.0.0.0","4.0.0.2353","PSt3","221014-001","6/4/2024 1:58:11 PM","0000-00","0","no battery","V","","µV","","µV"
"07/08/2024","16:33:47","1","default","166358087","001","26.083","min","248.019","μmol/L","Humid","24.288","deg","35552","µV","27.000","°C","1024.000","hPa","38.4","pmil","0","59.850","deg","20.000","°C","100.000","%a.s.","26.990","deg","23.835","°C","1018.000","hPa","0.808","-0.065","0.00038","-0.00034","0","31","Humid","5.00","0","2500.00","34859.91","SADD0002000339 Box 1","ABF1.0.0.0","4.0.0.2353","PSt3","221014-001","6/4/2024 1:58:11 PM","0000-00","0","no battery","V","","µV","","µV"
"07/08/2024","16:33:48","1","default","166358087","001","26.100","min","247.968","μmol/L","Humid","24.290","deg","35562","µV","27.000","°C","1024.000","hPa","38.4","pmil","0","59.850","deg","20.000","°C","100.000","%a.s.","26.990","deg","23.835","°C","1018.000","hPa","0.808","-0.065","0.00038","-0.00034","0","31","Humid","5.00","0","2500.00","34859.86","SADD0002000339 Box 1","ABF1.0.0.0","4.0.0.2353","PSt3","221014-001","6/4/2024 1:58:11 PM","0000-00","0","no battery","V","","µV","","µV"
"07/08/2024","16:33:49","1","default","166358087","001","26.117","min","247.841","μmol/L","Humid","24.295","deg","35558","µV","27.000","°C","1024.000","hPa","38.4","pmil","0","59.850","deg","20.000","°C","100.000","%a.s.","26.990","deg","23.835","°C","1018.000","hPa","0.808","-0.065","0.00038","-0.00034","0","31","Humid","5.00","0","2500.00","34861.66","SADD0002000339 Box 1","ABF1.0.0.0","4.0.0.2353","PSt3","221014-001","6/4/2024 1:58:11 PM","0000-00","0","no battery","V","","µV","","µV"
"07/08/2024","16:33:50","1","default","166358087","001","26.133","min","247.638","μmol/L","Humid","24.303","deg","35560","µV","27.000","°C","1024.000","hPa","38.4","pmil","0","59.850","deg","20.000","°C","100.000","%a.s.","26.990","deg","23.835","°C","1018.000","hPa","0.808","-0.065","0.00038","-0.00034","0","31","Humid","5.00","0","2500.00","34860.60","SADD0002000339 Box 1","ABF1.0.0.0","4.0.0.2353","PSt3","221014-001","6/4/2024 1:58:11 PM","0000-00","0","no battery","V","","µV","","µV"
"07/08/2024","16:33:51","1","default","166358087","001","26.150","min","247.638","μmol/L","Humid","24.303","deg","35561","µV","27.000","°C","1024.000","hPa","38.4","pmil","0","59.850","deg","20.000","°C","100.000","%a.s.","26.990","deg","23.835","°C","1018.000","hPa","0.808","-0.065","0.00038","-0.00034","0","31","Humid","5.00","0","2500.00","34857.18","SADD0002000339 Box 1","ABF1.0.0.0","4.0.0.2353","PSt3","221014-001","6/4/2024 1:58:11 PM","0000-00","0","no battery","V","","µV","","µV"
"07/08/2024","16:33:52","1","default","166358087","001","26.166","min","248.325","μmol/L","Humid","24.276","deg","35560","µV","27.000","°C","1024.000","hPa","38.4","pmil","0","59.850","deg","20.000","°C","100.000","%a.s.","26.990","deg","23.835","°C","1018.000","hPa","0.808","-0.065","0.00038","-0.00034","0","31","Humid","5.00","0","2500.00","34858.45","SADD0002000339 Box 1","ABF1.0.0.0","4.0.0.2353","PSt3","221014-001","6/4/2024 1:58:11 PM","0000-00","0","no battery","V","","µV","","µV"
"07/08/2024","16:33:53","1","default","166358087","001","26.183","min","247.841","μmol/L","Humid","24.295","deg","35561","µV","27.000","°C","1024.000","hPa","38.4","pmil","0","59.850","deg","20.000","°C","100.000","%a.s.","26.990","deg","23.835","°C","1018.000","hPa","0.808","-0.065","0.00038","-0.00034","0","31","Humid","5.00","0","2500.00","34856.50","SADD0002000339 Box 1","ABF1.0.0.0","4.0.0.2353","PSt3","221014-001","6/4/2024 1:58:11 PM","0000-00","0","no battery","V","","µV","","µV"
"07/08/2024","16:33:54","1","default","166358087","001","26.200","min","247.765","μmol/L","Humid","24.298","deg","35560","µV","27.000","°C","1024.000","hPa","38.4","pmil","0","59.850","deg","20.000","°C","100.000","%a.s.","26.990","deg","23.835","°C","1018.000","hPa","0.808","-0.065","0.00038","-0.00034","0","31","Humid","5.00","0","2500.00","34860.88","SADD0002000339 Box 1","ABF1.0.0.0","4.0.0.2353","PSt3","221014-001","6/4/2024 1:58:11 PM","0000-00","0","no battery","V","","µV","","µV"
"07/08/2024","16:33:55","1","default","166358087","001","26.217","min","247.511","μmol/L","Humid","24.308","deg","35563","µV","27.000","°C","1024.000","hPa","38.4","pmil","0","59.850","deg","20.000","°C","100.000","%a.s.","26.990","deg","23.835","°C","1018.000","hPa","0.808","-0.065","0.00038","-0.00034","0","31","Humid","5.00","0","2500.00","34854.41","SADD0002000339 Box 1","ABF1.0.0.0","4.0.0.2353","PSt3","221014-001","6/4/2024 1:58:11 PM","0000-00","0","no battery","V","","µV","","µV"
"07/08/2024","16:33:56","1","default","166358087","001","26.233","min","247.790","μmol/L","Humid","24.297","deg","35566","µV","27.000","°C","1024.000","hPa","38.4","pmil","0","59.850","deg","20.000","°C","100.000","%a.s.","26.990","deg","23.835","°C","1018.000","hPa","0.808","-0.065","0.00038","-0.00034","0","31","Humid","5.00","0","2500.00","34855.04","SADD0002000339 Box 1","ABF1.0.0.0","4.0.0.2353","PSt3","221014-001","6/4/2024 1:58:11 PM","0000-00","0","no battery","V","","µV","","µV"
"07/08/2024","16:33:57","1","default","166358087","001","26.250","min","247.790","μmol/L","Humid","24.297","deg","35565","µV","27.000","°C","1024.000","hPa","38.4","pmil","0","59.850","deg","20.000","°C","100.000","%a.s.","26.990","deg","23.835","°C","1018.000","hPa","0.808","-0.065","0.00038","-0.00034","0","31","Humid","5.00","0","2500.00","34858.15","SADD0002000339 Box 1","ABF1.0.0.0","4.0.0.2353","PSt3","221014-001","6/4/2024 1:58:11 PM","0000-00","0","no battery","V","","µV","","µV"
"07/08/2024","16:33:58","1","default","166358087","001","26.266","min","247.638","μmol/L","Humid","24.303","deg","35566","µV","27.000","°C","1024.000","hPa","38.4","pmil","0","59.850","deg","20.000","°C","100.000","%a.s.","26.990","deg","23.835","°C","1018.000","hPa","0.808","-0.065","0.00038","-0.00034","0","31","Humid","5.00","0","2500.00","34859.21","SADD0002000339 Box 1","ABF1.0.0.0","4.0.0.2353","PSt3","221014-001","6/4/2024 1:58:11 PM","0000-00","0","no battery","V","","µV","","µV"
"07/08/2024","16:33:59","1","default","166358087","001","26.283","min","247.714","μmol/L","Humid","24.300","deg","35565","µV","27.000","°C","1024.000","hPa","38.4","pmil","0","59.850","deg","20.000","°C","100.000","%a.s.","26.990","deg","23.835","°C","1018.000","hPa","0.808","-0.065","0.00038","-0.00034","0","31","Humid","5.00","0","2500.00","34858.07","SADD0002000339 Box 1","ABF1.0.0.0","4.0.0.2353","PSt3","221014-001","6/4/2024 1:58:11 PM","0000-00","0","no battery","V","","µV","","µV"
"07/08/2024","16:34:00","1","default","166358087","001","26.300","min","247.638","μmol/L","Humid","24.303","deg","35572","µV","27.000","°C","1024.000","hPa","38.4","pmil","0","59.850","deg","20.000","°C","100.000","%a.s.","26.990","deg","23.835","°C","1018.000","hPa","0.808","-0.065","0.00038","-0.00034","0","31","Humid","5.00","0","2500.00","34865.57","SADD0002000339 Box 1","ABF1.0.0.0","4.0.0.2353","PSt3","221014-001","6/4/2024 1:58:11 PM","0000-00","0","no battery","V","","µV","","µV"
"07/08/2024","16:34:01","1","default","166358087","001","26.316","min","247.943","μmol/L","Humid","24.291","deg","35563","µV","27.000","°C","1024.000","hPa","38.4","pmil","0","59.850","deg","20.000","°C","100.000","%a.s.","26.990","deg","23.835","°C","1018.000","hPa","0.808","-0.065","0.00038","-0.00034","0","31","Humid","5.00","0","2500.00","34857.18","SADD0002000339 Box 1","ABF1.0.0.0","4.0.0.2353","PSt3","221014-001","6/4/2024 1:58:11 PM","0000-00","0","no battery","V","","µV","","µV"
"07/08/2024","16:34:02","1","default","166358087","001","26.333","min","247.841","μmol/L","Humid","24.295","deg","35567","µV","27.000","°C","1024.000","hPa","38.4","pmil","0","59.850","deg","20.000","°C","100.000","%a.s.","26.990","deg","23.835","°C","1018.000","hPa","0.808","-0.065","0.00038","-0.00034","0","31","Humid","5.00","0","2500.00","34867.45","SADD0002000339 Box 1","ABF1.0.0.0","4.0.0.2353","PSt3","221014-001","6/4/2024 1:58:11 PM","0000-00","0","no battery","V","","µV","","µV"
"07/08/2024","16:34:03","1","default","166358087","001","26.350","min","248.197","μmol/L","Humid","24.281","deg","35572","µV","27.000","°C","1024.000","hPa","38.4","pmil","0","59.850","deg","20.000","°C","100.000","%a.s.","26.990","deg","23.835","°C","1018.000","hPa","0.808","-0.065","0.00038","-0.00034","0","31","Humid","5.00","0","2500.00","34860.53","SADD0002000339 Box 1","ABF1.0.0.0","4.0.0.2353","PSt3","221014-001","6/4/2024 1:58:11 PM","0000-00","0","no battery","V","","µV","","µV"
"07/08/2024","16:34:04","1","default","166358087","001","26.367","min","247.561","μmol/L","Humid","24.306","deg","35565","µV","27.000","°C","1024.000","hPa","38.4","pmil","0","59.850","deg","20.000","°C","100.000","%a.s.","26.990","deg","23.835","°C","1018.000","hPa","0.808","-0.065","0.00038","-0.00034","0","31","Humid","5.00","0","2500.00","34864.27","SADD0002000339 Box 1","ABF1.0.0.0","4.0.0.2353","PSt3","221014-001","6/4/2024 1:58:11 PM","0000-00","0","no battery","V","","µV","","µV"
"07/08/2024","16:34:05","1","default","166358087","001","26.383","min","247.739","μmol/L","Humid","24.299","deg","35566","µV","27.000","°C","1024.000","hPa","38.4","pmil","0","59.850","deg","20.000","°C","100.000","%a.s.","26.990","deg","23.835","°C","1018.000","hPa","0.808","-0.065","0.00038","-0.00034","0","31","Humid","5.00","0","2500.00","34859.56","SADD0002000339 Box 1","ABF1.0.0.0","4.0.0.2353","PSt3","221014-001","6/4/2024 1:58:11 PM","0000-00","0","no battery","V","","µV","","µV"
"07/08/2024","16:34:06","1","default","166358087","001","26.400","min","247.561","μmol/L","Humid","24.306","deg","35566","µV","27.000","°C","1024.000","hPa","38.4","pmil","0","59.850","deg","20.000","°C","100.000","%a.s.","26.990","deg","23.835","°C","1018.000","hPa","0.808","-0.065","0.00038","-0.00034","0","31","Humid","5.00","0","2500.00","34861.20","SADD0002000339 Box 1","ABF1.0.0.0","4.0.0.2353","PSt3","221014-001","6/4/2024 1:58:11 PM","0000-00","0","no battery","V","","µV","","µV"
"07/08/2024","16:34:07","1","default","166358087","001","26.417","min","247.663","μmol/L","Humid","24.302","deg","35570","µV","27.000","°C","1024.000","hPa","38.4","pmil","0","59.850","deg","20.000","°C","100.000","%a.s.","26.990","deg","23.835","°C","1018.000","hPa","0.808","-0.065","0.00038","-0.00034","0","31","Humid","5.00","0","2500.00","34859.93","SADD0002000339 Box 1","ABF1.0.0.0","4.0.0.2353","PSt3","221014-001","6/4/2024 1:58:11 PM","0000-00","0","no battery","V","","µV","","µV"
"07/08/2024","16:34:08","1","default","166358087","001","26.433","min","247.638","μmol/L","Humid","24.303","deg","35573","µV","27.000","°C","1024.000","hPa","38.4","pmil","0","59.850","deg","20.000","°C","100.000","%a.s.","26.990","deg","23.835","°C","1018.000","hPa","0.808","-0.065","0.00038","-0.00034","0","31","Humid","5.00","0","2500.00","34857.09","SADD0002000339 Box 1","ABF1.0.0.0","4.0.0.2353","PSt3","221014-001","6/4/2024 1:58:11 PM","0000-00","0","no battery","V","","µV","","µV"
"07/08/2024","16:34:09","1","default","166358087","001","26.450","min","247.638","μmol/L","Humid","24.303","deg","35565","µV","27.000","°C","1024.000","hPa","38.4","pmil","0","59.850","deg","20.000","°C","100.000","%a.s.","26.990","deg","23.835","°C","1018.000","hPa","0.808","-0.065","0.00038","-0.00034","0","31","Humid","5.00","0","2500.00","34857.83","SADD0002000339 Box 1","ABF1.0.0.0","4.0.0.2353","PSt3","221014-001","6/4/2024 1:58:11 PM","0000-00","0","no battery","V","","µV","","µV"
"07/08/2024","16:34:10","1","default","166358087","001","26.467","min","247.765","μmol/L","Humid","24.298","deg","35566","µV","27.000","°C","1024.000","hPa","38.4","pmil","0","59.850","deg","20.000","°C","100.000","%a.s.","26.990","deg","23.835","°C","1018.000","hPa","0.808","-0.065","0.00038","-0.00034","0","31","Humid","5.00","0","2500.00","34859.93","SADD0002000339 Box 1","ABF1.0.0.0","4.0.0.2353","PSt3","221014-001","6/4/2024 1:58:11 PM","0000-00","0","no battery","V","","µV","","µV"
"07/08/2024","16:34:11","1","default","166358087","001","26.483","min","247.434","μmol/L","Humid","24.311","deg","35576","µV","27.000","°C","1024.000","hPa","38.4","pmil","0","59.850","deg","20.000","°C","100.000","%a.s.","26.990","deg","23.835","°C","1018.000","hPa","0.808","-0.065","0.00038","-0.00034","0","31","Humid","5.00","0","2500.00","34858.84","SADD0002000339 Box 1","ABF1.0.0.0","4.0.0.2353","PSt3","221014-001","6/4/2024 1:58:11 PM","0000-00","0","no battery","V","","µV","","µV"
"07/08/2024","16:34:12","1","default","166358087","001","26.500","min","247.739","μmol/L","Humid","24.299","deg","35570","µV","27.000","°C","1024.000","hPa","38.4","pmil","0","59.850","deg","20.000","°C","100.000","%a.s.","26.990","deg","23.835","°C","1018.000","hPa","0.808","-0.065","0.00038","-0.00034","0","31","Humid","5.00","0","2500.00","34857.48","SADD0002000339 Box 1","ABF1.0.0.0","4.0.0.2353","PSt3","221014-001","6/4/2024 1:58:11 PM","0000-00","0","no battery","V","","µV","","µV"
"07/08/2024","16:34:13","1","default","166358087","001","26.516","min","247.485","μmol/L","Humid","24.309","deg","35569","µV","27.000","°C","1024.000","hPa","38.4","pmil","0","59.850","deg","20.000","°C","100.000","%a.s.","26.990","deg","23.835","°C","1018.000","hPa","0.808","-0.065","0.00038","-0.00034","0","31","Humid","5.00","0","2500.00","34860.53","SADD0002000339 Box 1","ABF1.0.0.0","4.0.0.2353","PSt3","221014-001","6/4/2024 1:58:11 PM","0000-00","0","no battery","V","","µV","","µV"
"07/08/2024","16:34:14","1","default","166358087","001","26.533","min","247.638","μmol/L","Humid","24.303","deg","35572","µV","27.000","°C","1024.000","hPa","38.4","pmil","0","59.850","deg","20.000","°C","100.000","%a.s.","26.990","deg","23.835","°C","1018.000","hPa","0.808","-0.065","0.00038","-0.00034","0","31","Humid","5.00","0","2500.00","34858.92","SADD0002000339 Box 1","ABF1.0.0.0","4.0.0.2353","PSt3","221014-001","6/4/2024 1:58:11 PM","0000-00","0","no battery","V","","µV","","µV"
"07/08/2024","16:34:15","1","default","166358087","001","26.550","min","247.536","μmol/L","Humid","24.307","deg","35570","µV","27.000","°C","1024.000","hPa","38.4","pmil","0","59.850","deg","20.000","°C","100.000","%a.s.","26.990","deg","23.835","°C","1018.000","hPa","0.808","-0.065","0.00038","-0.00034","0","31","Humid","5.00","0","2500.00","34860.86","SADD0002000339 Box 1","ABF1.0.0.0","4.0.0.2353","PSt3","221014-001","6/4/2024 1:58:11 PM","0000-00","0","no battery","V","","µV","","µV"
"07/08/2024","16:34:16","1","default","166358087","001","26.566","min","247.663","μmol/L","Humid","24.302","deg","35571","µV","27.000","°C","1024.000","hPa","38.4","pmil","0","59.850","deg","20.000","°C","100.000","%a.s.","26.990","deg","23.835","°C","1018.000","hPa","0.808","-0.065","0.00038","-0.00034","0","31","Humid","5.00","0","2500.00","34860.13","SADD0002000339 Box 1","ABF1.0.0.0","4.0.0.2353","PSt3","221014-001","6/4/2024 1:58:11 PM","0000-00","0","no battery","V","","µV","","µV"
"07/08/2024","16:34:17","1","default","166358087","001","26.583","min","247.688","μmol/L","Humid","24.301","deg","35572","µV","27.000","°C","1024.000","hPa","38.4","pmil","0","59.850","deg","20.000","°C","100.000","%a.s.","26.990","deg","23.835","°C","1018.000","hPa","0.808","-0.065","0.00038","-0.00034","0","31","Humid","5.00","0","2500.00","34858.77","SADD0002000339 Box 1","ABF1.0.0.0","4.0.0.2353","PSt3","221014-001","6/4/2024 1:58:11 PM","0000-00","0","no battery","V","","µV","","µV"
"07/08/2024","16:34:18","1","default","166358087","001","26.600","min","247.816","μmol/L","Humid","24.296","deg","35571","µV","27.000","°C","1024.000","hPa","38.4","pmil","0","59.850","deg","20.000","°C","100.000","%a.s.","26.990","deg","23.835","°C","1018.000","hPa","0.808","-0.065","0.00038","-0.00034","0","31","Humid","5.00","0","2500.00","34856.31","SADD0002000339 Box 1","ABF1.0.0.0","4.0.0.2353","PSt3","221014-001","6/4/2024 1:58:11 PM","0000-00","0","no battery","V","","µV","","µV"
"07/08/2024","16:34:19","1","default","166358087","001","26.617","min","247.434","μmol/L","Humid","24.311","deg","35577","µV","27.000","°C","1024.000","hPa","38.4","pmil","0","59.850","deg","20.000","°C","100.000","%a.s.","26.990","deg","23.835","°C","1018.000","hPa","0.808","-0.065","0.00038","-0.00034","0","31","Humid","5.00","0","2500.00","34860.82","SADD0002000339 Box 1","ABF1.0.0.0","4.0.0.2353","PSt3","221014-001","6/4/2024 1:58:11 PM","0000-00","0","no battery","V","","µV","","µV"
"07/08/2024","16:34:20","1","default","166358087","001","26.633","min","247.485","μmol/L","Humid","24.309","deg","35580","µV","27.000","°C","1024.000","hPa","38.4","pmil","0","59.850","deg","20.000","°C","100.000","%a.s.","26.990","deg","23.835","°C","1018.000","hPa","0.808","-0.065","0.00038","-0.00034","0","31","Humid","5.00","0","2500.00","34860.51","SADD0002000339 Box 1","ABF1.0.0.0","4.0.0.2353","PSt3","221014-001","6/4/2024 1:58:11 PM","0000-00","0","no battery","V","","µV","","µV"
"07/08/2024","16:34:21","1","default","166358087","001","26.650","min","247.739","μmol/L","Humid","24.299","deg","35578","µV","27.000","°C","1024.000","hPa","38.4","pmil","0","59.850","deg","20.000","°C","100.000","%a.s.","26.990","deg","23.835","°C","1018.000","hPa","0.808","-0.065","0.00038","-0.00034","0","31","Humid","5.00","0","2500.00","34860.36","SADD0002000339 Box 1","ABF1.0.0.0","4.0.0.2353","PSt3","221014-001","6/4/2024 1:58:11 PM","0000-00","0","no battery","V","","µV","","µV"
"07/08/2024","16:34:22","1","default","166358087","001","26.667","min","247.943","μmol/L","Humid","24.291","deg","35573","µV","27.000","°C","1024.000","hPa","38.4","pmil","0","59.850","deg","20.000","°C","100.000","%a.s.","26.990","deg","23.835","°C","1018.000","hPa","0.808","-0.065","0.00038","-0.00034","0","31","Humid","5.00","0","2500.00","34864.45","SADD0002000339 Box 1","ABF1.0.0.0","4.0.0.2353","PSt3","221014-001","6/4/2024 1:58:11 PM","0000-00","0","no battery","V","","µV","","µV"
"07/08/2024","16:34:23","1","default","166358087","001","26.683","min","247.612","μmol/L","Humid","24.304","deg","35580","µV","27.000","°C","1024.000","hPa","38.4","pmil","0","59.850","deg","20.000","°C","100.000","%a.s.","26.990","deg","23.835","°C","1018.000","hPa","0.808","-0.065","0.00038","-0.00034","0","31","Humid","5.00","0","2500.00","34857.81","SADD0002000339 Box 1","ABF1.0.0.0","4.0.0.2353","PSt3","221014-001","6/4/2024 1:58:11 PM","0000-00","0","no battery","V","","µV","","µV"
"07/08/2024","16:34:24","1","default","166358087","001","26.700","min","247.434","μmol/L","Humid","24.311","deg","35571","µV","27.000","°C","1024.000","hPa","38.4","pmil","0","59.850","deg","20.000","°C","100.000","%a.s.","26.990","deg","23.835","°C","1018.000","hPa","0.808","-0.065","0.00038","-0.00034","0","31","Humid","5.00","0","2500.00","34865.00","SADD0002000339 Box 1","ABF1.0.0.0","4.0.0.2353","PSt3","221014-001","6/4/2024 1:58:11 PM","0000-00","0","no battery","V","","µV","","µV"
"07/08/2024","16:34:25","1","default","166358087","001","26.716","min","247.612","μmol/L","Humid","24.304","deg","35573","µV","27.000","°C","1024.000","hPa","38.4","pmil","0","59.850","deg","20.000","°C","100.000","%a.s.","26.990","deg","23.835","°C","1018.000","hPa","0.808","-0.065","0.00038","-0.00034","0","31","Humid","5.00","0","2500.00","34854.53","SADD0002000339 Box 1","ABF1.0.0.0","4.0.0.2353","PSt3","221014-001","6/4/2024 1:58:11 PM","0000-00","0","no battery","V","","µV","","µV"
"07/08/2024","16:34:26","1","default","166358087","001","26.733","min","247.663","μmol/L","Humid","24.302","deg","35573","µV","27.000","°C","1024.000","hPa","38.4","pmil","0","59.850","deg","20.000","°C","100.000","%a.s.","26.990","deg","23.835","°C","1018.000","hPa","0.808","-0.065","0.00038","-0.00034","0","31","Humid","5.00","0","2500.00","34857.03","SADD0002000339 Box 1","ABF1.0.0.0","4.0.0.2353","PSt3","221014-001","6/4/2024 1:58:11 PM","0000-00","0","no battery","V","","µV","","µV"
"07/08/2024","16:34:27","1","default","166358087","001","26.750","min","247.561","μmol/L","Humid","24.306","deg","35583","µV","27.000","°C","1024.000","hPa","38.4","pmil","0","59.850","deg","20.000","°C","100.000","%a.s.","26.990","deg","23.835","°C","1018.000","hPa","0.808","-0.065","0.00038","-0.00034","0","31","Humid","5.00","0","2500.00","34858.18","SADD0002000339 Box 1","ABF1.0.0.0","4.0.0.2353","PSt3","221014-001","6/4/2024 1:58:11 PM","0000-00","0","no battery","V","","µV","","µV"
"07/08/2024","16:34:28","1","default","166358087","001","26.767","min","247.434","μmol/L","Humid","24.311","deg","35582","µV","27.000","°C","1024.000","hPa","38.4","pmil","0","59.850","deg","20.000","°C","100.000","%a.s.","26.990","deg","23.835","°C","1018.000","hPa","0.808","-0.065","0.00038","-0.00034","0","31","Humid","5.00","0","2500.00","34861.00","SADD0002000339 Box 1","ABF1.0.0.0","4.0.0.2353","PSt3","221014-001","6/4/2024 1:58:11 PM","0000-00","0","no battery","V","","µV","","µV"
"07/08/2024","16:34:29","1","default","166358087","001","26.783","min","247.612","μmol/L","Humid","24.304","deg","35578","µV","27.000","°C","1024.000","hPa","38.4","pmil","0","59.850","deg","20.000","°C","100.000","%a.s.","26.990","deg","23.835","°C","1018.000","hPa","0.808","-0.065","0.00038","-0.00034","0","31","Humid","5.00","0","2500.00","34860.32","SADD0002000339 Box 1","ABF1.0.0.0","4.0.0.2353","PSt3","221014-001","6/4/2024 1:58:11 PM","0000-00","0","no battery","V","","µV","","µV"
"07/08/2024","16:34:30","1","default","166358087","001","26.800","min","247.333","μmol/L","Humid","24.315","deg","35578","µV","27.000","°C","1024.000","hPa","38.4","pmil","0","59.850","deg","20.000","°C","100.000","%a.s.","26.990","deg","23.835","°C","1018.000","hPa","0.808","-0.065","0.00038","-0.00034","0","31","Humid","5.00","0","2500.00","34857.12","SADD0002000339 Box 1","ABF1.0.0.0","4.0.0.2353","PSt3","221014-001","6/4/2024 1:58:11 PM","0000-00","0","no battery","V","","µV","","µV"
"07/08/2024","16:34:31","1","default","166358087","001","26.817","min","247.409","μmol/L","Humid","24.312","deg","35578","µV","27.000","°C","1024.000","hPa","38.4","pmil","0","59.850","deg","20.000","°C","100.000","%a.s.","26.990","deg","23.835","°C","1018.000","hPa","0.808","-0.065","0.00038","-0.00034","0","31","Humid","5.00","0","2500.00","34857.87","SADD0002000339 Box 1","ABF1.0.0.0","4.0.0.2353","PSt3","221014-001","6/4/2024 1:58:11 PM","0000-00","0","no battery","V","","µV","","µV"
"07/08/2024","16:34:32","1","default","166358087","001","26.833","min","247.663","μmol/L","Humid","24.302","deg","35574","µV","27.000","°C","1024.000","hPa","38.4","pmil","0","59.850","deg","20.000","°C","100.000","%a.s.","26.990","deg","23.835","°C","1018.000","hPa","0.808","-0.065","0.00038","-0.00034","0","31","Humid","5.00","0","2500.00","34861.13","SADD0002000339 Box 1","ABF1.0.0.0","4.0.0.2353","PSt3","221014-001","6/4/2024 1:58:11 PM","0000-00","0","no battery","V","","µV","","µV"
"07/08/2024","16:34:33","1","default","166358087","001","26.850","min","247.663","μmol/L","Humid","24.302","deg","35589","µV","27.000","°C","1024.000","hPa","38.4","pmil","0","59.850","deg","20.000","°C","100.000","%a.s.","26.990","deg","23.835","°C","1018.000","hPa","0.808","-0.065","0.00038","-0.00034","0","31","Humid","5.00","0","2500.00","34853.25","SADD0002000339 Box 1","ABF1.0.0.0","4.0.0.2353","PSt3","221014-001","6/4/2024 1:58:11 PM","0000-00","0","no battery","V","","µV","","µV"
"07/08/2024","16:34:34","1","default","166358087","001","26.867","min","247.307","μmol/L","Humid","24.316","deg","35582","µV","27.000","°C","1024.000","hPa","38.4","pmil","0","59.850","deg","20.000","°C","100.000","%a.s.","26.990","deg","23.835","°C","1018.000","hPa","0.808","-0.065","0.00038","-0.00034","0","31","Humid","5.00","0","2500.00","34857.12","SADD0002000339 Box 1","ABF1.0.0.0","4.0.0.2353","PSt3","221014-001","6/4/2024 1:58:11 PM","0000-00","0","no battery","V","","µV","","µV"
"07/08/2024","16:34:35","1","default","166358087","001","26.883","min","247.841","μmol/L","Humid","24.295","deg","35586","µV","27.000","°C","1024.000","hPa","38.4","pmil","0","59.850","deg","20.000","°C","100.000","%a.s.","26.990","deg","23.835","°C","1018.000","hPa","0.808","-0.065","0.00038","-0.00034","0","31","Humid","5.00","0","2500.00","34855.19","SADD0002000339 Box 1","ABF1.0.0.0","4.0.0.2353","PSt3","221014-001","6/4/2024 1:58:11 PM","0000-00","0","no battery","V","","µV","","µV"
"07/08/2024","16:34:36","1","default","166358087","001","26.900","min","247.485","μmol/L","Humid","24.309","deg","35587","µV","27.000","°C","1024.000","hPa","38.4","pmil","0","59.850","deg","20.000","°C","100.000","%a.s.","26.990","deg","23.835","°C","1018.000","hPa","0.808","-0.065","0.00038","-0.00034","0","31","Humid","5.00","0","2500.00","34861.71","SADD0002000339 Box 1","ABF1.0.0.0","4.0.0.2353","PSt3","221014-001","6/4/2024 1:58:11 PM","0000-00","0","no battery","V","","µV","","µV"
"07/08/2024","16:34:37","1","default","166358087","001","26.916","min","247.688","μmol/L","Humid","24.301","deg","35581","µV","27.000","°C","1024.000","hPa","38.4","pmil","0","59.850","deg","20.000","°C","100.000","%a.s.","26.990","deg","23.835","°C","1018.000","hPa","0.808","-0.065","0.00038","-0.00034","0","31","Humid","5.00","0","2500.00","34857.80","SADD0002000339 Box 1","ABF1.0.0.0","4.0.0.2353","PSt3","221014-001","6/4/2024 1:58:11 PM","0000-00","0","no battery","V","","µV","","µV"
"07/08/2024","16:34:38","1","default","166358087","001","26.933","min","247.612","μmol/L","Humid","24.304","deg","35585","µV","27.000","°C","1024.000","hPa","38.4","pmil","0","59.850","deg","20.000","°C","100.000","%a.s.","26.990","deg","23.835","°C","1018.000","hPa","0.808","-0.065","0.00038","-0.00034","0","31","Humid","5.00","0","2500.00","34857.83","SADD0002000339 Box 1","ABF1.0.0.0","4.0.0.2353","PSt3","221014-001","6/4/2024 1:58:11 PM","0000-00","0","no battery","V","","µV","","µV"
"07/08/2024","16:34:39","1","default","166358087","001","26.950","min","247.841","μmol/L","Humid","24.295","deg","35578","µV","27.000","°C","1024.000","hPa","38.4","pmil","0","59.850","deg","20.000","°C","100.000","%a.s.","26.990","deg","23.835","°C","1018.000","hPa","0.808","-0.065","0.00038","-0.00034","0","31","Humid","5.00","0","2500.00","34859.11","SADD0002000339 Box 1","ABF1.0.0.0","4.0.0.2353","PSt3","221014-001","6/4/2024 1:58:11 PM","0000-00","0","no battery","V","","µV","","µV"
"07/08/2024","16:34:40","1","default","166358087","001","26.966","min","247.485","μmol/L","Humid","24.309","deg","35583","µV","27.000","°C","1024.000","hPa","38.4","pmil","0","59.850","deg","20.000","°C","100.000","%a.s.","26.990","deg","23.835","°C","1018.000","hPa","0.808","-0.065","0.00038","-0.00034","0","31","Humid","5.00","0","2500.00","34858.10","SADD0002000339 Box 1","ABF1.0.0.0","4.0.0.2353","PSt3","221014-001","6/4/2024 1:58:11 PM","0000-00","0","no battery","V","","µV","","µV"
"07/08/2024","16:34:41","1","default","166358087","001","26.983","min","247.663","μmol/L","Humid","24.302","deg","35586","µV","27.000","°C","1024.000","hPa","38.4","pmil","0","59.850","deg","20.000","°C","100.000","%a.s.","26.990","deg","23.835","°C","1018.000","hPa","0.808","-0.065","0.00038","-0.00034","0","31","Humid","5.00","0","2500.00","34860.42","SADD0002000339 Box 1","ABF1.0.0.0","4.0.0.2353","PSt3","221014-001","6/4/2024 1:58:11 PM","0000-00","0","no battery","V","","µV","","µV"
"07/08/2024","16:34:42","1","default","166358087","001","27.000","min","247.384","μmol/L","Humid","24.313","deg","35586","µV","27.000","°C","1024.000","hPa","38.4","pmil","0","59.850","deg","20.000","°C","100.000","%a.s.","26.990","deg","23.835","°C","1018.000","hPa","0.808","-0.065","0.00038","-0.00034","0","31","Humid","5.00","0","2500.00","34856.31","SADD0002000339 Box 1","ABF1.0.0.0","4.0.0.2353","PSt3","221014-001","6/4/2024 1:58:11 PM","0000-00","0","no battery","V","","µV","","µV"
"07/08/2024","16:34:43","1","default","166358087","001","27.016","min","247.257","μmol/L","Humid","24.318","deg","35584","µV","27.000","°C","1024.000","hPa","38.4","pmil","0","59.850","deg","20.000","°C","100.000","%a.s.","26.990","deg","23.835","°C","1018.000","hPa","0.808","-0.065","0.00038","-0.00034","0","31","Humid","5.00","0","2500.00","34858.54","SADD0002000339 Box 1","ABF1.0.0.0","4.0.0.2353","PSt3","221014-001","6/4/2024 1:58:11 PM","0000-00","0","no battery","V","","µV","","µV"
"07/08/2024","16:34:44","1","default","166358087","001","27.033","min","247.511","μmol/L","Humid","24.308","deg","35590","µV","27.000","°C","1024.000","hPa","38.4","pmil","0","59.850","deg","20.000","°C","100.000","%a.s.","26.990","deg","23.835","°C","1018.000","hPa","0.808","-0.065","0.00038","-0.00034","0","31","Humid","5.00","0","2500.00","34852.70","SADD0002000339 Box 1","ABF1.0.0.0","4.0.0.2353","PSt3","221014-001","6/4/2024 1:58:11 PM","0000-00","0","no battery","V","","µV","","µV"
"07/08/2024","16:34:45","1","default","166358087","001","27.050","min","247.231","μmol/L","Humid","24.319","deg","35583","µV","27.000","°C","1024.000","hPa","38.4","pmil","0","59.850","deg","20.000","°C","100.000","%a.s.","26.990","deg","23.835","°C","1018.000","hPa","0.808","-0.065","0.00038","-0.00034","0","31","Humid","5.00","0","2500.00","34858.24","SADD0002000339 Box 1","ABF1.0.0.0","4.0.0.2353","PSt3","221014-001","6/4/2024 1:58:11 PM","0000-00","0","no battery","V","","µV","","µV"
"07/08/2024","16:34:46","1","default","166358087","001","27.066","min","247.511","μmol/L","Humid","24.308","deg","35582","µV","27.000","°C","1024.000","hPa","38.4","pmil","0","59.850","deg","20.000","°C","100.000","%a.s.","26.990","deg","23.835","°C","1018.000","hPa","0.808","-0.065","0.00038","-0.00034","0","31","Humid","5.00","0","2500.00","34857.20","SADD0002000339 Box 1","ABF1.0.0.0","4.0.0.2353","PSt3","221014-001","6/4/2024 1:58:11 PM","0000-00","0","no battery","V","","µV","","µV"
"07/08/2024","16:34:47","1","default","166358087","001","27.083","min","247.409","μmol/L","Humid","24.312","deg","35578","µV","27.000","°C","1024.000","hPa","38.4","pmil","0","59.850","deg","20.000","°C","100.000","%a.s.","26.990","deg","23.835","°C","1018.000","hPa","0.808","-0.065","0.00038","-0.00034","0","31","Humid","5.00","0","2500.00","34856.37","SADD0002000339 Box 1","ABF1.0.0.0","4.0.0.2353","PSt3","221014-001","6/4/2024 1:58:11 PM","0000-00","0","no battery","V","","µV","","µV"
"07/08/2024","16:34:48","1","default","166358087","001","27.100","min","247.282","μmol/L","Humid","24.317","deg","35582","µV","27.000","°C","1024.000","hPa","38.4","pmil","0","59.850","deg","20.000","°C","100.000","%a.s.","26.990","deg","23.835","°C","1018.000","hPa","0.808","-0.065","0.00038","-0.00034","0","31","Humid","5.00","0","2500.00","34853.11","SADD0002000339 Box 1","ABF1.0.0.0","4.0.0.2353","PSt3","221014-001","6/4/2024 1:58:11 PM","0000-00","0","no battery","V","","µV","","µV"
"07/08/2024","16:34:49","1","default","166358087","001","27.116","min","247.384","μmol/L","Humid","24.313","deg","35581","µV","27.000","°C","1024.000","hPa","38.4","pmil","0","59.850","deg","20.000","°C","100.000","%a.s.","26.990","deg","23.835","°C","1018.000","hPa","0.808","-0.065","0.00038","-0.00034","0","31","Humid","5.00","0","2500.00","34856.41","SADD0002000339 Box 1","ABF1.0.0.0","4.0.0.2353","PSt3","221014-001","6/4/2024 1:58:11 PM","0000-00","0","no battery","V","","µV","","µV"
"07/08/2024","16:34:50","1","default","166358087","001","27.133","min","247.536","μmol/L","Humid","24.307","deg","35583","µV","27.000","°C","1024.000","hPa","38.4","pmil","0","59.850","deg","20.000","°C","100.000","%a.s.","26.990","deg","23.835","°C","1018.000","hPa","0.808","-0.065","0.00038","-0.00034","0","31","Humid","5.00","0","2500.00","34857.48","SADD0002000339 Box 1","ABF1.0.0.0","4.0.0.2353","PSt3","221014-001","6/4/2024 1:58:11 PM","0000-00","0","no battery","V","","µV","","µV"
"07/08/2024","16:34:51","1","default","166358087","001","27.150","min","247.460","μmol/L","Humid","24.310","deg","35583","µV","27.000","°C","1024.000","hPa","38.4","pmil","0","59.850","deg","20.000","°C","100.000","%a.s.","26.990","deg","23.835","°C","1018.000","hPa","0.808","-0.065","0.00038","-0.00034","0","31","Humid","5.00","0","2500.00","34857.30","SADD0002000339 Box 1","ABF1.0.0.0","4.0.0.2353","PSt3","221014-001","6/4/2024 1:58:11 PM","0000-00","0","no battery","V","","µV","","µV"
"07/08/2024","16:34:52","1","default","166358087","001","27.166","min","247.231","μmol/L","Humid","24.319","deg","35582","µV","27.000","°C","1024.000","hPa","38.4","pmil","0","59.850","deg","20.000","°C","100.000","%a.s.","26.990","deg","23.835","°C","1018.000","hPa","0.808","-0.065","0.00038","-0.00034","0","31","Humid","5.00","0","2500.00","34858.67","SADD0002000339 Box 1","ABF1.0.0.0","4.0.0.2353","PSt3","221014-001","6/4/2024 1:58:11 PM","0000-00","0","no battery","V","","µV","","µV"
"07/08/2024","16:34:53","1","default","166358087","001","27.183","min","247.409","μmol/L","Humid","24.312","deg","35582","µV","27.000","°C","1024.000","hPa","38.4","pmil","0","59.850","deg","20.000","°C","100.000","%a.s.","26.990","deg","23.835","°C","1018.000","hPa","0.808","-0.065","0.00038","-0.00034","0","31","Humid","5.00","0","2500.00","34855.99","SADD0002000339 Box 1","ABF1.0.0.0","4.0.0.2353","PSt3","221014-001","6/4/2024 1:58:11 PM","0000-00","0","no battery","V","","µV","","µV"
"07/08/2024","16:34:54","1","default","166358087","001","27.200","min","247.434","μmol/L","Humid","24.311","deg","35584","µV","27.000","°C","1024.000","hPa","38.4","pmil","0","59.850","deg","20.000","°C","100.000","%a.s.","26.990","deg","23.835","°C","1018.000","hPa","0.808","-0.065","0.00038","-0.00034","0","31","Humid","5.00","0","2500.00","34852.91","SADD0002000339 Box 1","ABF1.0.0.0","4.0.0.2353","PSt3","221014-001","6/4/2024 1:58:11 PM","0000-00","0","no battery","V","","µV","","µV"
"07/08/2024","16:34:55","1","default","166358087","001","27.217","min","247.307","μmol/L","Humid","24.316","deg","35586","µV","27.000","°C","1024.000","hPa","38.4","pmil","0","59.850","deg","20.000","°C","100.000","%a.s.","26.990","deg","23.835","°C","1018.000","hPa","0.808","-0.065","0.00038","-0.00034","0","31","Humid","5.00","0","2500.00","34860.22","SADD0002000339 Box 1","ABF1.0.0.0","4.0.0.2353","PSt3","221014-001","6/4/2024 1:58:11 PM","0000-00","0","no battery","V","","µV","","µV"
"07/08/2024","16:34:56","1","default","166358087","001","27.233","min","247.460","μmol/L","Humid","24.310","deg","35584","µV","27.000","°C","1024.000","hPa","38.4","pmil","0","59.850","deg","20.000","°C","100.000","%a.s.","26.990","deg","23.835","°C","1018.000","hPa","0.808","-0.065","0.00038","-0.00034","0","31","Humid","5.00","0","2500.00","34860.29","SADD0002000339 Box 1","ABF1.0.0.0","4.0.0.2353","PSt3","221014-001","6/4/2024 1:58:11 PM","0000-00","0","no battery","V","","µV","","µV"
"07/08/2024","16:34:57","1","default","166358087","001","27.250","min","247.384","μmol/L","Humid","24.313","deg","35583","µV","27.000","°C","1024.000","hPa","38.4","pmil","0","59.850","deg","20.000","°C","100.000","%a.s.","26.990","deg","23.835","°C","1018.000","hPa","0.808","-0.065","0.00038","-0.00034","0","31","Humid","5.00","0","2500.00","34859.65","SADD0002000339 Box 1","ABF1.0.0.0","4.0.0.2353","PSt3","221014-001","6/4/2024 1:58:11 PM","0000-00","0","no battery","V","","µV","","µV"
"07/08/2024","16:34:58","1","default","166358087","001","27.267","min","247.536","μmol/L","Humid","24.307","deg","35583","µV","27.000","°C","1024.000","hPa","38.4","pmil","0","59.850","deg","20.000","°C","100.000","%a.s.","26.990","deg","23.835","°C","1018.000","hPa","0.808","-0.065","0.00038","-0.00034","0","31","Humid","5.00","0","2500.00","34855.84","SADD0002000339 Box 1","ABF1.0.0.0","4.0.0.2353","PSt3","221014-001","6/4/2024 1:58:11 PM","0000-00","0","no battery","V","","µV","","µV"
"07/08/2024","16:34:59","1","default","166358087","001","27.283","min","247.307","μmol/L","Humid","24.316","deg","35583","µV","27.000","°C","1024.000","hPa","38.4","pmil","0","59.850","deg","20.000","°C","100.000","%a.s.","26.990","deg","23.835","°C","1018.000","hPa","0.808","-0.065","0.00038","-0.00034","0","31","Humid","5.00","0","2500.00","34856.95","SADD0002000339 Box 1","ABF1.0.0.0","4.0.0.2353","PSt3","221014-001","6/4/2024 1:58:11 PM","0000-00","0","no battery","V","","µV","","µV"
"07/08/2024","16:35:00","1","default","166358087","001","27.300","min","247.384","μmol/L","Humid","24.313","deg","35588","µV","27.000","°C","1024.000","hPa","38.4","pmil","0","59.850","deg","20.000","°C","100.000","%a.s.","26.990","deg","23.835","°C","1018.000","hPa","0.808","-0.065","0.00038","-0.00034","0","31","Humid","5.00","0","2500.00","34858.91","SADD0002000339 Box 1","ABF1.0.0.0","4.0.0.2353","PSt3","221014-001","6/4/2024 1:58:11 PM","0000-00","0","no battery","V","","µV","","µV"
"07/08/2024","16:35:01","1","default","166358087","001","27.316","min","247.790","μmol/L","Humid","24.297","deg","35588","µV","27.000","°C","1024.000","hPa","38.4","pmil","0","59.850","deg","20.000","°C","100.000","%a.s.","26.990","deg","23.835","°C","1018.000","hPa","0.808","-0.065","0.00038","-0.00034","0","31","Humid","5.00","0","2500.00","34854.37","SADD0002000339 Box 1","ABF1.0.0.0","4.0.0.2353","PSt3","221014-001","6/4/2024 1:58:11 PM","0000-00","0","no battery","V","","µV","","µV"
"07/08/2024","16:35:02","1","default","166358087","001","27.333","min","247.536","μmol/L","Humid","24.307","deg","35586","µV","27.000","°C","1024.000","hPa","38.4","pmil","0","59.850","deg","20.000","°C","100.000","%a.s.","26.990","deg","23.835","°C","1018.000","hPa","0.808","-0.065","0.00038","-0.00034","0","31","Humid","5.00","0","2500.00","34861.64","SADD0002000339 Box 1","ABF1.0.0.0","4.0.0.2353","PSt3","221014-001","6/4/2024 1:58:11 PM","0000-00","0","no battery","V","","µV","","µV"
"07/08/2024","16:35:03","1","default","166358087","001","27.350","min","247.511","μmol/L","Humid","24.308","deg","35587","µV","27.000","°C","1024.000","hPa","38.4","pmil","0","59.850","deg","20.000","°C","100.000","%a.s.","26.990","deg","23.835","°C","1018.000","hPa","0.808","-0.065","0.00038","-0.00034","0","31","Humid","5.00","0","2500.00","34859.78","SADD0002000339 Box 1","ABF1.0.0.0","4.0.0.2353","PSt3","221014-001","6/4/2024 1:58:11 PM","0000-00","0","no battery","V","","µV","","µV"
"07/08/2024","16:35:04","1","default","166358087","001","27.367","min","247.663","μmol/L","Humid","24.302","deg","35589","µV","27.000","°C","1024.000","hPa","38.4","pmil","0","59.850","deg","20.000","°C","100.000","%a.s.","26.990","deg","23.835","°C","1018.000","hPa","0.808","-0.065","0.00038","-0.00034","0","31","Humid","5.00","0","2500.00","34853.36","SADD0002000339 Box 1","ABF1.0.0.0","4.0.0.2353","PSt3","221014-001","6/4/2024 1:58:11 PM","0000-00","0","no battery","V","","µV","","µV"
"07/08/2024","16:35:05","1","default","166358087","001","27.384","min","247.688","μmol/L","Humid","24.301","deg","35585","µV","27.000","°C","1024.000","hPa","38.4","pmil","0","59.850","deg","20.000","°C","100.000","%a.s.","26.990","deg","23.835","°C","1018.000","hPa","0.808","-0.065","0.00038","-0.00034","0","31","Humid","5.00","0","2500.00","34853.98","SADD0002000339 Box 1","ABF1.0.0.0","4.0.0.2353","PSt3","221014-001","6/4/2024 1:58:11 PM","0000-00","0","no battery","V","","µV","","µV"
"07/08/2024","16:35:06","1","default","166358087","001","27.400","min","247.434","μmol/L","Humid","24.311","deg","35593","µV","27.000","°C","1024.000","hPa","38.4","pmil","0","59.850","deg","20.000","°C","100.000","%a.s.","26.990","deg","23.835","°C","1018.000","hPa","0.808","-0.065","0.00038","-0.00034","0","31","Humid","5.00","0","2500.00","34856.07","SADD0002000339 Box 1","ABF1.0.0.0","4.0.0.2353","PSt3","221014-001","6/4/2024 1:58:11 PM","0000-00","0","no battery","V","","µV","","µV"
"07/08/2024","16:35:07","1","default","166358087","001","27.417","min","247.638","μmol/L","Humid","24.303","deg","35592","µV","27.000","°C","1024.000","hPa","38.4","pmil","0","59.850","deg","20.000","°C","100.000","%a.s.","26.990","deg","23.835","°C","1018.000","hPa","0.808","-0.065","0.00038","-0.00034","0","31","Humid","5.00","0","2500.00","34857.91","SADD0002000339 Box 1","ABF1.0.0.0","4.0.0.2353","PSt3","221014-001","6/4/2024 1:58:11 PM","0000-00","0","no battery","V","","µV","","µV"
"07/08/2024","16:35:08","1","default","166358087","001","27.434","min","247.384","μmol/L","Humid","24.313","deg","35585","µV","27.000","°C","1024.000","hPa","38.4","pmil","0","59.850","deg","20.000","°C","100.000","%a.s.","26.990","deg","23.835","°C","1018.000","hPa","0.808","-0.065","0.00038","-0.00034","0","31","Humid","5.00","0","2500.00","34858.54","SADD0002000339 Box 1","ABF1.0.0.0","4.0.0.2353","PSt3","221014-001","6/4/2024 1:58:11 PM","0000-00","0","no battery","V","","µV","","µV"
"07/08/2024","16:35:09","1","default","166358087","001","27.450","min","247.536","μmol/L","Humid","24.307","deg","35591","µV","27.000","°C","1024.000","hPa","38.4","pmil","0","59.850","deg","20.000","°C","100.000","%a.s.","26.990","deg","23.835","°C","1018.000","hPa","0.808","-0.065","0.00038","-0.00034","0","31","Humid","5.00","0","2500.00","34857.94","SADD0002000339 Box 1","ABF1.0.0.0","4.0.0.2353","PSt3","221014-001","6/4/2024 1:58:11 PM","0000-00","0","no battery","V","","µV","","µV"
"07/08/2024","16:35:10","1","default","166358087","001","27.467","min","247.739","μmol/L","Humid","24.299","deg","35591","µV","27.000","°C","1024.000","hPa","38.4","pmil","0","59.850","deg","20.000","°C","100.000","%a.s.","26.990","deg","23.835","°C","1018.000","hPa","0.808","-0.065","0.00038","-0.00034","0","31","Humid","5.00","0","2500.00","34855.28","SADD0002000339 Box 1","ABF1.0.0.0","4.0.0.2353","PSt3","221014-001","6/4/2024 1:58:11 PM","0000-00","0","no battery","V","","µV","","µV"
"07/08/2024","16:35:11","1","default","166358087","001","27.483","min","247.816","μmol/L","Humid","24.296","deg","35590","µV","27.000","°C","1024.000","hPa","38.4","pmil","0","59.850","deg","20.000","°C","100.000","%a.s.","26.990","deg","23.835","°C","1018.000","hPa","0.808","-0.065","0.00038","-0.00034","0","31","Humid","5.00","0","2500.00","34863.21","SADD0002000339 Box 1","ABF1.0.0.0","4.0.0.2353","PSt3","221014-001","6/4/2024 1:58:11 PM","0000-00","0","no battery","V","","µV","","µV"
"07/08/2024","16:35:12","1","default","166358087","001","27.500","min","247.333","μmol/L","Humid","24.315","deg","35589","µV","27.000","°C","1024.000","hPa","38.4","pmil","0","59.850","deg","20.000","°C","100.000","%a.s.","26.990","deg","23.835","°C","1018.000","hPa","0.808","-0.065","0.00038","-0.00034","0","31","Humid","5.00","0","2500.00","34859.07","SADD0002000339 Box 1","ABF1.0.0.0","4.0.0.2353","PSt3","221014-001","6/4/2024 1:58:11 PM","0000-00","0","no battery","V","","µV","","µV"
"07/08/2024","16:35:13","1","default","166358087","001","27.516","min","247.409","μmol/L","Humid","24.312","deg","35596","µV","27.000","°C","1024.000","hPa","38.4","pmil","0","59.850","deg","20.000","°C","100.000","%a.s.","26.990","deg","23.835","°C","1018.000","hPa","0.808","-0.065","0.00038","-0.00034","0","31","Humid","5.00","0","2500.00","34855.07","SADD0002000339 Box 1","ABF1.0.0.0","4.0.0.2353","PSt3","221014-001","6/4/2024 1:58:11 PM","0000-00","0","no battery","V","","µV","","µV"
"07/08/2024","16:35:14","1","default","166358087","001","27.534","min","247.765","μmol/L","Humid","24.298","deg","35596","µV","27.000","°C","1024.000","hPa","38.4","pmil","0","59.850","deg","20.000","°C","100.000","%a.s.","26.990","deg","23.835","°C","1018.000","hPa","0.808","-0.065","0.00038","-0.00034","0","31","Humid","5.00","0","2500.00","34854.09","SADD0002000339 Box 1","ABF1.0.0.0","4.0.0.2353","PSt3","221014-001","6/4/2024 1:58:11 PM","0000-00","0","no battery","V","","µV","","µV"
"07/08/2024","16:35:15","1","default","166358087","001","27.550","min","247.511","μmol/L","Humid","24.308","deg","35590","µV","27.000","°C","1024.000","hPa","38.4","pmil","0","59.850","deg","20.000","°C","100.000","%a.s.","26.990","deg","23.835","°C","1018.000","hPa","0.808","-0.065","0.00038","-0.00034","0","31","Humid","5.00","0","2500.00","34857.50","SADD0002000339 Box 1","ABF1.0.0.0","4.0.0.2353","PSt3","221014-001","6/4/2024 1:58:11 PM","0000-00","0","no battery","V","","µV","","µV"
"07/08/2024","16:35:16","1","default","166358087","001","27.567","min","247.257","μmol/L","Humid","24.318","deg","35590","µV","27.000","°C","1024.000","hPa","38.4","pmil","0","59.850","deg","20.000","°C","100.000","%a.s.","26.990","deg","23.835","°C","1018.000","hPa","0.808","-0.065","0.00038","-0.00034","0","31","Humid","5.00","0","2500.00","34861.24","SADD0002000339 Box 1","ABF1.0.0.0","4.0.0.2353","PSt3","221014-001","6/4/2024 1:58:11 PM","0000-00","0","no battery","V","","µV","","µV"
"07/08/2024","16:35:17","1","default","166358087","001","27.583","min","247.536","μmol/L","Humid","24.307","deg","35591","µV","27.000","°C","1024.000","hPa","38.4","pmil","0","59.850","deg","20.000","°C","100.000","%a.s.","26.990","deg","23.835","°C","1018.000","hPa","0.808","-0.065","0.00038","-0.00034","0","31","Humid","5.00","0","2500.00","34859.11","SADD0002000339 Box 1","ABF1.0.0.0","4.0.0.2353","PSt3","221014-001","6/4/2024 1:58:11 PM","0000-00","0","no battery","V","","µV","","µV"
"07/08/2024","16:35:18","1","default","166358087","001","27.600","min","247.282","μmol/L","Humid","24.317","deg","35594","µV","27.000","°C","1024.000","hPa","38.4","pmil","0","59.850","deg","20.000","°C","100.000","%a.s.","26.990","deg","23.835","°C","1018.000","hPa","0.808","-0.065","0.00038","-0.00034","0","31","Humid","5.00","0","2500.00","34859.26","SADD0002000339 Box 1","ABF1.0.0.0","4.0.0.2353","PSt3","221014-001","6/4/2024 1:58:11 PM","0000-00","0","no battery","V","","µV","","µV"
"07/08/2024","16:35:19","1","default","166358087","001","27.617","min","247.460","μmol/L","Humid","24.310","deg","35594","µV","27.000","°C","1024.000","hPa","38.4","pmil","0","59.850","deg","20.000","°C","100.000","%a.s.","26.990","deg","23.835","°C","1018.000","hPa","0.808","-0.065","0.00038","-0.00034","0","31","Humid","5.00","0","2500.00","34863.07","SADD0002000339 Box 1","ABF1.0.0.0","4.0.0.2353","PSt3","221014-001","6/4/2024 1:58:11 PM","0000-00","0","no battery","V","","µV","","µV"
"07/08/2024","16:35:20","1","default","166358087","001","27.633","min","247.561","μmol/L","Humid","24.306","deg","35592","µV","27.000","°C","1024.000","hPa","38.4","pmil","0","59.850","deg","20.000","°C","100.000","%a.s.","26.990","deg","23.835","°C","1018.000","hPa","0.808","-0.065","0.00038","-0.00034","0","31","Humid","5.00","0","2500.00","34855.60","SADD0002000339 Box 1","ABF1.0.0.0","4.0.0.2353","PSt3","221014-001","6/4/2024 1:58:11 PM","0000-00","0","no battery","V","","µV","","µV"
"07/08/2024","16:35:21","1","default","166358087","001","27.650","min","247.206","μmol/L","Humid","24.320","deg","35597","µV","27.000","°C","1024.000","hPa","38.4","pmil","0","59.850","deg","20.000","°C","100.000","%a.s.","26.990","deg","23.835","°C","1018.000","hPa","0.808","-0.065","0.00038","-0.00034","0","31","Humid","5.00","0","2500.00","34858.84","SADD0002000339 Box 1","ABF1.0.0.0","4.0.0.2353","PSt3","221014-001","6/4/2024 1:58:11 PM","0000-00","0","no battery","V","","µV","","µV"
"07/08/2024","16:35:22","1","default","166358087","001","27.667","min","247.536","μmol/L","Humid","24.307","deg","35591","µV","27.000","°C","1024.000","hPa","38.4","pmil","0","59.850","deg","20.000","°C","100.000","%a.s.","26.990","deg","23.835","°C","1018.000","hPa","0.808","-0.065","0.00038","-0.00034","0","31","Humid","5.00","0","2500.00","34857.93","SADD0002000339 Box 1","ABF1.0.0.0","4.0.0.2353","PSt3","221014-001","6/4/2024 1:58:11 PM","0000-00","0","no battery","V","","µV","","µV"
"07/08/2024","16:35:23","1","default","166358087","001","27.683","min","247.739","μmol/L","Humid","24.299","deg","35597","µV","27.000","°C","1024.000","hPa","38.4","pmil","0","59.850","deg","20.000","°C","100.000","%a.s.","26.990","deg","23.835","°C","1018.000","hPa","0.808","-0.065","0.00038","-0.00034","0","31","Humid","5.00","0","2500.00","34860.94","SADD0002000339 Box 1","ABF1.0.0.0","4.0.0.2353","PSt3","221014-001","6/4/2024 1:58:11 PM","0000-00","0","no battery","V","","µV","","µV"
"07/08/2024","16:35:24","1","default","166358087","001","27.700","min","247.130","μmol/L","Humid","24.323","deg","35591","µV","27.000","°C","1024.000","hPa","38.4","pmil","0","59.850","deg","20.000","°C","100.000","%a.s.","26.990","deg","23.835","°C","1018.000","hPa","0.808","-0.065","0.00038","-0.00034","0","31","Humid","5.00","0","2500.00","34858.02","SADD0002000339 Box 1","ABF1.0.0.0","4.0.0.2353","PSt3","221014-001","6/4/2024 1:58:11 PM","0000-00","0","no battery","V","","µV","","µV"
"07/08/2024","16:35:25","1","default","166358087","001","27.717","min","247.663","μmol/L","Humid","24.302","deg","35595","µV","27.000","°C","1024.000","hPa","38.4","pmil","0","59.850","deg","20.000","°C","100.000","%a.s.","26.990","deg","23.835","°C","1018.000","hPa","0.808","-0.065","0.00038","-0.00034","0","31","Humid","5.00","0","2500.00","34860.47","SADD0002000339 Box 1","ABF1.0.0.0","4.0.0.2353","PSt3","221014-001","6/4/2024 1:58:11 PM","0000-00","0","no battery","V","","µV","","µV"
"07/08/2024","16:35:26","1","default","166358087","001","27.733","min","247.409","μmol/L","Humid","24.312","deg","35593","µV","27.000","°C","1024.000","hPa","38.4","pmil","0","59.850","deg","20.000","°C","100.000","%a.s.","26.990","deg","23.835","°C","1018.000","hPa","0.808","-0.065","0.00038","-0.00034","0","31","Humid","5.00","0","2500.00","34859.95","SADD0002000339 Box 1","ABF1.0.0.0","4.0.0.2353","PSt3","221014-001","6/4/2024 1:58:11 PM","0000-00","0","no battery","V","","µV","","µV"
"07/08/2024","16:35:27","1","default","166358087","001","27.750","min","247.257","μmol/L","Humid","24.318","deg","35595","µV","27.000","°C","1024.000","hPa","38.4","pmil","0","59.850","deg","20.000","°C","100.000","%a.s.","26.990","deg","23.835","°C","1018.000","hPa","0.808","-0.065","0.00038","-0.00034","0","31","Humid","5.00","0","2500.00","34855.89","SADD0002000339 Box 1","ABF1.0.0.0","4.0.0.2353","PSt3","221014-001","6/4/2024 1:58:11 PM","0000-00","0","no battery","V","","µV","","µV"
"07/08/2024","16:35:28","1","default","166358087","001","27.766","min","247.307","μmol/L","Humid","24.316","deg","35597","µV","27.000","°C","1024.000","hPa","38.4","pmil","0","59.850","deg","20.000","°C","100.000","%a.s.","26.990","deg","23.835","°C","1018.000","hPa","0.808","-0.065","0.00038","-0.00034","0","31","Humid","5.00","0","2500.00","34859.32","SADD0002000339 Box 1","ABF1.0.0.0","4.0.0.2353","PSt3","221014-001","6/4/2024 1:58:11 PM","0000-00","0","no battery","V","","µV","","µV"
"07/08/2024","16:35:29","1","default","166358087","001","27.783","min","247.155","μmol/L","Humid","24.322","deg","35596","µV","27.000","°C","1024.000","hPa","38.4","pmil","0","59.850","deg","20.000","°C","100.000","%a.s.","26.990","deg","23.835","°C","1018.000","hPa","0.808","-0.065","0.00038","-0.00034","0","31","Humid","5.00","0","2500.00","34853.73","SADD0002000339 Box 1","ABF1.0.0.0","4.0.0.2353","PSt3","221014-001","6/4/2024 1:58:11 PM","0000-00","0","no battery","V","","µV","","µV"
"07/08/2024","16:35:30","1","default","166358087","001","27.800","min","247.054","μmol/L","Humid","24.326","deg","35596","µV","27.000","°C","1024.000","hPa","38.4","pmil","0","59.850","deg","20.000","°C","100.000","%a.s.","26.990","deg","23.835","°C","1018.000","hPa","0.808","-0.065","0.00038","-0.00034","0","31","Humid","5.00","0","2500.00","34848.17","SADD0002000339 Box 1","ABF1.0.0.0","4.0.0.2353","PSt3","221014-001","6/4/2024 1:58:11 PM","0000-00","0","no battery","V","","µV","","µV"
"07/08/2024","16:35:31","1","default","166358087","001","27.817","min","247.511","μmol/L","Humid","24.308","deg","35596","µV","27.000","°C","1024.000","hPa","38.4","pmil","0","59.850","deg","20.000","°C","100.000","%a.s.","26.990","deg","23.835","°C","1018.000","hPa","0.808","-0.065","0.00038","-0.00034","0","31","Humid","5.00","0","2500.00","34853.98","SADD0002000339 Box 1","ABF1.0.0.0","4.0.0.2353","PSt3","221014-001","6/4/2024 1:58:11 PM","0000-00","0","no battery","V","","µV","","µV"
"07/08/2024","16:35:32","1","default","166358087","001","27.833","min","247.079","μmol/L","Humid","24.325","deg","35596","µV","27.000","°C","1024.000","hPa","38.4","pmil","0","59.850","deg","20.000","°C","100.000","%a.s.","26.990","deg","23.835","°C","1018.000","hPa","0.808","-0.065","0.00038","-0.00034","0","31","Humid","5.00","0","2500.00","34859.47","SADD0002000339 Box 1","ABF1.0.0.0","4.0.0.2353","PSt3","221014-001","6/4/2024 1:58:11 PM","0000-00","0","no battery","V","","µV","","µV"
"07/08/2024","16:35:33","1","default","166358087","001","27.850","min","247.663","μmol/L","Humid","24.302","deg","35599","µV","27.000","°C","1024.000","hPa","38.4","pmil","0","59.850","deg","20.000","°C","100.000","%a.s.","26.990","deg","23.835","°C","1018.000","hPa","0.808","-0.065","0.00038","-0.00034","0","31","Humid","5.00","0","2500.00","34848.29","SADD0002000339 Box 1","ABF1.0.0.0","4.0.0.2353","PSt3","221014-001","6/4/2024 1:58:11 PM","0000-00","0","no battery","V","","µV","","µV"
"07/08/2024","16:35:34","1","default","166358087","001","27.867","min","247.155","μmol/L","Humid","24.322","deg","35597","µV","27.000","°C","1024.000","hPa","38.4","pmil","0","59.850","deg","20.000","°C","100.000","%a.s.","26.990","deg","23.835","°C","1018.000","hPa","0.808","-0.065","0.00038","-0.00034","0","31","Humid","5.00","0","2500.00","34857.98","SADD0002000339 Box 1","ABF1.0.0.0","4.0.0.2353","PSt3","221014-001","6/4/2024 1:58:11 PM","0000-00","0","no battery","V","","µV","","µV"
"07/08/2024","16:35:35","1","default","166358087","001","27.883","min","247.333","μmol/L","Humid","24.315","deg","35603","µV","27.000","°C","1024.000","hPa","38.4","pmil","0","59.850","deg","20.000","°C","100.000","%a.s.","26.990","deg","23.835","°C","1018.000","hPa","0.808","-0.065","0.00038","-0.00034","0","31","Humid","5.00","0","2500.00","34861.68","SADD0002000339 Box 1","ABF1.0.0.0","4.0.0.2353","PSt3","221014-001","6/4/2024 1:58:11 PM","0000-00","0","no battery","V","","µV","","µV"
"07/08/2024","16:35:36","1","default","166358087","001","27.900","min","247.485","μmol/L","Humid","24.309","deg","35589","µV","27.000","°C","1024.000","hPa","38.4","pmil","0","59.850","deg","20.000","°C","100.000","%a.s.","26.990","deg","23.835","°C","1018.000","hPa","0.808","-0.065","0.00038","-0.00034","0","31","Humid","5.00","0","2500.00","34854.29","SADD0002000339 Box 1","ABF1.0.0.0","4.0.0.2353","PSt3","221014-001","6/4/2024 1:58:11 PM","0000-00","0","no battery","V","","µV","","µV"
"07/08/2024","16:35:37","1","default","166358087","001","27.917","min","247.105","μmol/L","Humid","24.324","deg","35596","µV","27.000","°C","1024.000","hPa","38.4","pmil","0","59.850","deg","20.000","°C","100.000","%a.s.","26.990","deg","23.835","°C","1018.000","hPa","0.808","-0.065","0.00038","-0.00034","0","31","Humid","5.00","0","2500.00","34858.74","SADD0002000339 Box 1","ABF1.0.0.0","4.0.0.2353","PSt3","221014-001","6/4/2024 1:58:11 PM","0000-00","0","no battery","V","","µV","","µV"
"07/08/2024","16:35:38","1","default","166358087","001","27.933","min","247.536","μmol/L","Humid","24.307","deg","35592","µV","27.000","°C","1024.000","hPa","38.4","pmil","0","59.850","deg","20.000","°C","100.000","%a.s.","26.990","deg","23.835","°C","1018.000","hPa","0.808","-0.065","0.00038","-0.00034","0","31","Humid","5.00","0","2500.00","34863.92","SADD0002000339 Box 1","ABF1.0.0.0","4.0.0.2353","PSt3","221014-001","6/4/2024 1:58:11 PM","0000-00","0","no battery","V","","µV","","µV"
"07/08/2024","16:35:39","1","default","166358087","001","27.950","min","247.333","μmol/L","Humid","24.315","deg","35597","µV","27.000","°C","1024.000","hPa","38.4","pmil","0","59.850","deg","20.000","°C","100.000","%a.s.","26.990","deg","23.835","°C","1018.000","hPa","0.808","-0.065","0.00038","-0.00034","0","31","Humid","5.00","0","2500.00","34850.54","SADD0002000339 Box 1","ABF1.0.0.0","4.0.0.2353","PSt3","221014-001","6/4/2024 1:58:11 PM","0000-00","0","no battery","V","","µV","","µV"
"07/08/2024","16:35:40","1","default","166358087","001","27.967","min","247.485","μmol/L","Humid","24.309","deg","35597","µV","27.000","°C","1024.000","hPa","38.4","pmil","0","59.850","deg","20.000","°C","100.000","%a.s.","26.990","deg","23.835","°C","1018.000","hPa","0.808","-0.065","0.00038","-0.00034","0","31","Humid","5.00","0","2500.00","34859.29","SADD0002000339 Box 1","ABF1.0.0.0","4.0.0.2353","PSt3","221014-001","6/4/2024 1:58:11 PM","0000-00","0","no battery","V","","µV","","µV"
"07/08/2024","16:35:41","1","default","166358087","001","27.983","min","247.511","μmol/L","Humid","24.308","deg","35601","µV","27.000","°C","1024.000","hPa","38.4","pmil","0","59.850","deg","20.000","°C","100.000","%a.s.","26.990","deg","23.835","°C","1018.000","hPa","0.808","-0.065","0.00038","-0.00034","0","31","Humid","5.00","0","2500.00","34857.15","SADD0002000339 Box 1","ABF1.0.0.0","4.0.0.2353","PSt3","221014-001","6/4/2024 1:58:11 PM","0000-00","0","no battery","V","","µV","","µV"
"07/08/2024","16:35:42","1","default","166358087","001","28.000","min","247.460","μmol/L","Humid","24.310","deg","35599","µV","27.000","°C","1024.000","hPa","38.4","pmil","0","59.850","deg","20.000","°C","100.000","%a.s.","26.990","deg","23.835","°C","1018.000","hPa","0.808","-0.065","0.00038","-0.00034","0","31","Humid","5.00","0","2500.00","34864.52","SADD0002000339 Box 1","ABF1.0.0.0","4.0.0.2353","PSt3","221014-001","6/4/2024 1:58:11 PM","0000-00","0","no battery","V","","µV","","µV"
"07/08/2024","16:35:43","1","default","166358087","001","28.017","min","247.663","μmol/L","Humid","24.302","deg","35604","µV","27.000","°C","1024.000","hPa","38.4","pmil","0","59.850","deg","20.000","°C","100.000","%a.s.","26.990","deg","23.835","°C","1018.000","hPa","0.808","-0.065","0.00038","-0.00034","0","31","Humid","5.00","0","2500.00","34853.59","SADD0002000339 Box 1","ABF1.0.0.0","4.0.0.2353","PSt3","221014-001","6/4/2024 1:58:11 PM","0000-00","0","no battery","V","","µV","","µV"
"07/08/2024","16:35:44","1","default","166358087","001","28.033","min","247.130","μmol/L","Humid","24.323","deg","35599","µV","27.000","°C","1024.000","hPa","38.4","pmil","0","59.850","deg","20.000","°C","100.000","%a.s.","26.990","deg","23.835","°C","1018.000","hPa","0.808","-0.065","0.00038","-0.00034","0","31","Humid","5.00","0","2500.00","34855.96","SADD0002000339 Box 1","ABF1.0.0.0","4.0.0.2353","PSt3","221014-001","6/4/2024 1:58:11 PM","0000-00","0","no battery","V","","µV","","µV"
"07/08/2024","16:35:45","1","default","166358087","001","28.050","min","247.384","μmol/L","Humid","24.313","deg","35603","µV","27.000","°C","1024.000","hPa","38.4","pmil","0","59.850","deg","20.000","°C","100.000","%a.s.","26.990","deg","23.835","°C","1018.000","hPa","0.808","-0.065","0.00038","-0.00034","0","31","Humid","5.00","0","2500.00","34853.70","SADD0002000339 Box 1","ABF1.0.0.0","4.0.0.2353","PSt3","221014-001","6/4/2024 1:58:11 PM","0000-00","0","no battery","V","","µV","","µV"
"07/08/2024","16:35:46","1","default","166358087","001","28.067","min","247.409","μmol/L","Humid","24.312","deg","35600","µV","27.000","°C","1024.000","hPa","38.4","pmil","0","59.850","deg","20.000","°C","100.000","%a.s.","26.990","deg","23.835","°C","1018.000","hPa","0.808","-0.065","0.00038","-0.00034","0","31","Humid","5.00","0","2500.00","34857.26","SADD0002000339 Box 1","ABF1.0.0.0","4.0.0.2353","PSt3","221014-001","6/4/2024 1:58:11 PM","0000-00","0","no battery","V","","µV","","µV"
"07/08/2024","16:35:47","1","default","166358087","001","28.083","min","247.536","μmol/L","Humid","24.307","deg","35599","µV","27.000","°C","1024.000","hPa","38.4","pmil","0","59.850","deg","20.000","°C","100.000","%a.s.","26.990","deg","23.835","°C","1018.000","hPa","0.808","-0.065","0.00038","-0.00034","0","31","Humid","5.00","0","2500.00","34853.50","SADD0002000339 Box 1","ABF1.0.0.0","4.0.0.2353","PSt3","221014-001","6/4/2024 1:58:11 PM","0000-00","0","no battery","V","","µV","","µV"
"07/08/2024","16:35:48","1","default","166358087","001","28.100","min","247.358","μmol/L","Humid","24.314","deg","35598","µV","27.000","°C","1024.000","hPa","38.4","pmil","0","59.850","deg","20.000","°C","100.000","%a.s.","26.990","deg","23.835","°C","1018.000","hPa","0.808","-0.065","0.00038","-0.00034","0","31","Humid","5.00","0","2500.00","34857.27","SADD0002000339 Box 1","ABF1.0.0.0","4.0.0.2353","PSt3","221014-001","6/4/2024 1:58:11 PM","0000-00","0","no battery","V","","µV","","µV"
"07/08/2024","16:35:49","1","default","166358087","001","28.116","min","247.257","μmol/L","Humid","24.318","deg","35597","µV","27.000","°C","1024.000","hPa","38.4","pmil","0","59.850","deg","20.000","°C","100.000","%a.s.","26.990","deg","23.835","°C","1018.000","hPa","0.808","-0.065","0.00038","-0.00034","0","31","Humid","5.00","0","2500.00","34857.32","SADD0002000339 Box 1","ABF1.0.0.0","4.0.0.2353","PSt3","221014-001","6/4/2024 1:58:11 PM","0000-00","0","no battery","V","","µV","","µV"
"07/08/2024","16:35:50","1","default","166358087","001","28.133","min","247.485","μmol/L","Humid","24.309","deg","35604","µV","27.000","°C","1024.000","hPa","38.4","pmil","0","59.850","deg","20.000","°C","100.000","%a.s.","26.990","deg","23.835","°C","1018.000","hPa","0.808","-0.065","0.00038","-0.00034","0","31","Humid","5.00","0","2500.00","34857.58","SADD0002000339 Box 1","ABF1.0.0.0","4.0.0.2353","PSt3","221014-001","6/4/2024 1:58:11 PM","0000-00","0","no battery","V","","µV","","µV"
"07/08/2024","16:35:51","1","default","166358087","001","28.150","min","247.307","μmol/L","Humid","24.316","deg","35603","µV","27.000","°C","1024.000","hPa","38.4","pmil","0","59.850","deg","20.000","°C","100.000","%a.s.","26.990","deg","23.835","°C","1018.000","hPa","0.808","-0.065","0.00038","-0.00034","0","31","Humid","5.00","0","2500.00","34855.07","SADD0002000339 Box 1","ABF1.0.0.0","4.0.0.2353","PSt3","221014-001","6/4/2024 1:58:11 PM","0000-00","0","no battery","V","","µV","","µV"
"07/08/2024","16:35:52","1","default","166358087","001","28.166","min","247.612","μmol/L","Humid","24.304","deg","35605","µV","27.000","°C","1024.000","hPa","38.4","pmil","0","59.850","deg","20.000","°C","100.000","%a.s.","26.990","deg","23.835","°C","1018.000","hPa","0.808","-0.065","0.00038","-0.00034","0","31","Humid","5.00","0","2500.00","34855.57","SADD0002000339 Box 1","ABF1.0.0.0","4.0.0.2353","PSt3","221014-001","6/4/2024 1:58:11 PM","0000-00","0","no battery","V","","µV","","µV"
"07/08/2024","16:35:53","1","default","166358087","001","28.183","min","247.409","μmol/L","Humid","24.312","deg","35599","µV","27.000","°C","1024.000","hPa","38.4","pmil","0","59.850","deg","20.000","°C","100.000","%a.s.","26.990","deg","23.835","°C","1018.000","hPa","0.808","-0.065","0.00038","-0.00034","0","31","Humid","5.00","0","2500.00","34858.13","SADD0002000339 Box 1","ABF1.0.0.0","4.0.0.2353","PSt3","221014-001","6/4/2024 1:58:11 PM","0000-00","0","no battery","V","","µV","","µV"
"07/08/2024","16:35:54","1","default","166358087","001","28.200","min","247.485","μmol/L","Humid","24.309","deg","35603","µV","27.000","°C","1024.000","hPa","38.4","pmil","0","59.850","deg","20.000","°C","100.000","%a.s.","26.990","deg","23.835","°C","1018.000","hPa","0.808","-0.065","0.00038","-0.00034","0","31","Humid","5.00","0","2500.00","34854.48","SADD0002000339 Box 1","ABF1.0.0.0","4.0.0.2353","PSt3","221014-001","6/4/2024 1:58:11 PM","0000-00","0","no battery","V","","µV","","µV"
"07/08/2024","16:35:55","1","default","166358087","001","28.216","min","247.105","μmol/L","Humid","24.324","deg","35603","µV","27.000","°C","1024.000","hPa","38.4","pmil","0","59.850","deg","20.000","°C","100.000","%a.s.","26.990","deg","23.835","°C","1018.000","hPa","0.808","-0.065","0.00038","-0.00034","0","31","Humid","5.00","0","2500.00","34854.61","SADD0002000339 Box 1","ABF1.0.0.0","4.0.0.2353","PSt3","221014-001","6/4/2024 1:58:11 PM","0000-00","0","no battery","V","","µV","","µV"
"07/08/2024","16:35:56","1","default","166358087","001","28.233","min","247.333","μmol/L","Humid","24.315","deg","35601","µV","27.000","°C","1024.000","hPa","38.4","pmil","0","59.850","deg","20.000","°C","100.000","%a.s.","26.990","deg","23.835","°C","1018.000","hPa","0.808","-0.065","0.00038","-0.00034","0","31","Humid","5.00","0","2500.00","34853.85","SADD0002000339 Box 1","ABF1.0.0.0","4.0.0.2353","PSt3","221014-001","6/4/2024 1:58:11 PM","0000-00","0","no battery","V","","µV","","µV"
"07/08/2024","16:35:57","1","default","166358087","001","28.250","min","247.282","μmol/L","Humid","24.317","deg","35602","µV","27.000","°C","1024.000","hPa","38.4","pmil","0","59.850","deg","20.000","°C","100.000","%a.s.","26.990","deg","23.835","°C","1018.000","hPa","0.808","-0.065","0.00038","-0.00034","0","31","Humid","5.00","0","2500.00","34855.31","SADD0002000339 Box 1","ABF1.0.0.0","4.0.0.2353","PSt3","221014-001","6/4/2024 1:58:11 PM","0000-00","0","no battery","V","","µV","","µV"
"07/08/2024","16:35:58","1","default","166358087","001","28.266","min","247.434","μmol/L","Humid","24.311","deg","35602","µV","27.000","°C","1024.000","hPa","38.4","pmil","0","59.850","deg","20.000","°C","100.000","%a.s.","26.990","deg","23.835","°C","1018.000","hPa","0.808","-0.065","0.00038","-0.00034","0","31","Humid","5.00","0","2500.00","34855.18","SADD0002000339 Box 1","ABF1.0.0.0","4.0.0.2353","PSt3","221014-001","6/4/2024 1:58:11 PM","0000-00","0","no battery","V","","µV","","µV"
"07/08/2024","16:35:59","1","default","166358087","001","28.283","min","247.511","μmol/L","Humid","24.308","deg","35595","µV","27.000","°C","1024.000","hPa","38.4","pmil","0","59.850","deg","20.000","°C","100.000","%a.s.","26.990","deg","23.835","°C","1018.000","hPa","0.808","-0.065","0.00038","-0.00034","0","31","Humid","5.00","0","2500.00","34859.35","SADD0002000339 Box 1","ABF1.0.0.0","4.0.0.2353","PSt3","221014-001","6/4/2024 1:58:11 PM","0000-00","0","no battery","V","","µV","","µV"
"07/08/2024","16:36:00","1","default","166358087","001","28.300","min","247.434","μmol/L","Humid","24.311","deg","35602","µV","27.000","°C","1024.000","hPa","38.4","pmil","0","59.850","deg","20.000","°C","100.000","%a.s.","26.990","deg","23.835","°C","1018.000","hPa","0.808","-0.065","0.00038","-0.00034","0","31","Humid","5.00","0","2500.00","34852.32","SADD0002000339 Box 1","ABF1.0.0.0","4.0.0.2353","PSt3","221014-001","6/4/2024 1:58:11 PM","0000-00","0","no battery","V","","µV","","µV"
"07/08/2024","16:36:01","1","default","166358087","001","28.316","min","247.333","μmol/L","Humid","24.315","deg","35603","µV","27.000","°C","1024.000","hPa","38.4","pmil","0","59.850","deg","20.000","°C","100.000","%a.s.","26.990","deg","23.835","°C","1018.000","hPa","0.808","-0.065","0.00038","-0.00034","0","31","Humid","5.00","0","2500.00","34857.71","SADD0002000339 Box 1","ABF1.0.0.0","4.0.0.2353","PSt3","221014-001","6/4/2024 1:58:11 PM","0000-00","0","no battery","V","","µV","","µV"
"07/08/2024","16:36:02","1","default","166358087","001","28.333","min","247.384","μmol/L","Humid","24.313","deg","35601","µV","27.000","°C","1024.000","hPa","38.4","pmil","0","59.850","deg","20.000","°C","100.000","%a.s.","26.990","deg","23.835","°C","1018.000","hPa","0.808","-0.065","0.00038","-0.00034","0","31","Humid","5.00","0","2500.00","34856.33","SADD0002000339 Box 1","ABF1.0.0.0","4.0.0.2353","PSt3","221014-001","6/4/2024 1:58:11 PM","0000-00","0","no battery","V","","µV","","µV"
"07/08/2024","16:36:03","1","default","166358087","001","28.350","min","247.029","μmol/L","Humid","24.327","deg","35603","µV","27.000","°C","1024.000","hPa","38.4","pmil","0","59.850","deg","20.000","°C","100.000","%a.s.","26.990","deg","23.835","°C","1018.000","hPa","0.808","-0.065","0.00038","-0.00034","0","31","Humid","5.00","0","2500.00","34858.58","SADD0002000339 Box 1","ABF1.0.0.0","4.0.0.2353","PSt3","221014-001","6/4/2024 1:58:11 PM","0000-00","0","no battery","V","","µV","","µV"
"07/08/2024","16:36:04","1","default","166358087","001","28.366","min","247.333","μmol/L","Humid","24.315","deg","35603","µV","27.000","°C","1024.000","hPa","38.4","pmil","0","59.850","deg","20.000","°C","100.000","%a.s.","26.990","deg","23.835","°C","1018.000","hPa","0.808","-0.065","0.00038","-0.00034","0","31","Humid","5.00","0","2500.00","34857.40","SADD0002000339 Box 1","ABF1.0.0.0","4.0.0.2353","PSt3","221014-001","6/4/2024 1:58:11 PM","0000-00","0","no battery","V","","µV","","µV"
"07/08/2024","16:36:05","1","default","166358087","001","28.383","min","247.181","μmol/L","Humid","24.321","deg","35600","µV","27.000","°C","1024.000","hPa","38.4","pmil","0","59.850","deg","20.000","°C","100.000","%a.s.","26.990","deg","23.835","°C","1018.000","hPa","0.808","-0.065","0.00038","-0.00034","0","31","Humid","5.00","0","2500.00","34856.37","SADD0002000339 Box 1","ABF1.0.0.0","4.0.0.2353","PSt3","221014-001","6/4/2024 1:58:11 PM","0000-00","0","no battery","V","","µV","","µV"
"07/08/2024","16:36:06","1","default","166358087","001","28.400","min","247.155","μmol/L","Humid","24.322","deg","35599","µV","27.000","°C","1024.000","hPa","38.4","pmil","0","59.850","deg","20.000","°C","100.000","%a.s.","26.990","deg","23.835","°C","1018.000","hPa","0.808","-0.065","0.00038","-0.00034","0","31","Humid","5.00","0","2500.00","34856.17","SADD0002000339 Box 1","ABF1.0.0.0","4.0.0.2353","PSt3","221014-001","6/4/2024 1:58:11 PM","0000-00","0","no battery","V","","µV","","µV"
"07/08/2024","16:36:07","1","default","166358087","001","28.416","min","247.206","μmol/L","Humid","24.320","deg","35604","µV","27.000","°C","1024.000","hPa","38.4","pmil","0","59.850","deg","20.000","°C","100.000","%a.s.","26.990","deg","23.835","°C","1018.000","hPa","0.808","-0.065","0.00038","-0.00034","0","31","Humid","5.00","0","2500.00","34857.57","SADD0002000339 Box 1","ABF1.0.0.0","4.0.0.2353","PSt3","221014-001","6/4/2024 1:58:11 PM","0000-00","0","no battery","V","","µV","","µV"
"07/08/2024","16:36:08","1","default","166358087","001","28.433","min","247.155","μmol/L","Humid","24.322","deg","35610","µV","27.000","°C","1024.000","hPa","38.4","pmil","0","59.850","deg","20.000","°C","100.000","%a.s.","26.990","deg","23.835","°C","1018.000","hPa","0.808","-0.065","0.00038","-0.00034","0","31","Humid","5.00","0","2500.00","34856.42","SADD0002000339 Box 1","ABF1.0.0.0","4.0.0.2353","PSt3","221014-001","6/4/2024 1:58:11 PM","0000-00","0","no battery","V","","µV","","µV"
"07/08/2024","16:36:09","1","default","166358087","001","28.450","min","247.587","μmol/L","Humid","24.305","deg","35610","µV","27.000","°C","1024.000","hPa","38.4","pmil","0","59.850","deg","20.000","°C","100.000","%a.s.","26.990","deg","23.835","°C","1018.000","hPa","0.808","-0.065","0.00038","-0.00034","0","31","Humid","5.00","0","2500.00","34856.26","SADD0002000339 Box 1","ABF1.0.0.0","4.0.0.2353","PSt3","221014-001","6/4/2024 1:58:11 PM","0000-00","0","no battery","V","","µV","","µV"
"07/08/2024","16:36:10","1","default","166358087","001","28.466","min","247.307","μmol/L","Humid","24.316","deg","35604","µV","27.000","°C","1024.000","hPa","38.4","pmil","0","59.850","deg","20.000","°C","100.000","%a.s.","26.990","deg","23.835","°C","1018.000","hPa","0.808","-0.065","0.00038","-0.00034","0","31","Humid","5.00","0","2500.00","34858.56","SADD0002000339 Box 1","ABF1.0.0.0","4.0.0.2353","PSt3","221014-001","6/4/2024 1:58:11 PM","0000-00","0","no battery","V","","µV","","µV"
"07/08/2024","16:36:11","1","default","166358087","001","28.483","min","247.029","μmol/L","Humid","24.327","deg","35607","µV","27.000","°C","1024.000","hPa","38.4","pmil","0","59.850","deg","20.000","°C","100.000","%a.s.","26.990","deg","23.835","°C","1018.000","hPa","0.808","-0.065","0.00038","-0.00034","0","31","Humid","5.00","0","2500.00","34856.53","SADD0002000339 Box 1","ABF1.0.0.0","4.0.0.2353","PSt3","221014-001","6/4/2024 1:58:11 PM","0000-00","0","no battery","V","","µV","","µV"
"07/08/2024","16:36:12","1","default","166358087","001","28.500","min","247.282","μmol/L","Humid","24.317","deg","35612","µV","27.000","°C","1024.000","hPa","38.4","pmil","0","59.850","deg","20.000","°C","100.000","%a.s.","26.990","deg","23.835","°C","1018.000","hPa","0.808","-0.065","0.00038","-0.00034","0","31","Humid","5.00","0","2500.00","34856.28","SADD0002000339 Box 1","ABF1.0.0.0","4.0.0.2353","PSt3","221014-001","6/4/2024 1:58:11 PM","0000-00","0","no battery","V","","µV","","µV"
"07/08/2024","16:36:13","1","default","166358087","001","28.516","min","247.029","μmol/L","Humid","24.327","deg","35610","µV","27.000","°C","1024.000","hPa","38.4","pmil","0","59.850","deg","20.000","°C","100.000","%a.s.","26.990","deg","23.835","°C","1018.000","hPa","0.808","-0.065","0.00038","-0.00034","0","31","Humid","5.00","0","2500.00","34861.26","SADD0002000339 Box 1","ABF1.0.0.0","4.0.0.2353","PSt3","221014-001","6/4/2024 1:58:11 PM","0000-00","0","no battery","V","","µV","","µV"
"07/08/2024","16:36:14","1","default","166358087","001","28.533","min","247.257","μmol/L","Humid","24.318","deg","35603","µV","27.000","°C","1024.000","hPa","38.4","pmil","0","59.850","deg","20.000","°C","100.000","%a.s.","26.990","deg","23.835","°C","1018.000","hPa","0.808","-0.065","0.00038","-0.00034","0","31","Humid","5.00","0","2500.00","34856.10","SADD0002000339 Box 1","ABF1.0.0.0","4.0.0.2353","PSt3","221014-001","6/4/2024 1:58:11 PM","0000-00","0","no battery","V","","µV","","µV"
"07/08/2024","16:36:15","1","default","166358087","001","28.550","min","247.409","μmol/L","Humid","24.312","deg","35608","µV","27.000","°C","1024.000","hPa","38.4","pmil","0","59.850","deg","20.000","°C","100.000","%a.s.","26.990","deg","23.835","°C","1018.000","hPa","0.808","-0.065","0.00038","-0.00034","0","31","Humid","5.00","0","2500.00","34855.02","SADD0002000339 Box 1","ABF1.0.0.0","4.0.0.2353","PSt3","221014-001","6/4/2024 1:58:11 PM","0000-00","0","no battery","V","","µV","","µV"
"07/08/2024","16:36:16","1","default","166358087","001","28.567","min","247.511","μmol/L","Humid","24.308","deg","35604","µV","27.000","°C","1024.000","hPa","38.4","pmil","0","59.850","deg","20.000","°C","100.000","%a.s.","26.990","deg","23.835","°C","1018.000","hPa","0.808","-0.065","0.00038","-0.00034","0","31","Humid","5.00","0","2500.00","34856.64","SADD0002000339 Box 1","ABF1.0.0.0","4.0.0.2353","PSt3","221014-001","6/4/2024 1:58:11 PM","0000-00","0","no battery","V","","µV","","µV"
"07/08/2024","16:36:17","1","default","166358087","001","28.583","min","247.231","μmol/L","Humid","24.319","deg","35607","µV","27.000","°C","1024.000","hPa","38.4","pmil","0","59.850","deg","20.000","°C","100.000","%a.s.","26.990","deg","23.835","°C","1018.000","hPa","0.808","-0.065","0.00038","-0.00034","0","31","Humid","5.00","0","2500.00","34859.00","SADD0002000339 Box 1","ABF1.0.0.0","4.0.0.2353","PSt3","221014-001","6/4/2024 1:58:11 PM","0000-00","0","no battery","V","","µV","","µV"
"07/08/2024","16:36:18","1","default","166358087","001","28.600","min","247.231","μmol/L","Humid","24.319","deg","35609","µV","27.000","°C","1024.000","hPa","38.4","pmil","0","59.850","deg","20.000","°C","100.000","%a.s.","26.990","deg","23.835","°C","1018.000","hPa","0.808","-0.065","0.00038","-0.00034","0","31","Humid","5.00","0","2500.00","34858.06","SADD0002000339 Box 1","ABF1.0.0.0","4.0.0.2353","PSt3","221014-001","6/4/2024 1:58:11 PM","0000-00","0","no battery","V","","µV","","µV"
"07/08/2024","16:36:19","1","default","166358087","001","28.616","min","247.282","μmol/L","Humid","24.317","deg","35612","µV","27.000","°C","1024.000","hPa","38.4","pmil","0","59.850","deg","20.000","°C","100.000","%a.s.","26.990","deg","23.835","°C","1018.000","hPa","0.808","-0.065","0.00038","-0.00034","0","31","Humid","5.00","0","2500.00","34856.39","SADD0002000339 Box 1","ABF1.0.0.0","4.0.0.2353","PSt3","221014-001","6/4/2024 1:58:11 PM","0000-00","0","no battery","V","","µV","","µV"
"07/08/2024","16:36:20","1","default","166358087","001","28.633","min","247.307","μmol/L","Humid","24.316","deg","35610","µV","27.000","°C","1024.000","hPa","38.4","pmil","0","59.850","deg","20.000","°C","100.000","%a.s.","26.990","deg","23.835","°C","1018.000","hPa","0.808","-0.065","0.00038","-0.00034","0","31","Humid","5.00","0","2500.00","34852.42","SADD0002000339 Box 1","ABF1.0.0.0","4.0.0.2353","PSt3","221014-001","6/4/2024 1:58:11 PM","0000-00","0","no battery","V","","µV","","µV"
"07/08/2024","16:36:21","1","default","166358087","001","28.650","min","247.282","μmol/L","Humid","24.317","deg","35607","µV","27.000","°C","1024.000","hPa","38.4","pmil","0","59.850","deg","20.000","°C","100.000","%a.s.","26.990","deg","23.835","°C","1018.000","hPa","0.808","-0.065","0.00038","-0.00034","0","31","Humid","5.00","0","2500.00","34848.22","SADD0002000339 Box 1","ABF1.0.0.0","4.0.0.2353","PSt3","221014-001","6/4/2024 1:58:11 PM","0000-00","0","no battery","V","","µV","","µV"
"07/08/2024","16:36:22","1","default","166358087","001","28.667","min","247.231","μmol/L","Humid","24.319","deg","35608","µV","27.000","°C","1024.000","hPa","38.4","pmil","0","59.850","deg","20.000","°C","100.000","%a.s.","26.990","deg","23.835","°C","1018.000","hPa","0.808","-0.065","0.00038","-0.00034","0","31","Humid","5.00","0","2500.00","34859.92","SADD0002000339 Box 1","ABF1.0.0.0","4.0.0.2353","PSt3","221014-001","6/4/2024 1:58:11 PM","0000-00","0","no battery","V","","µV","","µV"
"07/08/2024","16:36:23","1","default","166358087","001","28.683","min","246.877","μmol/L","Humid","24.333","deg","35618","µV","27.000","°C","1024.000","hPa","38.4","pmil","0","59.850","deg","20.000","°C","100.000","%a.s.","26.990","deg","23.835","°C","1018.000","hPa","0.808","-0.065","0.00038","-0.00034","0","31","Humid","5.00","0","2500.00","34859.16","SADD0002000339 Box 1","ABF1.0.0.0","4.0.0.2353","PSt3","221014-001","6/4/2024 1:58:11 PM","0000-00","0","no battery","V","","µV","","µV"
"07/08/2024","16:36:24","1","default","166358087","001","28.700","min","247.307","μmol/L","Humid","24.316","deg","35608","µV","27.000","°C","1024.000","hPa","38.4","pmil","0","59.850","deg","20.000","°C","100.000","%a.s.","26.990","deg","23.835","°C","1018.000","hPa","0.808","-0.065","0.00038","-0.00034","0","31","Humid","5.00","0","2500.00","34856.20","SADD0002000339 Box 1","ABF1.0.0.0","4.0.0.2353","PSt3","221014-001","6/4/2024 1:58:11 PM","0000-00","0","no battery","V","","µV","","µV"
"07/08/2024","16:36:25","1","default","166358087","001","28.717","min","247.206","μmol/L","Humid","24.320","deg","35610","µV","27.000","°C","1024.000","hPa","38.4","pmil","0","59.850","deg","20.000","°C","100.000","%a.s.","26.990","deg","23.835","°C","1018.000","hPa","0.808","-0.065","0.00038","-0.00034","0","31","Humid","5.00","0","2500.00","34854.39","SADD0002000339 Box 1","ABF1.0.0.0","4.0.0.2353","PSt3","221014-001","6/4/2024 1:58:11 PM","0000-00","0","no battery","V","","µV","","µV"
"07/08/2024","16:36:26","1","default","166358087","001","28.733","min","247.054","μmol/L","Humid","24.326","deg","35614","µV","27.000","°C","1024.000","hPa","38.4","pmil","0","59.850","deg","20.000","°C","100.000","%a.s.","26.990","deg","23.835","°C","1018.000","hPa","0.808","-0.065","0.00038","-0.00034","0","31","Humid","5.00","0","2500.00","34855.53","SADD0002000339 Box 1","ABF1.0.0.0","4.0.0.2353","PSt3","221014-001","6/4/2024 1:58:11 PM","0000-00","0","no battery","V","","µV","","µV"
"07/08/2024","16:36:27","1","default","166358087","001","28.750","min","247.384","μmol/L","Humid","24.313","deg","35608","µV","27.000","°C","1024.000","hPa","38.4","pmil","0","59.850","deg","20.000","°C","100.000","%a.s.","26.990","deg","23.835","°C","1018.000","hPa","0.808","-0.065","0.00038","-0.00034","0","31","Humid","5.00","0","2500.00","34854.43","SADD0002000339 Box 1","ABF1.0.0.0","4.0.0.2353","PSt3","221014-001","6/4/2024 1:58:11 PM","0000-00","0","no battery","V","","µV","","µV"
"07/08/2024","16:36:28","1","default","166358087","001","28.766","min","247.231","μmol/L","Humid","24.319","deg","35609","µV","27.000","°C","1024.000","hPa","38.4","pmil","0","59.850","deg","20.000","°C","100.000","%a.s.","26.990","deg","23.835","°C","1018.000","hPa","0.808","-0.065","0.00038","-0.00034","0","31","Humid","5.00","0","2500.00","34854.60","SADD0002000339 Box 1","ABF1.0.0.0","4.0.0.2353","PSt3","221014-001","6/4/2024 1:58:11 PM","0000-00","0","no battery","V","","µV","","µV"
"07/08/2024","16:36:29","1","default","166358087","001","28.784","min","247.409","μmol/L","Humid","24.312","deg","35610","µV","27.000","°C","1024.000","hPa","38.4","pmil","0","59.850","deg","20.000","°C","100.000","%a.s.","26.990","deg","23.835","°C","1018.000","hPa","0.808","-0.065","0.00038","-0.00034","0","31","Humid","5.00","0","2500.00","34855.07","SADD0002000339 Box 1","ABF1.0.0.0","4.0.0.2353","PSt3","221014-001","6/4/2024 1:58:11 PM","0000-00","0","no battery","V","","µV","","µV"
"07/08/2024","16:36:30","1","default","166358087","001","28.800","min","247.105","μmol/L","Humid","24.324","deg","35612","µV","27.000","°C","1024.000","hPa","38.4","pmil","0","59.850","deg","20.000","°C","100.000","%a.s.","26.990","deg","23.835","°C","1018.000","hPa","0.808","-0.065","0.00038","-0.00034","0","31","Humid","5.00","0","2500.00","34850.84","SADD0002000339 Box 1","ABF1.0.0.0","4.0.0.2353","PSt3","221014-001","6/4/2024 1:58:11 PM","0000-00","0","no battery","V","","µV","","µV"
"07/08/2024","16:36:31","1","default","166358087","001","28.817","min","247.105","μmol/L","Humid","24.324","deg","35614","µV","27.000","°C","1024.000","hPa","38.4","pmil","0","59.850","deg","20.000","°C","100.000","%a.s.","26.990","deg","23.835","°C","1018.000","hPa","0.808","-0.065","0.00038","-0.00034","0","31","Humid","5.00","0","2500.00","34858.07","SADD0002000339 Box 1","ABF1.0.0.0","4.0.0.2353","PSt3","221014-001","6/4/2024 1:58:11 PM","0000-00","0","no battery","V","","µV","","µV"
"07/08/2024","16:36:32","1","default","166358087","001","28.833","min","247.485","μmol/L","Humid","24.309","deg","35613","µV","27.000","°C","1024.000","hPa","38.4","pmil","0","59.850","deg","20.000","°C","100.000","%a.s.","26.990","deg","23.835","°C","1018.000","hPa","0.808","-0.065","0.00038","-0.00034","0","31","Humid","5.00","0","2500.00","34850.73","SADD0002000339 Box 1","ABF1.0.0.0","4.0.0.2353","PSt3","221014-001","6/4/2024 1:58:11 PM","0000-00","0","no battery","V","","µV","","µV"
"07/08/2024","16:36:33","1","default","166358087","001","28.850","min","247.155","μmol/L","Humid","24.322","deg","35613","µV","27.000","°C","1024.000","hPa","38.4","pmil","0","59.850","deg","20.000","°C","100.000","%a.s.","26.990","deg","23.835","°C","1018.000","hPa","0.808","-0.065","0.00038","-0.00034","0","31","Humid","5.00","0","2500.00","34855.83","SADD0002000339 Box 1","ABF1.0.0.0","4.0.0.2353","PSt3","221014-001","6/4/2024 1:58:11 PM","0000-00","0","no battery","V","","µV","","µV"
"07/08/2024","16:36:34","1","default","166358087","001","28.866","min","247.257","μmol/L","Humid","24.318","deg","35614","µV","27.000","°C","1024.000","hPa","38.4","pmil","0","59.850","deg","20.000","°C","100.000","%a.s.","26.990","deg","23.835","°C","1018.000","hPa","0.808","-0.065","0.00038","-0.00034","0","31","Humid","5.00","0","2500.00","34859.60","SADD0002000339 Box 1","ABF1.0.0.0","4.0.0.2353","PSt3","221014-001","6/4/2024 1:58:11 PM","0000-00","0","no battery","V","","µV","","µV"
"07/08/2024","16:36:35","1","default","166358087","001","28.883","min","247.282","μmol/L","Humid","24.317","deg","35618","µV","27.000","°C","1024.000","hPa","38.4","pmil","0","59.850","deg","20.000","°C","100.000","%a.s.","26.990","deg","23.835","°C","1018.000","hPa","0.808","-0.065","0.00038","-0.00034","0","31","Humid","5.00","0","2500.00","34856.15","SADD0002000339 Box 1","ABF1.0.0.0","4.0.0.2353","PSt3","221014-001","6/4/2024 1:58:11 PM","0000-00","0","no battery","V","","µV","","µV"
"07/08/2024","16:36:36","1","default","166358087","001","28.900","min","247.029","μmol/L","Humid","24.327","deg","35612","µV","27.000","°C","1024.000","hPa","38.4","pmil","0","59.850","deg","20.000","°C","100.000","%a.s.","26.990","deg","23.835","°C","1018.000","hPa","0.808","-0.065","0.00038","-0.00034","0","31","Humid","5.00","0","2500.00","34855.19","SADD0002000339 Box 1","ABF1.0.0.0","4.0.0.2353","PSt3","221014-001","6/4/2024 1:58:11 PM","0000-00","0","no battery","V","","µV","","µV"
"07/08/2024","16:36:37","1","default","166358087","001","28.916","min","247.029","μmol/L","Humid","24.327","deg","35618","µV","27.000","°C","1024.000","hPa","38.4","pmil","0","59.850","deg","20.000","°C","100.000","%a.s.","26.990","deg","23.835","°C","1018.000","hPa","0.808","-0.065","0.00038","-0.00034","0","31","Humid","5.00","0","2500.00","34855.84","SADD0002000339 Box 1","ABF1.0.0.0","4.0.0.2353","PSt3","221014-001","6/4/2024 1:58:11 PM","0000-00","0","no battery","V","","µV","","µV"
"07/08/2024","16:36:38","1","default","166358087","001","28.933","min","247.181","μmol/L","Humid","24.321","deg","35617","µV","27.000","°C","1024.000","hPa","38.4","pmil","0","59.850","deg","20.000","°C","100.000","%a.s.","26.990","deg","23.835","°C","1018.000","hPa","0.808","-0.065","0.00038","-0.00034","0","31","Humid","5.00","0","2500.00","34853.34","SADD0002000339 Box 1","ABF1.0.0.0","4.0.0.2353","PSt3","221014-001","6/4/2024 1:58:11 PM","0000-00","0","no battery","V","","µV","","µV"
"07/08/2024","16:36:39","1","default","166358087","001","28.950","min","247.460","μmol/L","Humid","24.310","deg","35619","µV","27.000","°C","1024.000","hPa","38.4","pmil","0","59.850","deg","20.000","°C","100.000","%a.s.","26.990","deg","23.835","°C","1018.000","hPa","0.808","-0.065","0.00038","-0.00034","0","31","Humid","5.00","0","2500.00","34856.86","SADD0002000339 Box 1","ABF1.0.0.0","4.0.0.2353","PSt3","221014-001","6/4/2024 1:58:11 PM","0000-00","0","no battery","V","","µV","","µV"
"07/08/2024","16:36:40","1","default","166358087","001","28.966","min","247.333","μmol/L","Humid","24.315","deg","35616","µV","27.000","°C","1024.000","hPa","38.4","pmil","0","59.850","deg","20.000","°C","100.000","%a.s.","26.990","deg","23.835","°C","1018.000","hPa","0.808","-0.065","0.00038","-0.00034","0","31","Humid","5.00","0","2500.00","34856.09","SADD0002000339 Box 1","ABF1.0.0.0","4.0.0.2353","PSt3","221014-001","6/4/2024 1:58:11 PM","0000-00","0","no battery","V","","µV","","µV"
"07/08/2024","16:36:41","1","default","166358087","001","28.983","min","247.434","μmol/L","Humid","24.311","deg","35616","µV","27.000","°C","1024.000","hPa","38.4","pmil","0","59.850","deg","20.000","°C","100.000","%a.s.","26.990","deg","23.835","°C","1018.000","hPa","0.808","-0.065","0.00038","-0.00034","0","31","Humid","5.00","0","2500.00","34860.96","SADD0002000339 Box 1","ABF1.0.0.0","4.0.0.2353","PSt3","221014-001","6/4/2024 1:58:11 PM","0000-00","0","no battery","V","","µV","","µV"
"07/08/2024","16:36:42","1","default","166358087","001","29.000","min","247.181","μmol/L","Humid","24.321","deg","35616","µV","27.000","°C","1024.000","hPa","38.4","pmil","0","59.850","deg","20.000","°C","100.000","%a.s.","26.990","deg","23.835","°C","1018.000","hPa","0.808","-0.065","0.00038","-0.00034","0","31","Humid","5.00","0","2500.00","34857.82","SADD0002000339 Box 1","ABF1.0.0.0","4.0.0.2353","PSt3","221014-001","6/4/2024 1:58:11 PM","0000-00","0","no battery","V","","µV","","µV"
"07/08/2024","16:36:43","1","default","166358087","001","29.016","min","247.257","μmol/L","Humid","24.318","deg","35619","µV","27.000","°C","1024.000","hPa","38.4","pmil","0","59.850","deg","20.000","°C","100.000","%a.s.","26.990","deg","23.835","°C","1018.000","hPa","0.808","-0.065","0.00038","-0.00034","0","31","Humid","5.00","0","2500.00","34851.66","SADD0002000339 Box 1","ABF1.0.0.0","4.0.0.2353","PSt3","221014-001","6/4/2024 1:58:11 PM","0000-00","0","no battery","V","","µV","","µV"
"07/08/2024","16:36:44","1","default","166358087","001","29.033","min","247.029","μmol/L","Humid","24.327","deg","35615","µV","27.000","°C","1024.000","hPa","38.4","pmil","0","59.850","deg","20.000","°C","100.000","%a.s.","26.990","deg","23.835","°C","1018.000","hPa","0.808","-0.065","0.00038","-0.00034","0","31","Humid","5.00","0","2500.00","34855.01","SADD0002000339 Box 1","ABF1.0.0.0","4.0.0.2353","PSt3","221014-001","6/4/2024 1:58:11 PM","0000-00","0","no battery","V","","µV","","µV"
"07/08/2024","16:36:45","1","default","166358087","001","29.050","min","247.054","μmol/L","Humid","24.326","deg","35616","µV","27.000","°C","1024.000","hPa","38.4","pmil","0","59.850","deg","20.000","°C","100.000","%a.s.","26.990","deg","23.835","°C","1018.000","hPa","0.808","-0.065","0.00038","-0.00034","0","31","Humid","5.00","0","2500.00","34856.84","SADD0002000339 Box 1","ABF1.0.0.0","4.0.0.2353","PSt3","221014-001","6/4/2024 1:58:11 PM","0000-00","0","no battery","V","","µV","","µV"
"07/08/2024","16:36:46","1","default","166358087","001","29.066","min","247.155","μmol/L","Humid","24.322","deg","35622","µV","27.000","°C","1024.000","hPa","38.4","pmil","0","59.850","deg","20.000","°C","100.000","%a.s.","26.990","deg","23.835","°C","1018.000","hPa","0.808","-0.065","0.00038","-0.00034","0","31","Humid","5.00","0","2500.00","34861.39","SADD0002000339 Box 1","ABF1.0.0.0","4.0.0.2353","PSt3","221014-001","6/4/2024 1:58:11 PM","0000-00","0","no battery","V","","µV","","µV"
"07/08/2024","16:36:47","1","default","166358087","001","29.083","min","247.029","μmol/L","Humid","24.327","deg","35624","µV","27.000","°C","1024.000","hPa","38.4","pmil","0","59.850","deg","20.000","°C","100.000","%a.s.","26.990","deg","23.835","°C","1018.000","hPa","0.808","-0.065","0.00038","-0.00034","0","31","Humid","5.00","0","2500.00","34859.68","SADD0002000339 Box 1","ABF1.0.0.0","4.0.0.2353","PSt3","221014-001","6/4/2024 1:58:11 PM","0000-00","0","no battery","V","","µV","","µV"
"07/08/2024","16:36:48","1","default","166358087","001","29.100","min","247.105","μmol/L","Humid","24.324","deg","35619","µV","27.000","°C","1024.000","hPa","38.4","pmil","0","59.850","deg","20.000","°C","100.000","%a.s.","26.990","deg","23.835","°C","1018.000","hPa","0.808","-0.065","0.00038","-0.00034","0","31","Humid","5.00","0","2500.00","34857.54","SADD0002000339 Box 1","ABF1.0.0.0","4.0.0.2353","PSt3","221014-001","6/4/2024 1:58:11 PM","0000-00","0","no battery","V","","µV","","µV"
"07/08/2024","16:36:49","1","default","166358087","001","29.116","min","247.206","μmol/L","Humid","24.320","deg","35619","µV","27.000","°C","1024.000","hPa","38.4","pmil","0","59.850","deg","20.000","°C","100.000","%a.s.","26.990","deg","23.835","°C","1018.000","hPa","0.808","-0.065","0.00038","-0.00034","0","31","Humid","5.00","0","2500.00","34855.42","SADD0002000339 Box 1","ABF1.0.0.0","4.0.0.2353","PSt3","221014-001","6/4/2024 1:58:11 PM","0000-00","0","no battery","V","","µV","","µV"
"07/08/2024","16:36:50","1","default","166358087","001","29.133","min","247.029","μmol/L","Humid","24.327","deg","35622","µV","27.000","°C","1024.000","hPa","38.4","pmil","0","59.850","deg","20.000","°C","100.000","%a.s.","26.990","deg","23.835","°C","1018.000","hPa","0.808","-0.065","0.00038","-0.00034","0","31","Humid","5.00","0","2500.00","34863.69","SADD0002000339 Box 1","ABF1.0.0.0","4.0.0.2353","PSt3","221014-001","6/4/2024 1:58:11 PM","0000-00","0","no battery","V","","µV","","µV"
"07/08/2024","16:36:51","1","default","166358087","001","29.150","min","246.978","μmol/L","Humid","24.329","deg","35618","µV","27.000","°C","1024.000","hPa","38.4","pmil","0","59.850","deg","20.000","°C","100.000","%a.s.","26.990","deg","23.835","°C","1018.000","hPa","0.808","-0.065","0.00038","-0.00034","0","31","Humid","5.00","0","2500.00","34856.47","SADD0002000339 Box 1","ABF1.0.0.0","4.0.0.2353","PSt3","221014-001","6/4/2024 1:58:11 PM","0000-00","0","no battery","V","","µV","","µV"
"07/08/2024","16:36:52","1","default","166358087","001","29.166","min","247.029","μmol/L","Humid","24.327","deg","35622","µV","27.000","°C","1024.000","hPa","38.4","pmil","0","59.850","deg","20.000","°C","100.000","%a.s.","26.990","deg","23.835","°C","1018.000","hPa","0.808","-0.065","0.00038","-0.00034","0","31","Humid","5.00","0","2500.00","34862.10","SADD0002000339 Box 1","ABF1.0.0.0","4.0.0.2353","PSt3","221014-001","6/4/2024 1:58:11 PM","0000-00","0","no battery","V","","µV","","µV"
"07/08/2024","16:36:53","1","default","166358087","001","29.183","min","246.953","μmol/L","Humid","24.330","deg","35619","µV","27.000","°C","1024.000","hPa","38.4","pmil","0","59.850","deg","20.000","°C","100.000","%a.s.","26.990","deg","23.835","°C","1018.000","hPa","0.808","-0.065","0.00038","-0.00034","0","31","Humid","5.00","0","2500.00","34853.18","SADD0002000339 Box 1","ABF1.0.0.0","4.0.0.2353","PSt3","221014-001","6/4/2024 1:58:11 PM","0000-00","0","no battery","V","","µV","","µV"
"07/08/2024","16:36:54","1","default","166358087","001","29.200","min","247.029","μmol/L","Humid","24.327","deg","35627","µV","27.000","°C","1024.000","hPa","38.4","pmil","0","59.850","deg","20.000","°C","100.000","%a.s.","26.990","deg","23.835","°C","1018.000","hPa","0.808","-0.065","0.00038","-0.00034","0","31","Humid","5.00","0","2500.00","34856.32","SADD0002000339 Box 1","ABF1.0.0.0","4.0.0.2353","PSt3","221014-001","6/4/2024 1:58:11 PM","0000-00","0","no battery","V","","µV","","µV"
"07/08/2024","16:36:55","1","default","166358087","001","29.217","min","247.105","μmol/L","Humid","24.324","deg","35627","µV","27.000","°C","1024.000","hPa","38.4","pmil","0","59.850","deg","20.000","°C","100.000","%a.s.","26.990","deg","23.835","°C","1018.000","hPa","0.808","-0.065","0.00038","-0.00034","0","31","Humid","5.00","0","2500.00","34851.97","SADD0002000339 Box 1","ABF1.0.0.0","4.0.0.2353","PSt3","221014-001","6/4/2024 1:58:11 PM","0000-00","0","no battery","V","","µV","","µV"
"07/08/2024","16:36:56","1","default","166358087","001","29.234","min","247.155","μmol/L","Humid","24.322","deg","35629","µV","27.000","°C","1024.000","hPa","38.4","pmil","0","59.850","deg","20.000","°C","100.000","%a.s.","26.990","deg","23.835","°C","1018.000","hPa","0.808","-0.065","0.00038","-0.00034","0","31","Humid","5.00","0","2500.00","34855.98","SADD0002000339 Box 1","ABF1.0.0.0","4.0.0.2353","PSt3","221014-001","6/4/2024 1:58:11 PM","0000-00","0","no battery","V","","µV","","µV"
"07/08/2024","16:36:57","1","default","166358087","001","29.250","min","246.953","μmol/L","Humid","24.330","deg","35621","µV","27.000","°C","1024.000","hPa","38.4","pmil","0","59.850","deg","20.000","°C","100.000","%a.s.","26.990","deg","23.835","°C","1018.000","hPa","0.808","-0.065","0.00038","-0.00034","0","31","Humid","5.00","0","2500.00","34860.18","SADD0002000339 Box 1","ABF1.0.0.0","4.0.0.2353","PSt3","221014-001","6/4/2024 1:58:11 PM","0000-00","0","no battery","V","","µV","","µV"
"07/08/2024","16:36:58","1","default","166358087","001","29.267","min","246.750","μmol/L","Humid","24.338","deg","35627","µV","27.000","°C","1024.000","hPa","38.4","pmil","0","59.850","deg","20.000","°C","100.000","%a.s.","26.990","deg","23.835","°C","1018.000","hPa","0.808","-0.065","0.00038","-0.00034","0","31","Humid","5.00","0","2500.00","34854.72","SADD0002000339 Box 1","ABF1.0.0.0","4.0.0.2353","PSt3","221014-001","6/4/2024 1:58:11 PM","0000-00","0","no battery","V","","µV","","µV"
"07/08/2024","16:36:59","1","default","166358087","001","29.283","min","246.927","μmol/L","Humid","24.331","deg","35627","µV","27.000","°C","1024.000","hPa","38.4","pmil","0","59.850","deg","20.000","°C","100.000","%a.s.","26.990","deg","23.835","°C","1018.000","hPa","0.808","-0.065","0.00038","-0.00034","0","31","Humid","5.00","0","2500.00","34859.95","SADD0002000339 Box 1","ABF1.0.0.0","4.0.0.2353","PSt3","221014-001","6/4/2024 1:58:11 PM","0000-00","0","no battery","V","","µV","","µV"
"07/08/2024","16:37:00","1","default","166358087","001","29.300","min","246.801","μmol/L","Humid","24.336","deg","35628","µV","27.000","°C","1024.000","hPa","38.4","pmil","0","59.850","deg","20.000","°C","100.000","%a.s.","26.990","deg","23.835","°C","1018.000","hPa","0.808","-0.065","0.00038","-0.00034","0","31","Humid","5.00","0","2500.00","34852.84","SADD0002000339 Box 1","ABF1.0.0.0","4.0.0.2353","PSt3","221014-001","6/4/2024 1:58:11 PM","0000-00","0","no battery","V","","µV","","µV"
"07/08/2024","16:37:01","1","default","166358087","001","29.317","min","247.257","μmol/L","Humid","24.318","deg","35625","µV","27.000","°C","1024.000","hPa","38.4","pmil","0","59.850","deg","20.000","°C","100.000","%a.s.","26.990","deg","23.835","°C","1018.000","hPa","0.808","-0.065","0.00038","-0.00034","0","31","Humid","5.00","0","2500.00","34855.07","SADD0002000339 Box 1","ABF1.0.0.0","4.0.0.2353","PSt3","221014-001","6/4/2024 1:58:11 PM","0000-00","0","no battery","V","","µV","","µV"
"07/08/2024","16:37:02","1","default","166358087","001","29.333","min","246.978","μmol/L","Humid","24.329","deg","35632","µV","27.000","°C","1024.000","hPa","38.4","pmil","0","59.850","deg","20.000","°C","100.000","%a.s.","26.990","deg","23.835","°C","1018.000","hPa","0.808","-0.065","0.00038","-0.00034","0","31","Humid","5.00","0","2500.00","34857.25","SADD0002000339 Box 1","ABF1.0.0.0","4.0.0.2353","PSt3","221014-001","6/4/2024 1:58:11 PM","0000-00","0","no battery","V","","µV","","µV"
"07/08/2024","16:37:03","1","default","166358087","001","29.350","min","247.130","μmol/L","Humid","24.323","deg","35625","µV","27.000","°C","1024.000","hPa","38.4","pmil","0","59.850","deg","20.000","°C","100.000","%a.s.","26.990","deg","23.835","°C","1018.000","hPa","0.808","-0.065","0.00038","-0.00034","0","31","Humid","5.00","0","2500.00","34852.10","SADD0002000339 Box 1","ABF1.0.0.0","4.0.0.2353","PSt3","221014-001","6/4/2024 1:58:11 PM","0000-00","0","no battery","V","","µV","","µV"
"07/08/2024","16:37:04","1","default","166358087","001","29.367","min","247.155","μmol/L","Humid","24.322","deg","35627","µV","27.000","°C","1024.000","hPa","38.4","pmil","0","59.850","deg","20.000","°C","100.000","%a.s.","26.990","deg","23.835","°C","1018.000","hPa","0.808","-0.065","0.00038","-0.00034","0","31","Humid","5.00","0","2500.00","34855.30","SADD0002000339 Box 1","ABF1.0.0.0","4.0.0.2353","PSt3","221014-001","6/4/2024 1:58:11 PM","0000-00","0","no battery","V","","µV","","µV"
"07/08/2024","16:37:05","1","default","166358087","001","29.383","min","247.079","μmol/L","Humid","24.325","deg","35630","µV","27.000","°C","1024.000","hPa","38.4","pmil","0","59.850","deg","20.000","°C","100.000","%a.s.","26.990","deg","23.835","°C","1018.000","hPa","0.808","-0.065","0.00038","-0.00034","0","31","Humid","5.00","0","2500.00","34855.45","SADD0002000339 Box 1","ABF1.0.0.0","4.0.0.2353","PSt3","221014-001","6/4/2024 1:58:11 PM","0000-00","0","no battery","V","","µV","","µV"
"07/08/2024","16:37:06","1","default","166358087","001","29.400","min","246.775","μmol/L","Humid","24.337","deg","35639","µV","27.000","°C","1024.000","hPa","38.4","pmil","0","59.850","deg","20.000","°C","100.000","%a.s.","26.990","deg","23.835","°C","1018.000","hPa","0.808","-0.065","0.00038","-0.00034","0","31","Humid","5.00","0","2500.00","34858.83","SADD0002000339 Box 1","ABF1.0.0.0","4.0.0.2353","PSt3","221014-001","6/4/2024 1:58:11 PM","0000-00","0","no battery","V","","µV","","µV"
"07/08/2024","16:37:07","1","default","166358087","001","29.417","min","246.826","μmol/L","Humid","24.335","deg","35633","µV","27.000","°C","1024.000","hPa","38.4","pmil","0","59.850","deg","20.000","°C","100.000","%a.s.","26.990","deg","23.835","°C","1018.000","hPa","0.808","-0.065","0.00038","-0.00034","0","31","Humid","5.00","0","2500.00","34854.19","SADD0002000339 Box 1","ABF1.0.0.0","4.0.0.2353","PSt3","221014-001","6/4/2024 1:58:11 PM","0000-00","0","no battery","V","","µV","","µV"
"07/08/2024","16:37:08","1","default","166358087","001","29.433","min","246.775","μmol/L","Humid","24.337","deg","35624","µV","27.000","°C","1024.000","hPa","38.4","pmil","0","59.850","deg","20.000","°C","100.000","%a.s.","26.990","deg","23.835","°C","1018.000","hPa","0.808","-0.065","0.00038","-0.00034","0","31","Humid","5.00","0","2500.00","34859.14","SADD0002000339 Box 1","ABF1.0.0.0","4.0.0.2353","PSt3","221014-001","6/4/2024 1:58:11 PM","0000-00","0","no battery","V","","µV","","µV"
"07/08/2024","16:37:09","1","default","166358087","001","29.450","min","247.079","μmol/L","Humid","24.325","deg","35636","µV","27.000","°C","1024.000","hPa","38.4","pmil","0","59.850","deg","20.000","°C","100.000","%a.s.","26.990","deg","23.835","°C","1018.000","hPa","0.808","-0.065","0.00038","-0.00034","0","31","Humid","5.00","0","2500.00","34857.57","SADD0002000339 Box 1","ABF1.0.0.0","4.0.0.2353","PSt3","221014-001","6/4/2024 1:58:11 PM","0000-00","0","no battery","V","","µV","","µV"
"07/08/2024","16:37:10","1","default","166358087","001","29.467","min","246.978","μmol/L","Humid","24.329","deg","35633","µV","27.000","°C","1024.000","hPa","38.4","pmil","0","59.850","deg","20.000","°C","100.000","%a.s.","26.990","deg","23.835","°C","1018.000","hPa","0.808","-0.065","0.00038","-0.00034","0","31","Humid","5.00","0","2500.00","34850.94","SADD0002000339 Box 1","ABF1.0.0.0","4.0.0.2353","PSt3","221014-001","6/4/2024 1:58:11 PM","0000-00","0","no battery","V","","µV","","µV"
"07/08/2024","16:37:11","1","default","166358087","001","29.483","min","246.927","μmol/L","Humid","24.331","deg","35628","µV","27.000","°C","1024.000","hPa","38.4","pmil","0","59.850","deg","20.000","°C","100.000","%a.s.","26.990","deg","23.835","°C","1018.000","hPa","0.808","-0.065","0.00038","-0.00034","0","31","Humid","5.00","0","2500.00","34856.50","SADD0002000339 Box 1","ABF1.0.0.0","4.0.0.2353","PSt3","221014-001","6/4/2024 1:58:11 PM","0000-00","0","no battery","V","","µV","","µV"
"07/08/2024","16:37:12","1","default","166358087","001","29.500","min","247.054","μmol/L","Humid","24.326","deg","35631","µV","27.000","°C","1024.000","hPa","38.4","pmil","0","59.850","deg","20.000","°C","100.000","%a.s.","26.990","deg","23.835","°C","1018.000","hPa","0.808","-0.065","0.00038","-0.00034","0","31","Humid","5.00","0","2500.00","34862.51","SADD0002000339 Box 1","ABF1.0.0.0","4.0.0.2353","PSt3","221014-001","6/4/2024 1:58:11 PM","0000-00","0","no battery","V","","µV","","µV"
"07/08/2024","16:37:13","1","default","166358087","001","29.517","min","247.003","μmol/L","Humid","24.328","deg","35626","µV","27.000","°C","1024.000","hPa","38.4","pmil","0","59.850","deg","20.000","°C","100.000","%a.s.","26.990","deg","23.835","°C","1018.000","hPa","0.808","-0.065","0.00038","-0.00034","0","31","Humid","5.00","0","2500.00","34859.22","SADD0002000339 Box 1","ABF1.0.0.0","4.0.0.2353","PSt3","221014-001","6/4/2024 1:58:11 PM","0000-00","0","no battery","V","","µV","","µV"
"07/08/2024","16:37:14","1","default","166358087","001","29.533","min","246.927","μmol/L","Humid","24.331","deg","35635","µV","27.000","°C","1024.000","hPa","38.4","pmil","0","59.850","deg","20.000","°C","100.000","%a.s.","26.990","deg","23.835","°C","1018.000","hPa","0.808","-0.065","0.00038","-0.00034","0","31","Humid","5.00","0","2500.00","34856.92","SADD0002000339 Box 1","ABF1.0.0.0","4.0.0.2353","PSt3","221014-001","6/4/2024 1:58:11 PM","0000-00","0","no battery","V","","µV","","µV"
"07/08/2024","16:37:15","1","default","166358087","001","29.550","min","247.054","μmol/L","Humid","24.326","deg","35635","µV","27.000","°C","1024.000","hPa","38.4","pmil","0","59.850","deg","20.000","°C","100.000","%a.s.","26.990","deg","23.835","°C","1018.000","hPa","0.808","-0.065","0.00038","-0.00034","0","31","Humid","5.00","0","2500.00","34855.56","SADD0002000339 Box 1","ABF1.0.0.0","4.0.0.2353","PSt3","221014-001","6/4/2024 1:58:11 PM","0000-00","0","no battery","V","","µV","","µV"
"07/08/2024","16:37:16","1","default","166358087","001","29.566","min","247.105","μmol/L","Humid","24.324","deg","35638","µV","27.000","°C","1024.000","hPa","38.4","pmil","0","59.850","deg","20.000","°C","100.000","%a.s.","26.990","deg","23.835","°C","1018.000","hPa","0.808","-0.065","0.00038","-0.00034","0","31","Humid","5.00","0","2500.00","34856.83","SADD0002000339 Box 1","ABF1.0.0.0","4.0.0.2353","PSt3","221014-001","6/4/2024 1:58:11 PM","0000-00","0","no battery","V","","µV","","µV"
"07/08/2024","16:37:17","1","default","166358087","001","29.583","min","247.181","μmol/L","Humid","24.321","deg","35632","µV","27.000","°C","1024.000","hPa","38.4","pmil","0","59.850","deg","20.000","°C","100.000","%a.s.","26.990","deg","23.835","°C","1018.000","hPa","0.808","-0.065","0.00038","-0.00034","0","31","Humid","5.00","0","2500.00","34857.13","SADD0002000339 Box 1","ABF1.0.0.0","4.0.0.2353","PSt3","221014-001","6/4/2024 1:58:11 PM","0000-00","0","no battery","V","","µV","","µV"
"07/08/2024","16:37:18","1","default","166358087","001","29.600","min","246.877","μmol/L","Humid","24.333","deg","35640","µV","27.000","°C","1024.000","hPa","38.4","pmil","0","59.850","deg","20.000","°C","100.000","%a.s.","26.990","deg","23.835","°C","1018.000","hPa","0.808","-0.065","0.00038","-0.00034","0","31","Humid","5.00","0","2500.00","34855.33","SADD0002000339 Box 1","ABF1.0.0.0","4.0.0.2353","PSt3","221014-001","6/4/2024 1:58:11 PM","0000-00","0","no battery","V","","µV","","µV"
"07/08/2024","16:37:19","1","default","166358087","001","29.616","min","246.826","μmol/L","Humid","24.335","deg","35637","µV","27.000","°C","1024.000","hPa","38.4","pmil","0","59.850","deg","20.000","°C","100.000","%a.s.","26.990","deg","23.835","°C","1018.000","hPa","0.808","-0.065","0.00038","-0.00034","0","31","Humid","5.00","0","2500.00","34856.39","SADD0002000339 Box 1","ABF1.0.0.0","4.0.0.2353","PSt3","221014-001","6/4/2024 1:58:11 PM","0000-00","0","no battery","V","","µV","","µV"
"07/08/2024","16:37:20","1","default","166358087","001","29.633","min","246.801","μmol/L","Humid","24.336","deg","35633","µV","27.000","°C","1024.000","hPa","38.4","pmil","0","59.850","deg","20.000","°C","100.000","%a.s.","26.990","deg","23.835","°C","1018.000","hPa","0.808","-0.065","0.00038","-0.00034","0","31","Humid","5.00","0","2500.00","34858.23","SADD0002000339 Box 1","ABF1.0.0.0","4.0.0.2353","PSt3","221014-001","6/4/2024 1:58:11 PM","0000-00","0","no battery","V","","µV","","µV"
"07/08/2024","16:37:21","1","default","166358087","001","29.650","min","246.674","μmol/L","Humid","24.341","deg","35637","µV","27.000","°C","1024.000","hPa","38.4","pmil","0","59.850","deg","20.000","°C","100.000","%a.s.","26.990","deg","23.835","°C","1018.000","hPa","0.808","-0.065","0.00038","-0.00034","0","31","Humid","5.00","0","2500.00","34853.84","SADD0002000339 Box 1","ABF1.0.0.0","4.0.0.2353","PSt3","221014-001","6/4/2024 1:58:11 PM","0000-00","0","no battery","V","","µV","","µV"
"07/08/2024","16:37:22","1","default","166358087","001","29.667","min","246.851","μmol/L","Humid","24.334","deg","35634","µV","27.000","°C","1024.000","hPa","38.4","pmil","0","59.850","deg","20.000","°C","100.000","%a.s.","26.990","deg","23.835","°C","1018.000","hPa","0.808","-0.065","0.00038","-0.00034","0","31","Humid","5.00","0","2500.00","34855.89","SADD0002000339 Box 1","ABF1.0.0.0","4.0.0.2353","PSt3","221014-001","6/4/2024 1:58:11 PM","0000-00","0","no battery","V","","µV","","µV"
"07/08/2024","16:37:23","1","default","166358087","001","29.683","min","246.927","μmol/L","Humid","24.331","deg","35637","µV","27.000","°C","1024.000","hPa","38.4","pmil","0","59.850","deg","20.000","°C","100.000","%a.s.","26.990","deg","23.835","°C","1018.000","hPa","0.808","-0.065","0.00038","-0.00034","0","31","Humid","5.00","0","2500.00","34849.40","SADD0002000339 Box 1","ABF1.0.0.0","4.0.0.2353","PSt3","221014-001","6/4/2024 1:58:11 PM","0000-00","0","no battery","V","","µV","","µV"
"07/08/2024","16:37:24","1","default","166358087","001","29.700","min","246.775","μmol/L","Humid","24.337","deg","35643","µV","27.000","°C","1024.000","hPa","38.4","pmil","0","59.850","deg","20.000","°C","100.000","%a.s.","26.990","deg","23.835","°C","1018.000","hPa","0.808","-0.065","0.00038","-0.00034","0","31","Humid","5.00","0","2500.00","34856.71","SADD0002000339 Box 1","ABF1.0.0.0","4.0.0.2353","PSt3","221014-001","6/4/2024 1:58:11 PM","0000-00","0","no battery","V","","µV","","µV"
"07/08/2024","16:37:25","1","default","166358087","001","29.717","min","246.851","μmol/L","Humid","24.334","deg","35638","µV","27.000","°C","1024.000","hPa","38.4","pmil","0","59.850","deg","20.000","°C","100.000","%a.s.","26.990","deg","23.835","°C","1018.000","hPa","0.808","-0.065","0.00038","-0.00034","0","31","Humid","5.00","0","2500.00","34854.40","SADD0002000339 Box 1","ABF1.0.0.0","4.0.0.2353","PSt3","221014-001","6/4/2024 1:58:11 PM","0000-00","0","no battery","V","","µV","","µV"
"07/08/2024","16:37:26","1","default","166358087","001","29.733","min","246.851","μmol/L","Humid","24.334","deg","35641","µV","27.000","°C","1024.000","hPa","38.4","pmil","0","59.850","deg","20.000","°C","100.000","%a.s.","26.990","deg","23.835","°C","1018.000","hPa","0.808","-0.065","0.00038","-0.00034","0","31","Humid","5.00","0","2500.00","34855.37","SADD0002000339 Box 1","ABF1.0.0.0","4.0.0.2353","PSt3","221014-001","6/4/2024 1:58:11 PM","0000-00","0","no battery","V","","µV","","µV"
"07/08/2024","16:37:27","1","default","166358087","001","29.750","min","246.523","μmol/L","Humid","24.347","deg","35637","µV","27.000","°C","1024.000","hPa","38.4","pmil","0","59.850","deg","20.000","°C","100.000","%a.s.","26.990","deg","23.835","°C","1018.000","hPa","0.808","-0.065","0.00038","-0.00034","0","31","Humid","5.00","0","2500.00","34849.72","SADD0002000339 Box 1","ABF1.0.0.0","4.0.0.2353","PSt3","221014-001","6/4/2024 1:58:11 PM","0000-00","0","no battery","V","","µV","","µV"
"07/08/2024","16:37:28","1","default","166358087","001","29.767","min","246.700","μmol/L","Humid","24.340","deg","35638","µV","27.000","°C","1024.000","hPa","38.4","pmil","0","59.850","deg","20.000","°C","100.000","%a.s.","26.990","deg","23.835","°C","1018.000","hPa","0.808","-0.065","0.00038","-0.00034","0","31","Humid","5.00","0","2500.00","34858.47","SADD0002000339 Box 1","ABF1.0.0.0","4.0.0.2353","PSt3","221014-001","6/4/2024 1:58:11 PM","0000-00","0","no battery","V","","µV","","µV"
"07/08/2024","16:37:29","1","default","166358087","001","29.784","min","247.155","μmol/L","Humid","24.322","deg","35642","µV","27.000","°C","1024.000","hPa","38.4","pmil","0","59.850","deg","20.000","°C","100.000","%a.s.","26.990","deg","23.835","°C","1018.000","hPa","0.808","-0.065","0.00038","-0.00034","0","31","Humid","5.00","0","2500.00","34849.79","SADD0002000339 Box 1","ABF1.0.0.0","4.0.0.2353","PSt3","221014-001","6/4/2024 1:58:11 PM","0000-00","0","no battery","V","","µV","","µV"
"07/08/2024","16:37:30","1","default","166358087","001","29.800","min","246.801","μmol/L","Humid","24.336","deg","35642","µV","27.000","°C","1024.000","hPa","38.4","pmil","0","59.850","deg","20.000","°C","100.000","%a.s.","26.990","deg","23.835","°C","1018.000","hPa","0.808","-0.065","0.00038","-0.00034","0","31","Humid","5.00","0","2500.00","34850.83","SADD0002000339 Box 1","ABF1.0.0.0","4.0.0.2353","PSt3","221014-001","6/4/2024 1:58:11 PM","0000-00","0","no battery","V","","µV","","µV"
"07/08/2024","16:37:31","1","default","166358087","001","29.817","min","246.674","μmol/L","Humid","24.341","deg","35644","µV","27.000","°C","1024.000","hPa","38.4","pmil","0","59.850","deg","20.000","°C","100.000","%a.s.","26.990","deg","23.835","°C","1018.000","hPa","0.808","-0.065","0.00038","-0.00034","0","31","Humid","5.00","0","2500.00","34850.90","SADD0002000339 Box 1","ABF1.0.0.0","4.0.0.2353","PSt3","221014-001","6/4/2024 1:58:11 PM","0000-00","0","no battery","V","","µV","","µV"
"07/08/2024","16:37:32","1","default","166358087","001","29.833","min","246.877","μmol/L","Humid","24.333","deg","35640","µV","27.000","°C","1024.000","hPa","38.4","pmil","0","59.850","deg","20.000","°C","100.000","%a.s.","26.990","deg","23.835","°C","1018.000","hPa","0.808","-0.065","0.00038","-0.00034","0","31","Humid","5.00","0","2500.00","34851.34","SADD0002000339 Box 1","ABF1.0.0.0","4.0.0.2353","PSt3","221014-001","6/4/2024 1:58:11 PM","0000-00","0","no battery","V","","µV","","µV"
"07/08/2024","16:37:33","1","default","166358087","001","29.850","min","246.750","μmol/L","Humid","24.338","deg","35645","µV","27.000","°C","1024.000","hPa","38.4","pmil","0","59.850","deg","20.000","°C","100.000","%a.s.","26.990","deg","23.835","°C","1018.000","hPa","0.808","-0.065","0.00038","-0.00034","0","31","Humid","5.00","0","2500.00","34849.78","SADD0002000339 Box 1","ABF1.0.0.0","4.0.0.2353","PSt3","221014-001","6/4/2024 1:58:11 PM","0000-00","0","no battery","V","","µV","","µV"
"07/08/2024","16:37:34","1","default","166358087","001","29.867","min","246.877","μmol/L","Humid","24.333","deg","35643","µV","27.000","°C","1024.000","hPa","38.4","pmil","0","59.850","deg","20.000","°C","100.000","%a.s.","26.990","deg","23.835","°C","1018.000","hPa","0.808","-0.065","0.00038","-0.00034","0","31","Humid","5.00","0","2500.00","34846.84","SADD0002000339 Box 1","ABF1.0.0.0","4.0.0.2353","PSt3","221014-001","6/4/2024 1:58:11 PM","0000-00","0","no battery","V","","µV","","µV"
"07/08/2024","16:37:35","1","default","166358087","001","29.883","min","246.598","μmol/L","Humid","24.344","deg","35638","µV","27.000","°C","1024.000","hPa","38.4","pmil","0","59.850","deg","20.000","°C","100.000","%a.s.","26.990","deg","23.835","°C","1018.000","hPa","0.808","-0.065","0.00038","-0.00034","0","31","Humid","5.00","0","2500.00","34852.04","SADD0002000339 Box 1","ABF1.0.0.0","4.0.0.2353","PSt3","221014-001","6/4/2024 1:58:11 PM","0000-00","0","no battery","V","","µV","","µV"
"07/08/2024","16:37:36","1","default","166358087","001","29.900","min","247.029","μmol/L","Humid","24.327","deg","35645","µV","27.000","°C","1024.000","hPa","38.4","pmil","0","59.850","deg","20.000","°C","100.000","%a.s.","26.990","deg","23.835","°C","1018.000","hPa","0.808","-0.065","0.00038","-0.00034","0","31","Humid","5.00","0","2500.00","34847.82","SADD0002000339 Box 1","ABF1.0.0.0","4.0.0.2353","PSt3","221014-001","6/4/2024 1:58:11 PM","0000-00","0","no battery","V","","µV","","µV"
"07/08/2024","16:37:37","1","default","166358087","001","29.917","min","246.801","μmol/L","Humid","24.336","deg","35644","µV","27.000","°C","1024.000","hPa","38.4","pmil","0","59.850","deg","20.000","°C","100.000","%a.s.","26.990","deg","23.835","°C","1018.000","hPa","0.808","-0.065","0.00038","-0.00034","0","31","Humid","5.00","0","2500.00","34857.01","SADD0002000339 Box 1","ABF1.0.0.0","4.0.0.2353","PSt3","221014-001","6/4/2024 1:58:11 PM","0000-00","0","no battery","V","","µV","","µV"
"07/08/2024","16:37:38","1","default","166358087","001","29.933","min","246.801","μmol/L","Humid","24.336","deg","35642","µV","27.000","°C","1024.000","hPa","38.4","pmil","0","59.850","deg","20.000","°C","100.000","%a.s.","26.990","deg","23.835","°C","1018.000","hPa","0.808","-0.065","0.00038","-0.00034","0","31","Humid","5.00","0","2500.00","34851.92","SADD0002000339 Box 1","ABF1.0.0.0","4.0.0.2353","PSt3","221014-001","6/4/2024 1:58:11 PM","0000-00","0","no battery","V","","µV","","µV"
"07/08/2024","16:37:39","1","default","166358087","001","29.950","min","246.775","μmol/L","Humid","24.337","deg","35645","µV","27.000","°C","1024.000","hPa","38.4","pmil","0","59.850","deg","20.000","°C","100.000","%a.s.","26.990","deg","23.835","°C","1018.000","hPa","0.808","-0.065","0.00038","-0.00034","0","31","Humid","5.00","0","2500.00","34850.18","SADD0002000339 Box 1","ABF1.0.0.0","4.0.0.2353","PSt3","221014-001","6/4/2024 1:58:11 PM","0000-00","0","no battery","V","","µV","","µV"
"07/08/2024","16:37:40","1","default","166358087","001","29.967","min","246.902","μmol/L","Humid","24.332","deg","35647","µV","27.000","°C","1024.000","hPa","38.4","pmil","0","59.850","deg","20.000","°C","100.000","%a.s.","26.990","deg","23.835","°C","1018.000","hPa","0.808","-0.065","0.00038","-0.00034","0","31","Humid","5.00","0","2500.00","34853.80","SADD0002000339 Box 1","ABF1.0.0.0","4.0.0.2353","PSt3","221014-001","6/4/2024 1:58:11 PM","0000-00","0","no battery","V","","µV","","µV"
"07/08/2024","16:37:41","1","default","166358087","001","29.983","min","246.573","μmol/L","Humid","24.345","deg","35643","µV","27.000","°C","1024.000","hPa","38.4","pmil","0","59.850","deg","20.000","°C","100.000","%a.s.","26.990","deg","23.835","°C","1018.000","hPa","0.808","-0.065","0.00038","-0.00034","0","31","Humid","5.00","0","2500.00","34856.90","SADD0002000339 Box 1","ABF1.0.0.0","4.0.0.2353","PSt3","221014-001","6/4/2024 1:58:11 PM","0000-00","0","no battery","V","","µV","","µV"
"07/08/2024","16:37:42","1","default","166358087","001","30.000","min","246.573","μmol/L","Humid","24.345","deg","35644","µV","27.000","°C","1024.000","hPa","38.4","pmil","0","59.850","deg","20.000","°C","100.000","%a.s.","26.990","deg","23.835","°C","1018.000","hPa","0.808","-0.065","0.00038","-0.00034","0","31","Humid","5.00","0","2500.00","34856.36","SADD0002000339 Box 1","ABF1.0.0.0","4.0.0.2353","PSt3","221014-001","6/4/2024 1:58:11 PM","0000-00","0","no battery","V","","µV","","µV"
"07/08/2024","16:37:43","1","default","166358087","001","30.016","min","246.674","μmol/L","Humid","24.341","deg","35651","µV","27.000","°C","1024.000","hPa","38.4","pmil","0","59.850","deg","20.000","°C","100.000","%a.s.","26.990","deg","23.835","°C","1018.000","hPa","0.808","-0.065","0.00038","-0.00034","0","31","Humid","5.00","0","2500.00","34855.88","SADD0002000339 Box 1","ABF1.0.0.0","4.0.0.2353","PSt3","221014-001","6/4/2024 1:58:11 PM","0000-00","0","no battery","V","","µV","","µV"
"07/08/2024","16:37:44","1","default","166358087","001","30.033","min","246.548","μmol/L","Humid","24.346","deg","35646","µV","27.000","°C","1024.000","hPa","38.4","pmil","0","59.850","deg","20.000","°C","100.000","%a.s.","26.990","deg","23.835","°C","1018.000","hPa","0.808","-0.065","0.00038","-0.00034","0","31","Humid","5.00","0","2500.00","34857.43","SADD0002000339 Box 1","ABF1.0.0.0","4.0.0.2353","PSt3","221014-001","6/4/2024 1:58:11 PM","0000-00","0","no battery","V","","µV","","µV"
"07/08/2024","16:37:45","1","default","166358087","001","30.050","min","246.775","μmol/L","Humid","24.337","deg","35645","µV","27.000","°C","1024.000","hPa","38.4","pmil","0","59.850","deg","20.000","°C","100.000","%a.s.","26.990","deg","23.835","°C","1018.000","hPa","0.808","-0.065","0.00038","-0.00034","0","31","Humid","5.00","0","2500.00","34848.50","SADD0002000339 Box 1","ABF1.0.0.0","4.0.0.2353","PSt3","221014-001","6/4/2024 1:58:11 PM","0000-00","0","no battery","V","","µV","","µV"
"07/08/2024","16:37:46","1","default","166358087","001","30.066","min","246.750","μmol/L","Humid","24.338","deg","35649","µV","27.000","°C","1024.000","hPa","38.4","pmil","0","59.850","deg","20.000","°C","100.000","%a.s.","26.990","deg","23.835","°C","1018.000","hPa","0.808","-0.065","0.00038","-0.00034","0","31","Humid","5.00","0","2500.00","34853.62","SADD0002000339 Box 1","ABF1.0.0.0","4.0.0.2353","PSt3","221014-001","6/4/2024 1:58:11 PM","0000-00","0","no battery","V","","µV","","µV"
"07/08/2024","16:37:47","1","default","166358087","001","30.083","min","246.674","μmol/L","Humid","24.341","deg","35639","µV","27.000","°C","1024.000","hPa","38.4","pmil","0","59.850","deg","20.000","°C","100.000","%a.s.","26.990","deg","23.835","°C","1018.000","hPa","0.808","-0.065","0.00038","-0.00034","0","31","Humid","5.00","0","2500.00","34851.66","SADD0002000339 Box 1","ABF1.0.0.0","4.0.0.2353","PSt3","221014-001","6/4/2024 1:58:11 PM","0000-00","0","no battery","V","","µV","","µV"
"07/08/2024","16:37:48","1","default","166358087","001","30.100","min","246.775","μmol/L","Humid","24.337","deg","35642","µV","27.000","°C","1024.000","hPa","38.4","pmil","0","59.850","deg","20.000","°C","100.000","%a.s.","26.990","deg","23.835","°C","1018.000","hPa","0.808","-0.065","0.00038","-0.00034","0","31","Humid","5.00","0","2500.00","34858.07","SADD0002000339 Box 1","ABF1.0.0.0","4.0.0.2353","PSt3","221014-001","6/4/2024 1:58:11 PM","0000-00","0","no battery","V","","µV","","µV"
"07/08/2024","16:37:49","1","default","166358087","001","30.117","min","246.725","μmol/L","Humid","24.339","deg","35648","µV","27.000","°C","1024.000","hPa","38.4","pmil","0","59.850","deg","20.000","°C","100.000","%a.s.","26.990","deg","23.835","°C","1018.000","hPa","0.808","-0.065","0.00038","-0.00034","0","31","Humid","5.00","0","2500.00","34846.56","SADD0002000339 Box 1","ABF1.0.0.0","4.0.0.2353","PSt3","221014-001","6/4/2024 1:58:11 PM","0000-00","0","no battery","V","","µV","","µV"
"07/08/2024","16:37:50","1","default","166358087","001","30.134","min","246.775","μmol/L","Humid","24.337","deg","35646","µV","27.000","°C","1024.000","hPa","38.4","pmil","0","59.850","deg","20.000","°C","100.000","%a.s.","26.990","deg","23.835","°C","1018.000","hPa","0.808","-0.065","0.00038","-0.00034","0","31","Humid","5.00","0","2500.00","34853.81","SADD0002000339 Box 1","ABF1.0.0.0","4.0.0.2353","PSt3","221014-001","6/4/2024 1:58:11 PM","0000-00","0","no battery","V","","µV","","µV"
"07/08/2024","16:37:51","1","default","166358087","001","30.150","min","246.927","μmol/L","Humid","24.331","deg","35645","µV","27.000","°C","1024.000","hPa","38.4","pmil","0","59.850","deg","20.000","°C","100.000","%a.s.","26.990","deg","23.835","°C","1018.000","hPa","0.808","-0.065","0.00038","-0.00034","0","31","Humid","5.00","0","2500.00","34853.10","SADD0002000339 Box 1","ABF1.0.0.0","4.0.0.2353","PSt3","221014-001","6/4/2024 1:58:11 PM","0000-00","0","no battery","V","","µV","","µV"
"07/08/2024","16:37:52","1","default","166358087","001","30.166","min","247.054","μmol/L","Humid","24.326","deg","35645","µV","27.000","°C","1024.000","hPa","38.4","pmil","0","59.850","deg","20.000","°C","100.000","%a.s.","26.990","deg","23.835","°C","1018.000","hPa","0.808","-0.065","0.00038","-0.00034","0","31","Humid","5.00","0","2500.00","34851.46","SADD0002000339 Box 1","ABF1.0.0.0","4.0.0.2353","PSt3","221014-001","6/4/2024 1:58:11 PM","0000-00","0","no battery","V","","µV","","µV"
"07/08/2024","16:37:53","1","default","166358087","001","30.183","min","246.700","μmol/L","Humid","24.340","deg","35652","µV","27.000","°C","1024.000","hPa","38.4","pmil","0","59.850","deg","20.000","°C","100.000","%a.s.","26.990","deg","23.835","°C","1018.000","hPa","0.808","-0.065","0.00038","-0.00034","0","31","Humid","5.00","0","2500.00","34850.08","SADD0002000339 Box 1","ABF1.0.0.0","4.0.0.2353","PSt3","221014-001","6/4/2024 1:58:11 PM","0000-00","0","no battery","V","","µV","","µV"
"07/08/2024","16:37:54","1","default","166358087","001","30.200","min","246.598","μmol/L","Humid","24.344","deg","35650","µV","27.000","°C","1024.000","hPa","38.4","pmil","0","59.850","deg","20.000","°C","100.000","%a.s.","26.990","deg","23.835","°C","1018.000","hPa","0.808","-0.065","0.00038","-0.00034","0","31","Humid","5.00","0","2500.00","34855.04","SADD0002000339 Box 1","ABF1.0.0.0","4.0.0.2353","PSt3","221014-001","6/4/2024 1:58:11 PM","0000-00","0","no battery","V","","µV","","µV"
"07/08/2024","16:37:55","1","default","166358087","001","30.217","min","246.877","μmol/L","Humid","24.333","deg","35649","µV","27.000","°C","1024.000","hPa","38.4","pmil","0","59.850","deg","20.000","°C","100.000","%a.s.","26.990","deg","23.835","°C","1018.000","hPa","0.808","-0.065","0.00038","-0.00034","0","31","Humid","5.00","0","2500.00","34855.66","SADD0002000339 Box 1","ABF1.0.0.0","4.0.0.2353","PSt3","221014-001","6/4/2024 1:58:11 PM","0000-00","0","no battery","V","","µV","","µV"
"07/08/2024","16:37:56","1","default","166358087","001","30.234","min","246.851","μmol/L","Humid","24.334","deg","35646","µV","27.000","°C","1024.000","hPa","38.4","pmil","0","59.850","deg","20.000","°C","100.000","%a.s.","26.990","deg","23.835","°C","1018.000","hPa","0.808","-0.065","0.00038","-0.00034","0","31","Humid","5.00","0","2500.00","34852.39","SADD0002000339 Box 1","ABF1.0.0.0","4.0.0.2353","PSt3","221014-001","6/4/2024 1:58:11 PM","0000-00","0","no battery","V","","µV","","µV"
"07/08/2024","16:37:57","1","default","166358087","001","30.250","min","246.902","μmol/L","Humid","24.332","deg","35651","µV","27.000","°C","1024.000","hPa","38.4","pmil","0","59.850","deg","20.000","°C","100.000","%a.s.","26.990","deg","23.835","°C","1018.000","hPa","0.808","-0.065","0.00038","-0.00034","0","31","Humid","5.00","0","2500.00","34859.01","SADD0002000339 Box 1","ABF1.0.0.0","4.0.0.2353","PSt3","221014-001","6/4/2024 1:58:11 PM","0000-00","0","no battery","V","","µV","","µV"
"07/08/2024","16:37:58","1","default","166358087","001","30.267","min","246.674","μmol/L","Humid","24.341","deg","35647","µV","27.000","°C","1024.000","hPa","38.4","pmil","0","59.850","deg","20.000","°C","100.000","%a.s.","26.990","deg","23.835","°C","1018.000","hPa","0.808","-0.065","0.00038","-0.00034","0","31","Humid","5.00","0","2500.00","34851.62","SADD0002000339 Box 1","ABF1.0.0.0","4.0.0.2353","PSt3","221014-001","6/4/2024 1:58:11 PM","0000-00","0","no battery","V","","µV","","µV"
"07/08/2024","16:37:59","1","default","166358087","001","30.284","min","246.725","μmol/L","Humid","24.339","deg","35655","µV","27.000","°C","1024.000","hPa","38.4","pmil","0","59.850","deg","20.000","°C","100.000","%a.s.","26.990","deg","23.835","°C","1018.000","hPa","0.808","-0.065","0.00038","-0.00034","0","31","Humid","5.00","0","2500.00","34862.01","SADD0002000339 Box 1","ABF1.0.0.0","4.0.0.2353","PSt3","221014-001","6/4/2024 1:58:11 PM","0000-00","0","no battery","V","","µV","","µV"
"07/08/2024","16:38:00","1","default","166358087","001","30.300","min","246.953","μmol/L","Humid","24.330","deg","35652","µV","27.000","°C","1024.000","hPa","38.4","pmil","0","59.850","deg","20.000","°C","100.000","%a.s.","26.990","deg","23.835","°C","1018.000","hPa","0.808","-0.065","0.00038","-0.00034","0","31","Humid","5.00","0","2500.00","34852.57","SADD0002000339 Box 1","ABF1.0.0.0","4.0.0.2353","PSt3","221014-001","6/4/2024 1:58:11 PM","0000-00","0","no battery","V","","µV","","µV"
"07/08/2024","16:38:01","1","default","166358087","001","30.317","min","246.624","μmol/L","Humid","24.343","deg","35654","µV","27.000","°C","1024.000","hPa","38.4","pmil","0","59.850","deg","20.000","°C","100.000","%a.s.","26.990","deg","23.835","°C","1018.000","hPa","0.808","-0.065","0.00038","-0.00034","0","31","Humid","5.00","0","2500.00","34852.11","SADD0002000339 Box 1","ABF1.0.0.0","4.0.0.2353","PSt3","221014-001","6/4/2024 1:58:11 PM","0000-00","0","no battery","V","","µV","","µV"
"07/08/2024","16:38:02","1","default","166358087","001","30.333","min","246.801","μmol/L","Humid","24.336","deg","35655","µV","27.000","°C","1024.000","hPa","38.4","pmil","0","59.850","deg","20.000","°C","100.000","%a.s.","26.990","deg","23.835","°C","1018.000","hPa","0.808","-0.065","0.00038","-0.00034","0","31","Humid","5.00","0","2500.00","34852.97","SADD0002000339 Box 1","ABF1.0.0.0","4.0.0.2353","PSt3","221014-001","6/4/2024 1:58:11 PM","0000-00","0","no battery","V","","µV","","µV"
"07/08/2024","16:38:03","1","default","166358087","001","30.350","min","246.598","μmol/L","Humid","24.344","deg","35652","µV","27.000","°C","1024.000","hPa","38.4","pmil","0","59.850","deg","20.000","°C","100.000","%a.s.","26.990","deg","23.835","°C","1018.000","hPa","0.808","-0.065","0.00038","-0.00034","0","31","Humid","5.00","0","2500.00","34851.76","SADD0002000339 Box 1","ABF1.0.0.0","4.0.0.2353","PSt3","221014-001","6/4/2024 1:58:11 PM","0000-00","0","no battery","V","","µV","","µV"
"07/08/2024","16:38:04","1","default","166358087","001","30.367","min","246.826","μmol/L","Humid","24.335","deg","35653","µV","27.000","°C","1024.000","hPa","38.4","pmil","0","59.850","deg","20.000","°C","100.000","%a.s.","26.990","deg","23.835","°C","1018.000","hPa","0.808","-0.065","0.00038","-0.00034","0","31","Humid","5.00","0","2500.00","34856.94","SADD0002000339 Box 1","ABF1.0.0.0","4.0.0.2353","PSt3","221014-001","6/4/2024 1:58:11 PM","0000-00","0","no battery","V","","µV","","µV"
"07/08/2024","16:38:05","1","default","166358087","001","30.383","min","246.674","μmol/L","Humid","24.341","deg","35651","µV","27.000","°C","1024.000","hPa","38.4","pmil","0","59.850","deg","20.000","°C","100.000","%a.s.","26.990","deg","23.835","°C","1018.000","hPa","0.808","-0.065","0.00038","-0.00034","0","31","Humid","5.00","0","2500.00","34851.82","SADD0002000339 Box 1","ABF1.0.0.0","4.0.0.2353","PSt3","221014-001","6/4/2024 1:58:11 PM","0000-00","0","no battery","V","","µV","","µV"
"07/08/2024","16:38:06","1","default","166358087","001","30.400","min","246.548","μmol/L","Humid","24.346","deg","35656","µV","27.000","°C","1024.000","hPa","38.4","pmil","0","59.850","deg","20.000","°C","100.000","%a.s.","26.990","deg","23.835","°C","1018.000","hPa","0.808","-0.065","0.00038","-0.00034","0","31","Humid","5.00","0","2500.00","34851.92","SADD0002000339 Box 1","ABF1.0.0.0","4.0.0.2353","PSt3","221014-001","6/4/2024 1:58:11 PM","0000-00","0","no battery","V","","µV","","µV"
"07/08/2024","16:38:07","1","default","166358087","001","30.417","min","246.750","μmol/L","Humid","24.338","deg","35648","µV","27.000","°C","1024.000","hPa","38.4","pmil","0","59.850","deg","20.000","°C","100.000","%a.s.","26.990","deg","23.835","°C","1018.000","hPa","0.808","-0.065","0.00038","-0.00034","0","31","Humid","5.00","0","2500.00","34856.23","SADD0002000339 Box 1","ABF1.0.0.0","4.0.0.2353","PSt3","221014-001","6/4/2024 1:58:11 PM","0000-00","0","no battery","V","","µV","","µV"
"07/08/2024","16:38:08","1","default","166358087","001","30.434","min","246.877","μmol/L","Humid","24.333","deg","35648","µV","27.000","°C","1024.000","hPa","38.4","pmil","0","59.850","deg","20.000","°C","100.000","%a.s.","26.990","deg","23.835","°C","1018.000","hPa","0.808","-0.065","0.00038","-0.00034","0","31","Humid","5.00","0","2500.00","34857.02","SADD0002000339 Box 1","ABF1.0.0.0","4.0.0.2353","PSt3","221014-001","6/4/2024 1:58:11 PM","0000-00","0","no battery","V","","µV","","µV"
"07/08/2024","16:38:09","1","default","166358087","001","30.450","min","246.523","μmol/L","Humid","24.347","deg","35651","µV","27.000","°C","1024.000","hPa","38.4","pmil","0","59.850","deg","20.000","°C","100.000","%a.s.","26.990","deg","23.835","°C","1018.000","hPa","0.808","-0.065","0.00038","-0.00034","0","31","Humid","5.00","0","2500.00","34850.82","SADD0002000339 Box 1","ABF1.0.0.0","4.0.0.2353","PSt3","221014-001","6/4/2024 1:58:11 PM","0000-00","0","no battery","V","","µV","","µV"
"07/08/2024","16:38:10","1","default","166358087","001","30.467","min","246.750","μmol/L","Humid","24.338","deg","35656","µV","27.000","°C","1024.000","hPa","38.4","pmil","0","59.850","deg","20.000","°C","100.000","%a.s.","26.990","deg","23.835","°C","1018.000","hPa","0.808","-0.065","0.00038","-0.00034","0","31","Humid","5.00","0","2500.00","34857.67","SADD0002000339 Box 1","ABF1.0.0.0","4.0.0.2353","PSt3","221014-001","6/4/2024 1:58:11 PM","0000-00","0","no battery","V","","µV","","µV"
"07/08/2024","16:38:11","1","default","166358087","001","30.484","min","246.801","μmol/L","Humid","24.336","deg","35655","µV","27.000","°C","1024.000","hPa","38.4","pmil","0","59.850","deg","20.000","°C","100.000","%a.s.","26.990","deg","23.835","°C","1018.000","hPa","0.808","-0.065","0.00038","-0.00034","0","31","Humid","5.00","0","2500.00","34854.40","SADD0002000339 Box 1","ABF1.0.0.0","4.0.0.2353","PSt3","221014-001","6/4/2024 1:58:11 PM","0000-00","0","no battery","V","","µV","","µV"
"07/08/2024","16:38:12","1","default","166358087","001","30.500","min","246.978","μmol/L","Humid","24.329","deg","35653","µV","27.000","°C","1024.000","hPa","38.4","pmil","0","59.850","deg","20.000","°C","100.000","%a.s.","26.990","deg","23.835","°C","1018.000","hPa","0.808","-0.065","0.00038","-0.00034","0","31","Humid","5.00","0","2500.00","34856.51","SADD0002000339 Box 1","ABF1.0.0.0","4.0.0.2353","PSt3","221014-001","6/4/2024 1:58:11 PM","0000-00","0","no battery","V","","µV","","µV"
"07/08/2024","16:38:13","1","default","166358087","001","30.517","min","246.877","μmol/L","Humid","24.333","deg","35657","µV","27.000","°C","1024.000","hPa","38.4","pmil","0","59.850","deg","20.000","°C","100.000","%a.s.","26.990","deg","23.835","°C","1018.000","hPa","0.808","-0.065","0.00038","-0.00034","0","31","Humid","5.00","0","2500.00","34856.56","SADD0002000339 Box 1","ABF1.0.0.0","4.0.0.2353","PSt3","221014-001","6/4/2024 1:58:11 PM","0000-00","0","no battery","V","","µV","","µV"
"07/08/2024","16:38:14","1","default","166358087","001","30.534","min","246.649","μmol/L","Humid","24.342","deg","35658","µV","27.000","°C","1024.000","hPa","38.4","pmil","0","59.850","deg","20.000","°C","100.000","%a.s.","26.990","deg","23.835","°C","1018.000","hPa","0.808","-0.065","0.00038","-0.00034","0","31","Humid","5.00","0","2500.00","34848.75","SADD0002000339 Box 1","ABF1.0.0.0","4.0.0.2353","PSt3","221014-001","6/4/2024 1:58:11 PM","0000-00","0","no battery","V","","µV","","µV"
"07/08/2024","16:38:15","1","default","166358087","001","30.550","min","246.826","μmol/L","Humid","24.335","deg","35657","µV","27.000","°C","1024.000","hPa","38.4","pmil","0","59.850","deg","20.000","°C","100.000","%a.s.","26.990","deg","23.835","°C","1018.000","hPa","0.808","-0.065","0.00038","-0.00034","0","31","Humid","5.00","0","2500.00","34851.75","SADD0002000339 Box 1","ABF1.0.0.0","4.0.0.2353","PSt3","221014-001","6/4/2024 1:58:11 PM","0000-00","0","no battery","V","","µV","","µV"
"07/08/2024","16:38:16","1","default","166358087","001","30.567","min","246.649","μmol/L","Humid","24.342","deg","35660","µV","27.000","°C","1024.000","hPa","38.4","pmil","0","59.850","deg","20.000","°C","100.000","%a.s.","26.990","deg","23.835","°C","1018.000","hPa","0.808","-0.065","0.00038","-0.00034","0","31","Humid","5.00","0","2500.00","34857.47","SADD0002000339 Box 1","ABF1.0.0.0","4.0.0.2353","PSt3","221014-001","6/4/2024 1:58:11 PM","0000-00","0","no battery","V","","µV","","µV"
"07/08/2024","16:38:17","1","default","166358087","001","30.584","min","246.598","μmol/L","Humid","24.344","deg","35658","µV","27.000","°C","1024.000","hPa","38.4","pmil","0","59.850","deg","20.000","°C","100.000","%a.s.","26.990","deg","23.835","°C","1018.000","hPa","0.808","-0.065","0.00038","-0.00034","0","31","Humid","5.00","0","2500.00","34853.65","SADD0002000339 Box 1","ABF1.0.0.0","4.0.0.2353","PSt3","221014-001","6/4/2024 1:58:11 PM","0000-00","0","no battery","V","","µV","","µV"
"07/08/2024","16:38:18","1","default","166358087","001","30.600","min","246.851","μmol/L","Humid","24.334","deg","35661","µV","27.000","°C","1024.000","hPa","38.4","pmil","0","59.850","deg","20.000","°C","100.000","%a.s.","26.990","deg","23.835","°C","1018.000","hPa","0.808","-0.065","0.00038","-0.00034","0","31","Humid","5.00","0","2500.00","34855.66","SADD0002000339 Box 1","ABF1.0.0.0","4.0.0.2353","PSt3","221014-001","6/4/2024 1:58:11 PM","0000-00","0","no battery","V","","µV","","µV"
"07/08/2024","16:38:19","1","default","166358087","001","30.617","min","246.674","μmol/L","Humid","24.341","deg","35656","µV","27.000","°C","1024.000","hPa","38.4","pmil","0","59.850","deg","20.000","°C","100.000","%a.s.","26.990","deg","23.835","°C","1018.000","hPa","0.808","-0.065","0.00038","-0.00034","0","31","Humid","5.00","0","2500.00","34852.86","SADD0002000339 Box 1","ABF1.0.0.0","4.0.0.2353","PSt3","221014-001","6/4/2024 1:58:11 PM","0000-00","0","no battery","V","","µV","","µV"
"07/08/2024","16:38:20","1","default","166358087","001","30.633","min","246.472","μmol/L","Humid","24.349","deg","35661","µV","27.000","°C","1024.000","hPa","38.4","pmil","0","59.850","deg","20.000","°C","100.000","%a.s.","26.990","deg","23.835","°C","1018.000","hPa","0.808","-0.065","0.00038","-0.00034","0","31","Humid","5.00","0","2500.00","34853.25","SADD0002000339 Box 1","ABF1.0.0.0","4.0.0.2353","PSt3","221014-001","6/4/2024 1:58:11 PM","0000-00","0","no battery","V","","µV","","µV"
"07/08/2024","16:38:21","1","default","166358087","001","30.650","min","246.902","μmol/L","Humid","24.332","deg","35656","µV","27.000","°C","1024.000","hPa","38.4","pmil","0","59.850","deg","20.000","°C","100.000","%a.s.","26.990","deg","23.835","°C","1018.000","hPa","0.808","-0.065","0.00038","-0.00034","0","31","Humid","5.00","0","2500.00","34850.56","SADD0002000339 Box 1","ABF1.0.0.0","4.0.0.2353","PSt3","221014-001","6/4/2024 1:58:11 PM","0000-00","0","no battery","V","","µV","","µV"
"07/08/2024","16:38:22","1","default","166358087","001","30.667","min","246.674","μmol/L","Humid","24.341","deg","35661","µV","27.000","°C","1024.000","hPa","38.4","pmil","0","59.850","deg","20.000","°C","100.000","%a.s.","26.990","deg","23.835","°C","1018.000","hPa","0.808","-0.065","0.00038","-0.00034","0","31","Humid","5.00","0","2500.00","34856.96","SADD0002000339 Box 1","ABF1.0.0.0","4.0.0.2353","PSt3","221014-001","6/4/2024 1:58:11 PM","0000-00","0","no battery","V","","µV","","µV"
"07/08/2024","16:38:23","1","default","166358087","001","30.683","min","246.674","μmol/L","Humid","24.341","deg","35659","µV","27.000","°C","1024.000","hPa","38.4","pmil","0","59.850","deg","20.000","°C","100.000","%a.s.","26.990","deg","23.835","°C","1018.000","hPa","0.808","-0.065","0.00038","-0.00034","0","31","Humid","5.00","0","2500.00","34854.41","SADD0002000339 Box 1","ABF1.0.0.0","4.0.0.2353","PSt3","221014-001","6/4/2024 1:58:11 PM","0000-00","0","no battery","V","","µV","","µV"
"07/08/2024","16:38:24","1","default","166358087","001","30.700","min","246.775","μmol/L","Humid","24.337","deg","35663","µV","27.000","°C","1024.000","hPa","38.4","pmil","0","59.850","deg","20.000","°C","100.000","%a.s.","26.990","deg","23.835","°C","1018.000","hPa","0.808","-0.065","0.00038","-0.00034","0","31","Humid","5.00","0","2500.00","34856.74","SADD0002000339 Box 1","ABF1.0.0.0","4.0.0.2353","PSt3","221014-001","6/4/2024 1:58:11 PM","0000-00","0","no battery","V","","µV","","µV"
"07/08/2024","16:38:25","1","default","166358087","001","30.717","min","246.851","μmol/L","Humid","24.334","deg","35656","µV","27.000","°C","1024.000","hPa","38.4","pmil","0","59.850","deg","20.000","°C","100.000","%a.s.","26.990","deg","23.835","°C","1018.000","hPa","0.808","-0.065","0.00038","-0.00034","0","31","Humid","5.00","0","2500.00","34850.34","SADD0002000339 Box 1","ABF1.0.0.0","4.0.0.2353","PSt3","221014-001","6/4/2024 1:58:11 PM","0000-00","0","no battery","V","","µV","","µV"
"07/08/2024","16:38:26","1","default","166358087","001","30.733","min","246.902","μmol/L","Humid","24.332","deg","35661","µV","27.000","°C","1024.000","hPa","38.4","pmil","0","59.850","deg","20.000","°C","100.000","%a.s.","26.990","deg","23.835","°C","1018.000","hPa","0.808","-0.065","0.00038","-0.00034","0","31","Humid","5.00","0","2500.00","34853.25","SADD0002000339 Box 1","ABF1.0.0.0","4.0.0.2353","PSt3","221014-001","6/4/2024 1:58:11 PM","0000-00","0","no battery","V","","µV","","µV"
"07/08/2024","16:38:27","1","default","166358087","001","30.750","min","246.624","μmol/L","Humid","24.343","deg","35668","µV","27.000","°C","1024.000","hPa","38.4","pmil","0","59.850","deg","20.000","°C","100.000","%a.s.","26.990","deg","23.835","°C","1018.000","hPa","0.808","-0.065","0.00038","-0.00034","0","31","Humid","5.00","0","2500.00","34854.21","SADD0002000339 Box 1","ABF1.0.0.0","4.0.0.2353","PSt3","221014-001","6/4/2024 1:58:11 PM","0000-00","0","no battery","V","","µV","","µV"
"07/08/2024","16:38:28","1","default","166358087","001","30.767","min","246.422","μmol/L","Humid","24.351","deg","35660","µV","27.000","°C","1024.000","hPa","38.4","pmil","0","59.850","deg","20.000","°C","100.000","%a.s.","26.990","deg","23.835","°C","1018.000","hPa","0.808","-0.065","0.00038","-0.00034","0","31","Humid","5.00","0","2500.00","34853.65","SADD0002000339 Box 1","ABF1.0.0.0","4.0.0.2353","PSt3","221014-001","6/4/2024 1:58:11 PM","0000-00","0","no battery","V","","µV","","µV"
"07/08/2024","16:38:29","1","default","166358087","001","30.783","min","246.775","μmol/L","Humid","24.337","deg","35659","µV","27.000","°C","1024.000","hPa","38.4","pmil","0","59.850","deg","20.000","°C","100.000","%a.s.","26.990","deg","23.835","°C","1018.000","hPa","0.808","-0.065","0.00038","-0.00034","0","31","Humid","5.00","0","2500.00","34852.83","SADD0002000339 Box 1","ABF1.0.0.0","4.0.0.2353","PSt3","221014-001","6/4/2024 1:58:11 PM","0000-00","0","no battery","V","","µV","","µV"
"07/08/2024","16:38:30","1","default","166358087","001","30.800","min","246.927","μmol/L","Humid","24.331","deg","35666","µV","27.000","°C","1024.000","hPa","38.4","pmil","0","59.850","deg","20.000","°C","100.000","%a.s.","26.990","deg","23.835","°C","1018.000","hPa","0.808","-0.065","0.00038","-0.00034","0","31","Humid","5.00","0","2500.00","34849.98","SADD0002000339 Box 1","ABF1.0.0.0","4.0.0.2353","PSt3","221014-001","6/4/2024 1:58:11 PM","0000-00","0","no battery","V","","µV","","µV"
"07/08/2024","16:38:31","1","default","166358087","001","30.817","min","246.700","μmol/L","Humid","24.340","deg","35661","µV","27.000","°C","1024.000","hPa","38.4","pmil","0","59.850","deg","20.000","°C","100.000","%a.s.","26.990","deg","23.835","°C","1018.000","hPa","0.808","-0.065","0.00038","-0.00034","0","31","Humid","5.00","0","2500.00","34858.34","SADD0002000339 Box 1","ABF1.0.0.0","4.0.0.2353","PSt3","221014-001","6/4/2024 1:58:11 PM","0000-00","0","no battery","V","","µV","","µV"
"07/08/2024","16:38:32","1","default","166358087","001","30.833","min","246.447","μmol/L","Humid","24.350","deg","35663","µV","27.000","°C","1024.000","hPa","38.4","pmil","0","59.850","deg","20.000","°C","100.000","%a.s.","26.990","deg","23.835","°C","1018.000","hPa","0.808","-0.065","0.00038","-0.00034","0","31","Humid","5.00","0","2500.00","34849.19","SADD0002000339 Box 1","ABF1.0.0.0","4.0.0.2353","PSt3","221014-001","6/4/2024 1:58:11 PM","0000-00","0","no battery","V","","µV","","µV"
"07/08/2024","16:38:33","1","default","166358087","001","30.850","min","246.523","μmol/L","Humid","24.347","deg","35660","µV","27.000","°C","1024.000","hPa","38.4","pmil","0","59.850","deg","20.000","°C","100.000","%a.s.","26.990","deg","23.835","°C","1018.000","hPa","0.808","-0.065","0.00038","-0.00034","0","31","Humid","5.00","0","2500.00","34847.88","SADD0002000339 Box 1","ABF1.0.0.0","4.0.0.2353","PSt3","221014-001","6/4/2024 1:58:11 PM","0000-00","0","no battery","V","","µV","","µV"
"07/08/2024","16:38:34","1","default","166358087","001","30.866","min","246.321","μmol/L","Humid","24.355","deg","35661","µV","27.000","°C","1024.000","hPa","38.4","pmil","0","59.850","deg","20.000","°C","100.000","%a.s.","26.990","deg","23.835","°C","1018.000","hPa","0.808","-0.065","0.00038","-0.00034","0","31","Humid","5.00","0","2500.00","34855.36","SADD0002000339 Box 1","ABF1.0.0.0","4.0.0.2353","PSt3","221014-001","6/4/2024 1:58:11 PM","0000-00","0","no battery","V","","µV","","µV"
"07/08/2024","16:38:35","1","default","166358087","001","30.883","min","246.750","μmol/L","Humid","24.338","deg","35667","µV","27.000","°C","1024.000","hPa","38.4","pmil","0","59.850","deg","20.000","°C","100.000","%a.s.","26.990","deg","23.835","°C","1018.000","hPa","0.808","-0.065","0.00038","-0.00034","0","31","Humid","5.00","0","2500.00","34851.31","SADD0002000339 Box 1","ABF1.0.0.0","4.0.0.2353","PSt3","221014-001","6/4/2024 1:58:11 PM","0000-00","0","no battery","V","","µV","","µV"
"07/08/2024","16:38:36","1","default","166358087","001","30.900","min","246.447","μmol/L","Humid","24.350","deg","35668","µV","27.000","°C","1024.000","hPa","38.4","pmil","0","59.850","deg","20.000","°C","100.000","%a.s.","26.990","deg","23.835","°C","1018.000","hPa","0.808","-0.065","0.00038","-0.00034","0","31","Humid","5.00","0","2500.00","34849.17","SADD0002000339 Box 1","ABF1.0.0.0","4.0.0.2353","PSt3","221014-001","6/4/2024 1:58:11 PM","0000-00","0","no battery","V","","µV","","µV"
"07/08/2024","16:38:37","1","default","166358087","001","30.917","min","246.674","μmol/L","Humid","24.341","deg","35663","µV","27.000","°C","1024.000","hPa","38.4","pmil","0","59.850","deg","20.000","°C","100.000","%a.s.","26.990","deg","23.835","°C","1018.000","hPa","0.808","-0.065","0.00038","-0.00034","0","31","Humid","5.00","0","2500.00","34855.58","SADD0002000339 Box 1","ABF1.0.0.0","4.0.0.2353","PSt3","221014-001","6/4/2024 1:58:11 PM","0000-00","0","no battery","V","","µV","","µV"
"07/08/2024","16:38:38","1","default","166358087","001","30.933","min","246.447","μmol/L","Humid","24.350","deg","35666","µV","27.000","°C","1024.000","hPa","38.4","pmil","0","59.850","deg","20.000","°C","100.000","%a.s.","26.990","deg","23.835","°C","1018.000","hPa","0.808","-0.065","0.00038","-0.00034","0","31","Humid","5.00","0","2500.00","34853.94","SADD0002000339 Box 1","ABF1.0.0.0","4.0.0.2353","PSt3","221014-001","6/4/2024 1:58:11 PM","0000-00","0","no battery","V","","µV","","µV"
"07/08/2024","16:38:39","1","default","166358087","001","30.950","min","246.396","μmol/L","Humid","24.352","deg","35666","µV","27.000","°C","1024.000","hPa","38.4","pmil","0","59.850","deg","20.000","°C","100.000","%a.s.","26.990","deg","23.835","°C","1018.000","hPa","0.808","-0.065","0.00038","-0.00034","0","31","Humid","5.00","0","2500.00","34857.48","SADD0002000339 Box 1","ABF1.0.0.0","4.0.0.2353","PSt3","221014-001","6/4/2024 1:58:11 PM","0000-00","0","no battery","V","","µV","","µV"
"07/08/2024","16:38:40","1","default","166358087","001","30.967","min","246.750","μmol/L","Humid","24.338","deg","35665","µV","27.000","°C","1024.000","hPa","38.4","pmil","0","59.850","deg","20.000","°C","100.000","%a.s.","26.990","deg","23.835","°C","1018.000","hPa","0.808","-0.065","0.00038","-0.00034","0","31","Humid","5.00","0","2500.00","34847.02","SADD0002000339 Box 1","ABF1.0.0.0","4.0.0.2353","PSt3","221014-001","6/4/2024 1:58:11 PM","0000-00","0","no battery","V","","µV","","µV"
"07/08/2024","16:38:41","1","default","166358087","001","30.983","min","246.598","μmol/L","Humid","24.344","deg","35662","µV","27.000","°C","1024.000","hPa","38.4","pmil","0","59.850","deg","20.000","°C","100.000","%a.s.","26.990","deg","23.835","°C","1018.000","hPa","0.808","-0.065","0.00038","-0.00034","0","31","Humid","5.00","0","2500.00","34856.27","SADD0002000339 Box 1","ABF1.0.0.0","4.0.0.2353","PSt3","221014-001","6/4/2024 1:58:11 PM","0000-00","0","no battery","V","","µV","","µV"
"07/08/2024","16:38:42","1","default","166358087","001","31.000","min","246.649","μmol/L","Humid","24.342","deg","35667","µV","27.000","°C","1024.000","hPa","38.4","pmil","0","59.850","deg","20.000","°C","100.000","%a.s.","26.990","deg","23.835","°C","1018.000","hPa","0.808","-0.065","0.00038","-0.00034","0","31","Humid","5.00","0","2500.00","34856.25","SADD0002000339 Box 1","ABF1.0.0.0","4.0.0.2353","PSt3","221014-001","6/4/2024 1:58:11 PM","0000-00","0","no battery","V","","µV","","µV"
"07/08/2024","16:38:43","1","default","166358087","001","31.017","min","246.674","μmol/L","Humid","24.341","deg","35665","µV","27.000","°C","1024.000","hPa","38.4","pmil","0","59.850","deg","20.000","°C","100.000","%a.s.","26.990","deg","23.835","°C","1018.000","hPa","0.808","-0.065","0.00038","-0.00034","0","31","Humid","5.00","0","2500.00","34851.92","SADD0002000339 Box 1","ABF1.0.0.0","4.0.0.2353","PSt3","221014-001","6/4/2024 1:58:11 PM","0000-00","0","no battery","V","","µV","","µV"
"07/08/2024","16:38:44","1","default","166358087","001","31.033","min","246.573","μmol/L","Humid","24.345","deg","35669","µV","27.000","°C","1024.000","hPa","38.4","pmil","0","59.850","deg","20.000","°C","100.000","%a.s.","26.990","deg","23.835","°C","1018.000","hPa","0.808","-0.065","0.00038","-0.00034","0","31","Humid","5.00","0","2500.00","34848.91","SADD0002000339 Box 1","ABF1.0.0.0","4.0.0.2353","PSt3","221014-001","6/4/2024 1:58:11 PM","0000-00","0","no battery","V","","µV","","µV"
"07/08/2024","16:38:45","1","default","166358087","001","31.050","min","246.396","μmol/L","Humid","24.352","deg","35668","µV","27.000","°C","1024.000","hPa","38.4","pmil","0","59.850","deg","20.000","°C","100.000","%a.s.","26.990","deg","23.835","°C","1018.000","hPa","0.808","-0.065","0.00038","-0.00034","0","31","Humid","5.00","0","2500.00","34850.37","SADD0002000339 Box 1","ABF1.0.0.0","4.0.0.2353","PSt3","221014-001","6/4/2024 1:58:11 PM","0000-00","0","no battery","V","","µV","","µV"
"07/08/2024","16:38:46","1","default","166358087","001","31.067","min","246.775","μmol/L","Humid","24.337","deg","35667","µV","27.000","°C","1024.000","hPa","38.4","pmil","0","59.850","deg","20.000","°C","100.000","%a.s.","26.990","deg","23.835","°C","1018.000","hPa","0.808","-0.065","0.00038","-0.00034","0","31","Humid","5.00","0","2500.00","34852.27","SADD0002000339 Box 1","ABF1.0.0.0","4.0.0.2353","PSt3","221014-001","6/4/2024 1:58:11 PM","0000-00","0","no battery","V","","µV","","µV"
"07/08/2024","16:38:47","1","default","166358087","001","31.083","min","246.674","μmol/L","Humid","24.341","deg","35670","µV","27.000","°C","1024.000","hPa","38.4","pmil","0","59.850","deg","20.000","°C","100.000","%a.s.","26.990","deg","23.835","°C","1018.000","hPa","0.808","-0.065","0.00038","-0.00034","0","31","Humid","5.00","0","2500.00","34850.74","SADD0002000339 Box 1","ABF1.0.0.0","4.0.0.2353","PSt3","221014-001","6/4/2024 1:58:11 PM","0000-00","0","no battery","V","","µV","","µV"
"07/08/2024","16:38:48","1","default","166358087","001","31.100","min","246.523","μmol/L","Humid","24.347","deg","35670","µV","27.000","°C","1024.000","hPa","38.4","pmil","0","59.850","deg","20.000","°C","100.000","%a.s.","26.990","deg","23.835","°C","1018.000","hPa","0.808","-0.065","0.00038","-0.00034","0","31","Humid","5.00","0","2500.00","34857.31","SADD0002000339 Box 1","ABF1.0.0.0","4.0.0.2353","PSt3","221014-001","6/4/2024 1:58:11 PM","0000-00","0","no battery","V","","µV","","µV"
"07/08/2024","16:38:49","1","default","166358087","001","31.116","min","246.700","μmol/L","Humid","24.340","deg","35661","µV","27.000","°C","1024.000","hPa","38.4","pmil","0","59.850","deg","20.000","°C","100.000","%a.s.","26.990","deg","23.835","°C","1018.000","hPa","0.808","-0.065","0.00038","-0.00034","0","31","Humid","5.00","0","2500.00","34856.01","SADD0002000339 Box 1","ABF1.0.0.0","4.0.0.2353","PSt3","221014-001","6/4/2024 1:58:11 PM","0000-00","0","no battery","V","","µV","","µV"
"07/08/2024","16:38:50","1","default","166358087","001","31.133","min","246.851","μmol/L","Humid","24.334","deg","35666","µV","27.000","°C","1024.000","hPa","38.4","pmil","0","59.850","deg","20.000","°C","100.000","%a.s.","26.990","deg","23.835","°C","1018.000","hPa","0.808","-0.065","0.00038","-0.00034","0","31","Humid","5.00","0","2500.00","34852.34","SADD0002000339 Box 1","ABF1.0.0.0","4.0.0.2353","PSt3","221014-001","6/4/2024 1:58:11 PM","0000-00","0","no battery","V","","µV","","µV"
"07/08/2024","16:38:51","1","default","166358087","001","31.150","min","246.523","μmol/L","Humid","24.347","deg","35663","µV","27.000","°C","1024.000","hPa","38.4","pmil","0","59.850","deg","20.000","°C","100.000","%a.s.","26.990","deg","23.835","°C","1018.000","hPa","0.808","-0.065","0.00038","-0.00034","0","31","Humid","5.00","0","2500.00","34853.47","SADD0002000339 Box 1","ABF1.0.0.0","4.0.0.2353","PSt3","221014-001","6/4/2024 1:58:11 PM","0000-00","0","no battery","V","","µV","","µV"
"07/08/2024","16:38:52","1","default","166358087","001","31.167","min","246.826","μmol/L","Humid","24.335","deg","35673","µV","27.000","°C","1024.000","hPa","38.4","pmil","0","59.850","deg","20.000","°C","100.000","%a.s.","26.990","deg","23.835","°C","1018.000","hPa","0.808","-0.065","0.00038","-0.00034","0","31","Humid","5.00","0","2500.00","34849.53","SADD0002000339 Box 1","ABF1.0.0.0","4.0.0.2353","PSt3","221014-001","6/4/2024 1:58:11 PM","0000-00","0","no battery","V","","µV","","µV"
"07/08/2024","16:38:53","1","default","166358087","001","31.183","min","246.523","μmol/L","Humid","24.347","deg","35671","µV","27.000","°C","1024.000","hPa","38.4","pmil","0","59.850","deg","20.000","°C","100.000","%a.s.","26.990","deg","23.835","°C","1018.000","hPa","0.808","-0.065","0.00038","-0.00034","0","31","Humid","5.00","0","2500.00","34853.65","SADD0002000339 Box 1","ABF1.0.0.0","4.0.0.2353","PSt3","221014-001","6/4/2024 1:58:11 PM","0000-00","0","no battery","V","","µV","","µV"
"07/08/2024","16:38:54","1","default","166358087","001","31.200","min","246.321","μmol/L","Humid","24.355","deg","35675","µV","27.000","°C","1024.000","hPa","38.4","pmil","0","59.850","deg","20.000","°C","100.000","%a.s.","26.990","deg","23.835","°C","1018.000","hPa","0.808","-0.065","0.00038","-0.00034","0","31","Humid","5.00","0","2500.00","34847.52","SADD0002000339 Box 1","ABF1.0.0.0","4.0.0.2353","PSt3","221014-001","6/4/2024 1:58:11 PM","0000-00","0","no battery","V","","µV","","µV"
"07/08/2024","16:38:55","1","default","166358087","001","31.217","min","246.472","μmol/L","Humid","24.349","deg","35668","µV","27.000","°C","1024.000","hPa","38.4","pmil","0","59.850","deg","20.000","°C","100.000","%a.s.","26.990","deg","23.835","°C","1018.000","hPa","0.808","-0.065","0.00038","-0.00034","0","31","Humid","5.00","0","2500.00","34853.51","SADD0002000339 Box 1","ABF1.0.0.0","4.0.0.2353","PSt3","221014-001","6/4/2024 1:58:11 PM","0000-00","0","no battery","V","","µV","","µV"
"07/08/2024","16:38:56","1","default","166358087","001","31.233","min","246.750","μmol/L","Humid","24.338","deg","35675","µV","27.000","°C","1024.000","hPa","38.4","pmil","0","59.850","deg","20.000","°C","100.000","%a.s.","26.990","deg","23.835","°C","1018.000","hPa","0.808","-0.065","0.00038","-0.00034","0","31","Humid","5.00","0","2500.00","34857.23","SADD0002000339 Box 1","ABF1.0.0.0","4.0.0.2353","PSt3","221014-001","6/4/2024 1:58:11 PM","0000-00","0","no battery","V","","µV","","µV"
"07/08/2024","16:38:57","1","default","166358087","001","31.250","min","246.220","μmol/L","Humid","24.359","deg","35671","µV","27.000","°C","1024.000","hPa","38.4","pmil","0","59.850","deg","20.000","°C","100.000","%a.s.","26.990","deg","23.835","°C","1018.000","hPa","0.808","-0.065","0.00038","-0.00034","0","31","Humid","5.00","0","2500.00","34850.79","SADD0002000339 Box 1","ABF1.0.0.0","4.0.0.2353","PSt3","221014-001","6/4/2024 1:58:11 PM","0000-00","0","no battery","V","","µV","","µV"
"07/08/2024","16:38:58","1","default","166358087","001","31.266","min","246.649","μmol/L","Humid","24.342","deg","35670","µV","27.000","°C","1024.000","hPa","38.4","pmil","0","59.850","deg","20.000","°C","100.000","%a.s.","26.990","deg","23.835","°C","1018.000","hPa","0.808","-0.065","0.00038","-0.00034","0","31","Humid","5.00","0","2500.00","34848.14","SADD0002000339 Box 1","ABF1.0.0.0","4.0.0.2353","PSt3","221014-001","6/4/2024 1:58:11 PM","0000-00","0","no battery","V","","µV","","µV"
"07/08/2024","16:38:59","1","default","166358087","001","31.283","min","246.396","μmol/L","Humid","24.352","deg","35671","µV","27.000","°C","1024.000","hPa","38.4","pmil","0","59.850","deg","20.000","°C","100.000","%a.s.","26.990","deg","23.835","°C","1018.000","hPa","0.808","-0.065","0.00038","-0.00034","0","31","Humid","5.00","0","2500.00","34851.28","SADD0002000339 Box 1","ABF1.0.0.0","4.0.0.2353","PSt3","221014-001","6/4/2024 1:58:11 PM","0000-00","0","no battery","V","","µV","","µV"
"07/08/2024","16:39:00","1","default","166358087","001","31.300","min","246.346","μmol/L","Humid","24.354","deg","35677","µV","27.000","°C","1024.000","hPa","38.4","pmil","0","59.850","deg","20.000","°C","100.000","%a.s.","26.990","deg","23.835","°C","1018.000","hPa","0.808","-0.065","0.00038","-0.00034","0","31","Humid","5.00","0","2500.00","34850.11","SADD0002000339 Box 1","ABF1.0.0.0","4.0.0.2353","PSt3","221014-001","6/4/2024 1:58:11 PM","0000-00","0","no battery","V","","µV","","µV"
"07/08/2024","16:39:01","1","default","166358087","001","31.316","min","246.573","μmol/L","Humid","24.345","deg","35677","µV","27.000","°C","1024.000","hPa","38.4","pmil","0","59.850","deg","20.000","°C","100.000","%a.s.","26.990","deg","23.835","°C","1018.000","hPa","0.808","-0.065","0.00038","-0.00034","0","31","Humid","5.00","0","2500.00","34849.43","SADD0002000339 Box 1","ABF1.0.0.0","4.0.0.2353","PSt3","221014-001","6/4/2024 1:58:11 PM","0000-00","0","no battery","V","","µV","","µV"
"07/08/2024","16:39:02","1","default","166358087","001","31.333","min","246.624","μmol/L","Humid","24.343","deg","35672","µV","27.000","°C","1024.000","hPa","38.4","pmil","0","59.850","deg","20.000","°C","100.000","%a.s.","26.990","deg","23.835","°C","1018.000","hPa","0.808","-0.065","0.00038","-0.00034","0","31","Humid","5.00","0","2500.00","34852.27","SADD0002000339 Box 1","ABF1.0.0.0","4.0.0.2353","PSt3","221014-001","6/4/2024 1:58:11 PM","0000-00","0","no battery","V","","µV","","µV"
"07/08/2024","16:39:03","1","default","166358087","001","31.350","min","246.497","μmol/L","Humid","24.348","deg","35669","µV","27.000","°C","1024.000","hPa","38.4","pmil","0","59.850","deg","20.000","°C","100.000","%a.s.","26.990","deg","23.835","°C","1018.000","hPa","0.808","-0.065","0.00038","-0.00034","0","31","Humid","5.00","0","2500.00","34854.58","SADD0002000339 Box 1","ABF1.0.0.0","4.0.0.2353","PSt3","221014-001","6/4/2024 1:58:11 PM","0000-00","0","no battery","V","","µV","","µV"
"07/08/2024","16:39:04","1","default","166358087","001","31.366","min","246.396","μmol/L","Humid","24.352","deg","35674","µV","27.000","°C","1024.000","hPa","38.4","pmil","0","59.850","deg","20.000","°C","100.000","%a.s.","26.990","deg","23.835","°C","1018.000","hPa","0.808","-0.065","0.00038","-0.00034","0","31","Humid","5.00","0","2500.00","34850.05","SADD0002000339 Box 1","ABF1.0.0.0","4.0.0.2353","PSt3","221014-001","6/4/2024 1:58:11 PM","0000-00","0","no battery","V","","µV","","µV"
"07/08/2024","16:39:05","1","default","166358087","001","31.383","min","246.422","μmol/L","Humid","24.351","deg","35670","µV","27.000","°C","1024.000","hPa","38.4","pmil","0","59.850","deg","20.000","°C","100.000","%a.s.","26.990","deg","23.835","°C","1018.000","hPa","0.808","-0.065","0.00038","-0.00034","0","31","Humid","5.00","0","2500.00","34852.99","SADD0002000339 Box 1","ABF1.0.0.0","4.0.0.2353","PSt3","221014-001","6/4/2024 1:58:11 PM","0000-00","0","no battery","V","","µV","","µV"
"07/08/2024","16:39:06","1","default","166358087","001","31.400","min","246.371","μmol/L","Humid","24.353","deg","35674","µV","27.000","°C","1024.000","hPa","38.4","pmil","0","59.850","deg","20.000","°C","100.000","%a.s.","26.990","deg","23.835","°C","1018.000","hPa","0.808","-0.065","0.00038","-0.00034","0","31","Humid","5.00","0","2500.00","34851.36","SADD0002000339 Box 1","ABF1.0.0.0","4.0.0.2353","PSt3","221014-001","6/4/2024 1:58:11 PM","0000-00","0","no battery","V","","µV","","µV"
"07/08/2024","16:39:07","1","default","166358087","001","31.416","min","246.523","μmol/L","Humid","24.347","deg","35672","µV","27.000","°C","1024.000","hPa","38.4","pmil","0","59.850","deg","20.000","°C","100.000","%a.s.","26.990","deg","23.835","°C","1018.000","hPa","0.808","-0.065","0.00038","-0.00034","0","31","Humid","5.00","0","2500.00","34856.28","SADD0002000339 Box 1","ABF1.0.0.0","4.0.0.2353","PSt3","221014-001","6/4/2024 1:58:11 PM","0000-00","0","no battery","V","","µV","","µV"
"07/08/2024","16:39:08","1","default","166358087","001","31.433","min","246.472","μmol/L","Humid","24.349","deg","35677","µV","27.000","°C","1024.000","hPa","38.4","pmil","0","59.850","deg","20.000","°C","100.000","%a.s.","26.990","deg","23.835","°C","1018.000","hPa","0.808","-0.065","0.00038","-0.00034","0","31","Humid","5.00","0","2500.00","34847.61","SADD0002000339 Box 1","ABF1.0.0.0","4.0.0.2353","PSt3","221014-001","6/4/2024 1:58:11 PM","0000-00","0","no battery","V","","µV","","µV"
"07/08/2024","16:39:09","1","default","166358087","001","31.450","min","246.447","μmol/L","Humid","24.350","deg","35671","µV","27.000","°C","1024.000","hPa","38.4","pmil","0","59.850","deg","20.000","°C","100.000","%a.s.","26.990","deg","23.835","°C","1018.000","hPa","0.808","-0.065","0.00038","-0.00034","0","31","Humid","5.00","0","2500.00","34853.09","SADD0002000339 Box 1","ABF1.0.0.0","4.0.0.2353","PSt3","221014-001","6/4/2024 1:58:11 PM","0000-00","0","no battery","V","","µV","","µV"
"07/08/2024","16:39:10","1","default","166358087","001","31.467","min","246.523","μmol/L","Humid","24.347","deg","35669","µV","27.000","°C","1024.000","hPa","38.4","pmil","0","59.850","deg","20.000","°C","100.000","%a.s.","26.990","deg","23.835","°C","1018.000","hPa","0.808","-0.065","0.00038","-0.00034","0","31","Humid","5.00","0","2500.00","34851.36","SADD0002000339 Box 1","ABF1.0.0.0","4.0.0.2353","PSt3","221014-001","6/4/2024 1:58:11 PM","0000-00","0","no battery","V","","µV","","µV"
"07/08/2024","16:39:11","1","default","166358087","001","31.484","min","246.472","μmol/L","Humid","24.349","deg","35674","µV","27.000","°C","1024.000","hPa","38.4","pmil","0","59.850","deg","20.000","°C","100.000","%a.s.","26.990","deg","23.835","°C","1018.000","hPa","0.808","-0.065","0.00038","-0.00034","0","31","Humid","5.00","0","2500.00","34851.48","SADD0002000339 Box 1","ABF1.0.0.0","4.0.0.2353","PSt3","221014-001","6/4/2024 1:58:11 PM","0000-00","0","no battery","V","","µV","","µV"
"07/08/2024","16:39:12","1","default","166358087","001","31.500","min","246.194","μmol/L","Humid","24.360","deg","35676","µV","27.000","°C","1024.000","hPa","38.4","pmil","0","59.850","deg","20.000","°C","100.000","%a.s.","26.990","deg","23.835","°C","1018.000","hPa","0.808","-0.065","0.00038","-0.00034","0","31","Humid","5.00","0","2500.00","34851.22","SADD0002000339 Box 1","ABF1.0.0.0","4.0.0.2353","PSt3","221014-001","6/4/2024 1:58:11 PM","0000-00","0","no battery","V","","µV","","µV"
"07/08/2024","16:39:13","1","default","166358087","001","31.517","min","246.068","μmol/L","Humid","24.365","deg","35675","µV","27.000","°C","1024.000","hPa","38.4","pmil","0","59.850","deg","20.000","°C","100.000","%a.s.","26.990","deg","23.835","°C","1018.000","hPa","0.808","-0.065","0.00038","-0.00034","0","31","Humid","5.00","0","2500.00","34850.59","SADD0002000339 Box 1","ABF1.0.0.0","4.0.0.2353","PSt3","221014-001","6/4/2024 1:58:11 PM","0000-00","0","no battery","V","","µV","","µV"
"07/08/2024","16:39:14","1","default","166358087","001","31.533","min","246.523","μmol/L","Humid","24.347","deg","35680","µV","27.000","°C","1024.000","hPa","38.4","pmil","0","59.850","deg","20.000","°C","100.000","%a.s.","26.990","deg","23.835","°C","1018.000","hPa","0.808","-0.065","0.00038","-0.00034","0","31","Humid","5.00","0","2500.00","34857.44","SADD0002000339 Box 1","ABF1.0.0.0","4.0.0.2353","PSt3","221014-001","6/4/2024 1:58:11 PM","0000-00","0","no battery","V","","µV","","µV"
"07/08/2024","16:39:15","1","default","166358087","001","31.550","min","246.750","μmol/L","Humid","24.338","deg","35679","µV","27.000","°C","1024.000","hPa","38.4","pmil","0","59.850","deg","20.000","°C","100.000","%a.s.","26.990","deg","23.835","°C","1018.000","hPa","0.808","-0.065","0.00038","-0.00034","0","31","Humid","5.00","0","2500.00","34851.98","SADD0002000339 Box 1","ABF1.0.0.0","4.0.0.2353","PSt3","221014-001","6/4/2024 1:58:11 PM","0000-00","0","no battery","V","","µV","","µV"
"07/08/2024","16:39:16","1","default","166358087","001","31.567","min","246.270","μmol/L","Humid","24.357","deg","35680","µV","27.000","°C","1024.000","hPa","38.4","pmil","0","59.850","deg","20.000","°C","100.000","%a.s.","26.990","deg","23.835","°C","1018.000","hPa","0.808","-0.065","0.00038","-0.00034","0","31","Humid","5.00","0","2500.00","34849.81","SADD0002000339 Box 1","ABF1.0.0.0","4.0.0.2353","PSt3","221014-001","6/4/2024 1:58:11 PM","0000-00","0","no battery","V","","µV","","µV"
"07/08/2024","16:39:17","1","default","166358087","001","31.583","min","246.447","μmol/L","Humid","24.350","deg","35679","µV","27.000","°C","1024.000","hPa","38.4","pmil","0","59.850","deg","20.000","°C","100.000","%a.s.","26.990","deg","23.835","°C","1018.000","hPa","0.808","-0.065","0.00038","-0.00034","0","31","Humid","5.00","0","2500.00","34846.85","SADD0002000339 Box 1","ABF1.0.0.0","4.0.0.2353","PSt3","221014-001","6/4/2024 1:58:11 PM","0000-00","0","no battery","V","","µV","","µV"
"07/08/2024","16:39:18","1","default","166358087","001","31.600","min","246.245","μmol/L","Humid","24.358","deg","35670","µV","27.000","°C","1024.000","hPa","38.4","pmil","0","59.850","deg","20.000","°C","100.000","%a.s.","26.990","deg","23.835","°C","1018.000","hPa","0.808","-0.065","0.00038","-0.00034","0","31","Humid","5.00","0","2500.00","34846.31","SADD0002000339 Box 1","ABF1.0.0.0","4.0.0.2353","PSt3","221014-001","6/4/2024 1:58:11 PM","0000-00","0","no battery","V","","µV","","µV"
"07/08/2024","16:39:19","1","default","166358087","001","31.617","min","246.422","μmol/L","Humid","24.351","deg","35678","µV","27.000","°C","1024.000","hPa","38.4","pmil","0","59.850","deg","20.000","°C","100.000","%a.s.","26.990","deg","23.835","°C","1018.000","hPa","0.808","-0.065","0.00038","-0.00034","0","31","Humid","5.00","0","2500.00","34848.72","SADD0002000339 Box 1","ABF1.0.0.0","4.0.0.2353","PSt3","221014-001","6/4/2024 1:58:11 PM","0000-00","0","no battery","V","","µV","","µV"
"07/08/2024","16:39:20","1","default","166358087","001","31.634","min","246.119","μmol/L","Humid","24.363","deg","35676","µV","27.000","°C","1024.000","hPa","38.4","pmil","0","59.850","deg","20.000","°C","100.000","%a.s.","26.990","deg","23.835","°C","1018.000","hPa","0.808","-0.065","0.00038","-0.00034","0","31","Humid","5.00","0","2500.00","34846.14","SADD0002000339 Box 1","ABF1.0.0.0","4.0.0.2353","PSt3","221014-001","6/4/2024 1:58:11 PM","0000-00","0","no battery","V","","µV","","µV"
"07/08/2024","16:39:21","1","default","166358087","001","31.650","min","246.396","μmol/L","Humid","24.352","deg","35680","µV","27.000","°C","1024.000","hPa","38.4","pmil","0","59.850","deg","20.000","°C","100.000","%a.s.","26.990","deg","23.835","°C","1018.000","hPa","0.808","-0.065","0.00038","-0.00034","0","31","Humid","5.00","0","2500.00","34850.68","SADD0002000339 Box 1","ABF1.0.0.0","4.0.0.2353","PSt3","221014-001","6/4/2024 1:58:11 PM","0000-00","0","no battery","V","","µV","","µV"
"07/08/2024","16:39:22","1","default","166358087","001","31.667","min","246.270","μmol/L","Humid","24.357","deg","35678","µV","27.000","°C","1024.000","hPa","38.4","pmil","0","59.850","deg","20.000","°C","100.000","%a.s.","26.990","deg","23.835","°C","1018.000","hPa","0.808","-0.065","0.00038","-0.00034","0","31","Humid","5.00","0","2500.00","34849.04","SADD0002000339 Box 1","ABF1.0.0.0","4.0.0.2353","PSt3","221014-001","6/4/2024 1:58:11 PM","0000-00","0","no battery","V","","µV","","µV"
"07/08/2024","16:39:23","1","default","166358087","001","31.684","min","246.295","μmol/L","Humid","24.356","deg","35680","µV","27.000","°C","1024.000","hPa","38.4","pmil","0","59.850","deg","20.000","°C","100.000","%a.s.","26.990","deg","23.835","°C","1018.000","hPa","0.808","-0.065","0.00038","-0.00034","0","31","Humid","5.00","0","2500.00","34853.17","SADD0002000339 Box 1","ABF1.0.0.0","4.0.0.2353","PSt3","221014-001","6/4/2024 1:58:11 PM","0000-00","0","no battery","V","","µV","","µV"
"07/08/2024","16:39:24","1","default","166358087","001","31.700","min","246.194","μmol/L","Humid","24.360","deg","35680","µV","27.000","°C","1024.000","hPa","38.4","pmil","0","59.850","deg","20.000","°C","100.000","%a.s.","26.990","deg","23.835","°C","1018.000","hPa","0.808","-0.065","0.00038","-0.00034","0","31","Humid","5.00","0","2500.00","34851.65","SADD0002000339 Box 1","ABF1.0.0.0","4.0.0.2353","PSt3","221014-001","6/4/2024 1:58:11 PM","0000-00","0","no battery","V","","µV","","µV"
"07/08/2024","16:39:25","1","default","166358087","001","31.717","min","246.396","μmol/L","Humid","24.352","deg","35680","µV","27.000","°C","1024.000","hPa","38.4","pmil","0","59.850","deg","20.000","°C","100.000","%a.s.","26.990","deg","23.835","°C","1018.000","hPa","0.808","-0.065","0.00038","-0.00034","0","31","Humid","5.00","0","2500.00","34849.16","SADD0002000339 Box 1","ABF1.0.0.0","4.0.0.2353","PSt3","221014-001","6/4/2024 1:58:11 PM","0000-00","0","no battery","V","","µV","","µV"
"07/08/2024","16:39:26","1","default","166358087","001","31.733","min","246.270","μmol/L","Humid","24.357","deg","35684","µV","27.000","°C","1024.000","hPa","38.4","pmil","0","59.850","deg","20.000","°C","100.000","%a.s.","26.990","deg","23.835","°C","1018.000","hPa","0.808","-0.065","0.00038","-0.00034","0","31","Humid","5.00","0","2500.00","34852.90","SADD0002000339 Box 1","ABF1.0.0.0","4.0.0.2353","PSt3","221014-001","6/4/2024 1:58:11 PM","0000-00","0","no battery","V","","µV","","µV"
"07/08/2024","16:39:27","1","default","166358087","001","31.750","min","246.346","μmol/L","Humid","24.354","deg","35689","µV","27.000","°C","1024.000","hPa","38.4","pmil","0","59.850","deg","20.000","°C","100.000","%a.s.","26.990","deg","23.835","°C","1018.000","hPa","0.808","-0.065","0.00038","-0.00034","0","31","Humid","5.00","0","2500.00","34851.42","SADD0002000339 Box 1","ABF1.0.0.0","4.0.0.2353","PSt3","221014-001","6/4/2024 1:58:11 PM","0000-00","0","no battery","V","","µV","","µV"
"07/08/2024","16:39:28","1","default","166358087","001","31.767","min","246.497","μmol/L","Humid","24.348","deg","35687","µV","27.000","°C","1024.000","hPa","38.4","pmil","0","59.850","deg","20.000","°C","100.000","%a.s.","26.990","deg","23.835","°C","1018.000","hPa","0.808","-0.065","0.00038","-0.00034","0","31","Humid","5.00","0","2500.00","34852.40","SADD0002000339 Box 1","ABF1.0.0.0","4.0.0.2353","PSt3","221014-001","6/4/2024 1:58:11 PM","0000-00","0","no battery","V","","µV","","µV"
"07/08/2024","16:39:29","1","default","166358087","001","31.783","min","246.472","μmol/L","Humid","24.349","deg","35685","µV","27.000","°C","1024.000","hPa","38.4","pmil","0","59.850","deg","20.000","°C","100.000","%a.s.","26.990","deg","23.835","°C","1018.000","hPa","0.808","-0.065","0.00038","-0.00034","0","31","Humid","5.00","0","2500.00","34851.17","SADD0002000339 Box 1","ABF1.0.0.0","4.0.0.2353","PSt3","221014-001","6/4/2024 1:58:11 PM","0000-00","0","no battery","V","","µV","","µV"
"07/08/2024","16:39:30","1","default","166358087","001","31.800","min","246.523","μmol/L","Humid","24.347","deg","35688","µV","27.000","°C","1024.000","hPa","38.4","pmil","0","59.850","deg","20.000","°C","100.000","%a.s.","26.990","deg","23.835","°C","1018.000","hPa","0.808","-0.065","0.00038","-0.00034","0","31","Humid","5.00","0","2500.00","34853.74","SADD0002000339 Box 1","ABF1.0.0.0","4.0.0.2353","PSt3","221014-001","6/4/2024 1:58:11 PM","0000-00","0","no battery","V","","µV","","µV"
"07/08/2024","16:39:31","1","default","166358087","001","31.817","min","246.371","μmol/L","Humid","24.353","deg","35690","µV","27.000","°C","1024.000","hPa","38.4","pmil","0","59.850","deg","20.000","°C","100.000","%a.s.","26.990","deg","23.835","°C","1018.000","hPa","0.808","-0.065","0.00038","-0.00034","0","31","Humid","5.00","0","2500.00","34849.41","SADD0002000339 Box 1","ABF1.0.0.0","4.0.0.2353","PSt3","221014-001","6/4/2024 1:58:11 PM","0000-00","0","no battery","V","","µV","","µV"
"07/08/2024","16:39:32","1","default","166358087","001","31.833","min","246.270","μmol/L","Humid","24.357","deg","35691","µV","27.000","°C","1024.000","hPa","38.4","pmil","0","59.850","deg","20.000","°C","100.000","%a.s.","26.990","deg","23.835","°C","1018.000","hPa","0.808","-0.065","0.00038","-0.00034","0","31","Humid","5.00","0","2500.00","34854.96","SADD0002000339 Box 1","ABF1.0.0.0","4.0.0.2353","PSt3","221014-001","6/4/2024 1:58:11 PM","0000-00","0","no battery","V","","µV","","µV"
"07/08/2024","16:39:33","1","default","166358087","001","31.850","min","246.220","μmol/L","Humid","24.359","deg","35689","µV","27.000","°C","1024.000","hPa","38.4","pmil","0","59.850","deg","20.000","°C","100.000","%a.s.","26.990","deg","23.835","°C","1018.000","hPa","0.808","-0.065","0.00038","-0.00034","0","31","Humid","5.00","0","2500.00","34848.72","SADD0002000339 Box 1","ABF1.0.0.0","4.0.0.2353","PSt3","221014-001","6/4/2024 1:58:11 PM","0000-00","0","no battery","V","","µV","","µV"
"07/08/2024","16:39:34","1","default","166358087","001","31.867","min","246.245","μmol/L","Humid","24.358","deg","35693","µV","27.000","°C","1024.000","hPa","38.4","pmil","0","59.850","deg","20.000","°C","100.000","%a.s.","26.990","deg","23.835","°C","1018.000","hPa","0.808","-0.065","0.00038","-0.00034","0","31","Humid","5.00","0","2500.00","34848.50","SADD0002000339 Box 1","ABF1.0.0.0","4.0.0.2353","PSt3","221014-001","6/4/2024 1:58:11 PM","0000-00","0","no battery","V","","µV","","µV"
"07/08/2024","16:39:35","1","default","166358087","001","31.883","min","246.447","μmol/L","Humid","24.350","deg","35692","µV","27.000","°C","1024.000","hPa","38.4","pmil","0","59.850","deg","20.000","°C","100.000","%a.s.","26.990","deg","23.835","°C","1018.000","hPa","0.808","-0.065","0.00038","-0.00034","0","31","Humid","5.00","0","2500.00","34849.00","SADD0002000339 Box 1","ABF1.0.0.0","4.0.0.2353","PSt3","221014-001","6/4/2024 1:58:11 PM","0000-00","0","no battery","V","","µV","","µV"
"07/08/2024","16:39:36","1","default","166358087","001","31.900","min","246.548","μmol/L","Humid","24.346","deg","35691","µV","27.000","°C","1024.000","hPa","38.4","pmil","0","59.850","deg","20.000","°C","100.000","%a.s.","26.990","deg","23.835","°C","1018.000","hPa","0.808","-0.065","0.00038","-0.00034","0","31","Humid","5.00","0","2500.00","34848.29","SADD0002000339 Box 1","ABF1.0.0.0","4.0.0.2353","PSt3","221014-001","6/4/2024 1:58:11 PM","0000-00","0","no battery","V","","µV","","µV"
"07/08/2024","16:39:37","1","default","166358087","001","31.917","min","246.068","μmol/L","Humid","24.365","deg","35692","µV","27.000","°C","1024.000","hPa","38.4","pmil","0","59.850","deg","20.000","°C","100.000","%a.s.","26.990","deg","23.835","°C","1018.000","hPa","0.808","-0.065","0.00038","-0.00034","0","31","Humid","5.00","0","2500.00","34850.11","SADD0002000339 Box 1","ABF1.0.0.0","4.0.0.2353","PSt3","221014-001","6/4/2024 1:58:11 PM","0000-00","0","no battery","V","","µV","","µV"
"07/08/2024","16:39:38","1","default","166358087","001","31.933","min","246.194","μmol/L","Humid","24.360","deg","35690","µV","27.000","°C","1024.000","hPa","38.4","pmil","0","59.850","deg","20.000","°C","100.000","%a.s.","26.990","deg","23.835","°C","1018.000","hPa","0.808","-0.065","0.00038","-0.00034","0","31","Humid","5.00","0","2500.00","34854.29","SADD0002000339 Box 1","ABF1.0.0.0","4.0.0.2353","PSt3","221014-001","6/4/2024 1:58:11 PM","0000-00","0","no battery","V","","µV","","µV"
"07/08/2024","16:39:39","1","default","166358087","001","31.950","min","246.396","μmol/L","Humid","24.352","deg","35690","µV","27.000","°C","1024.000","hPa","38.4","pmil","0","59.850","deg","20.000","°C","100.000","%a.s.","26.990","deg","23.835","°C","1018.000","hPa","0.808","-0.065","0.00038","-0.00034","0","31","Humid","5.00","0","2500.00","34850.49","SADD0002000339 Box 1","ABF1.0.0.0","4.0.0.2353","PSt3","221014-001","6/4/2024 1:58:11 PM","0000-00","0","no battery","V","","µV","","µV"
"07/08/2024","16:39:40","1","default","166358087","001","31.967","min","246.371","μmol/L","Humid","24.353","deg","35694","µV","27.000","°C","1024.000","hPa","38.4","pmil","0","59.850","deg","20.000","°C","100.000","%a.s.","26.990","deg","23.835","°C","1018.000","hPa","0.808","-0.065","0.00038","-0.00034","0","31","Humid","5.00","0","2500.00","34855.48","SADD0002000339 Box 1","ABF1.0.0.0","4.0.0.2353","PSt3","221014-001","6/4/2024 1:58:11 PM","0000-00","0","no battery","V","","µV","","µV"
"07/08/2024","16:39:41","1","default","166358087","001","31.983","min","246.194","μmol/L","Humid","24.360","deg","35691","µV","27.000","°C","1024.000","hPa","38.4","pmil","0","59.850","deg","20.000","°C","100.000","%a.s.","26.990","deg","23.835","°C","1018.000","hPa","0.808","-0.065","0.00038","-0.00034","0","31","Humid","5.00","0","2500.00","34849.06","SADD0002000339 Box 1","ABF1.0.0.0","4.0.0.2353","PSt3","221014-001","6/4/2024 1:58:11 PM","0000-00","0","no battery","V","","µV","","µV"
"07/08/2024","16:39:42","1","default","166358087","001","32.000","min","246.144","μmol/L","Humid","24.362","deg","35697","µV","27.000","°C","1024.000","hPa","38.4","pmil","0","59.850","deg","20.000","°C","100.000","%a.s.","26.990","deg","23.835","°C","1018.000","hPa","0.808","-0.065","0.00038","-0.00034","0","31","Humid","5.00","0","2500.00","34847.13","SADD0002000339 Box 1","ABF1.0.0.0","4.0.0.2353","PSt3","221014-001","6/4/2024 1:58:11 PM","0000-00","0","no battery","V","","µV","","µV"
"07/08/2024","16:39:43","1","default","166358087","001","32.017","min","246.018","μmol/L","Humid","24.367","deg","35694","µV","27.000","°C","1024.000","hPa","38.4","pmil","0","59.850","deg","20.000","°C","100.000","%a.s.","26.990","deg","23.835","°C","1018.000","hPa","0.808","-0.065","0.00038","-0.00034","0","31","Humid","5.00","0","2500.00","34848.15","SADD0002000339 Box 1","ABF1.0.0.0","4.0.0.2353","PSt3","221014-001","6/4/2024 1:58:11 PM","0000-00","0","no battery","V","","µV","","µV"
"07/08/2024","16:39:44","1","default","166358087","001","32.033","min","246.396","μmol/L","Humid","24.352","deg","35695","µV","27.000","°C","1024.000","hPa","38.4","pmil","0","59.850","deg","20.000","°C","100.000","%a.s.","26.990","deg","23.835","°C","1018.000","hPa","0.808","-0.065","0.00038","-0.00034","0","31","Humid","5.00","0","2500.00","34851.95","SADD0002000339 Box 1","ABF1.0.0.0","4.0.0.2353","PSt3","221014-001","6/4/2024 1:58:11 PM","0000-00","0","no battery","V","","µV","","µV"
"07/08/2024","16:39:45","1","default","166358087","001","32.050","min","246.346","μmol/L","Humid","24.354","deg","35694","µV","27.000","°C","1024.000","hPa","38.4","pmil","0","59.850","deg","20.000","°C","100.000","%a.s.","26.990","deg","23.835","°C","1018.000","hPa","0.808","-0.065","0.00038","-0.00034","0","31","Humid","5.00","0","2500.00","34848.62","SADD0002000339 Box 1","ABF1.0.0.0","4.0.0.2353","PSt3","221014-001","6/4/2024 1:58:11 PM","0000-00","0","no battery","V","","µV","","µV"
"07/08/2024","16:39:46","1","default","166358087","001","32.067","min","246.043","μmol/L","Humid","24.366","deg","35693","µV","27.000","°C","1024.000","hPa","38.4","pmil","0","59.850","deg","20.000","°C","100.000","%a.s.","26.990","deg","23.835","°C","1018.000","hPa","0.808","-0.065","0.00038","-0.00034","0","31","Humid","5.00","0","2500.00","34851.49","SADD0002000339 Box 1","ABF1.0.0.0","4.0.0.2353","PSt3","221014-001","6/4/2024 1:58:11 PM","0000-00","0","no battery","V","","µV","","µV"
"07/08/2024","16:39:47","1","default","166358087","001","32.083","min","246.396","μmol/L","Humid","24.352","deg","35696","µV","27.000","°C","1024.000","hPa","38.4","pmil","0","59.850","deg","20.000","°C","100.000","%a.s.","26.990","deg","23.835","°C","1018.000","hPa","0.808","-0.065","0.00038","-0.00034","0","31","Humid","5.00","0","2500.00","34848.90","SADD0002000339 Box 1","ABF1.0.0.0","4.0.0.2353","PSt3","221014-001","6/4/2024 1:58:11 PM","0000-00","0","no battery","V","","µV","","µV"
"07/08/2024","16:39:48","1","default","166358087","001","32.100","min","246.220","μmol/L","Humid","24.359","deg","35692","µV","27.000","°C","1024.000","hPa","38.4","pmil","0","59.850","deg","20.000","°C","100.000","%a.s.","26.990","deg","23.835","°C","1018.000","hPa","0.808","-0.065","0.00038","-0.00034","0","31","Humid","5.00","0","2500.00","34846.08","SADD0002000339 Box 1","ABF1.0.0.0","4.0.0.2353","PSt3","221014-001","6/4/2024 1:58:11 PM","0000-00","0","no battery","V","","µV","","µV"
"07/08/2024","16:39:49","1","default","166358087","001","32.117","min","246.144","μmol/L","Humid","24.362","deg","35694","µV","27.000","°C","1024.000","hPa","38.4","pmil","0","59.850","deg","20.000","°C","100.000","%a.s.","26.990","deg","23.835","°C","1018.000","hPa","0.808","-0.065","0.00038","-0.00034","0","31","Humid","5.00","0","2500.00","34848.15","SADD0002000339 Box 1","ABF1.0.0.0","4.0.0.2353","PSt3","221014-001","6/4/2024 1:58:11 PM","0000-00","0","no battery","V","","µV","","µV"
"07/08/2024","16:39:50","1","default","166358087","001","32.133","min","246.321","μmol/L","Humid","24.355","deg","35697","µV","27.000","°C","1024.000","hPa","38.4","pmil","0","59.850","deg","20.000","°C","100.000","%a.s.","26.990","deg","23.835","°C","1018.000","hPa","0.808","-0.065","0.00038","-0.00034","0","31","Humid","5.00","0","2500.00","34850.63","SADD0002000339 Box 1","ABF1.0.0.0","4.0.0.2353","PSt3","221014-001","6/4/2024 1:58:11 PM","0000-00","0","no battery","V","","µV","","µV"
"07/08/2024","16:39:51","1","default","166358087","001","32.150","min","246.472","μmol/L","Humid","24.349","deg","35699","µV","27.000","°C","1024.000","hPa","38.4","pmil","0","59.850","deg","20.000","°C","100.000","%a.s.","26.990","deg","23.835","°C","1018.000","hPa","0.808","-0.065","0.00038","-0.00034","0","31","Humid","5.00","0","2500.00","34844.16","SADD0002000339 Box 1","ABF1.0.0.0","4.0.0.2353","PSt3","221014-001","6/4/2024 1:58:11 PM","0000-00","0","no battery","V","","µV","","µV"
"07/08/2024","16:39:52","1","default","166358087","001","32.167","min","246.295","μmol/L","Humid","24.356","deg","35696","µV","27.000","°C","1024.000","hPa","38.4","pmil","0","59.850","deg","20.000","°C","100.000","%a.s.","26.990","deg","23.835","°C","1018.000","hPa","0.808","-0.065","0.00038","-0.00034","0","31","Humid","5.00","0","2500.00","34850.13","SADD0002000339 Box 1","ABF1.0.0.0","4.0.0.2353","PSt3","221014-001","6/4/2024 1:58:11 PM","0000-00","0","no battery","V","","µV","","µV"
"07/08/2024","16:39:53","1","default","166358087","001","32.183","min","246.068","μmol/L","Humid","24.365","deg","35702","µV","27.000","°C","1024.000","hPa","38.4","pmil","0","59.850","deg","20.000","°C","100.000","%a.s.","26.990","deg","23.835","°C","1018.000","hPa","0.808","-0.065","0.00038","-0.00034","0","31","Humid","5.00","0","2500.00","34848.08","SADD0002000339 Box 1","ABF1.0.0.0","4.0.0.2353","PSt3","221014-001","6/4/2024 1:58:11 PM","0000-00","0","no battery","V","","µV","","µV"
"07/08/2024","16:39:54","1","default","166358087","001","32.200","min","246.245","μmol/L","Humid","24.358","deg","35702","µV","27.000","°C","1024.000","hPa","38.4","pmil","0","59.850","deg","20.000","°C","100.000","%a.s.","26.990","deg","23.835","°C","1018.000","hPa","0.808","-0.065","0.00038","-0.00034","0","31","Humid","5.00","0","2500.00","34846.67","SADD0002000339 Box 1","ABF1.0.0.0","4.0.0.2353","PSt3","221014-001","6/4/2024 1:58:11 PM","0000-00","0","no battery","V","","µV","","µV"
"07/08/2024","16:39:55","1","default","166358087","001","32.217","min","246.068","μmol/L","Humid","24.365","deg","35705","µV","27.000","°C","1024.000","hPa","38.4","pmil","0","59.850","deg","20.000","°C","100.000","%a.s.","26.990","deg","23.835","°C","1018.000","hPa","0.808","-0.065","0.00038","-0.00034","0","31","Humid","5.00","0","2500.00","34848.20","SADD0002000339 Box 1","ABF1.0.0.0","4.0.0.2353","PSt3","221014-001","6/4/2024 1:58:11 PM","0000-00","0","no battery","V","","µV","","µV"
"07/08/2024","16:39:56","1","default","166358087","001","32.233","min","245.993","μmol/L","Humid","24.368","deg","35694","µV","27.000","°C","1024.000","hPa","38.4","pmil","0","59.850","deg","20.000","°C","100.000","%a.s.","26.990","deg","23.835","°C","1018.000","hPa","0.808","-0.065","0.00038","-0.00034","0","31","Humid","5.00","0","2500.00","34849.93","SADD0002000339 Box 1","ABF1.0.0.0","4.0.0.2353","PSt3","221014-001","6/4/2024 1:58:11 PM","0000-00","0","no battery","V","","µV","","µV"
"07/08/2024","16:39:57","1","default","166358087","001","32.250","min","246.169","μmol/L","Humid","24.361","deg","35697","µV","27.000","°C","1024.000","hPa","38.4","pmil","0","59.850","deg","20.000","°C","100.000","%a.s.","26.990","deg","23.835","°C","1018.000","hPa","0.808","-0.065","0.00038","-0.00034","0","31","Humid","5.00","0","2500.00","34849.74","SADD0002000339 Box 1","ABF1.0.0.0","4.0.0.2353","PSt3","221014-001","6/4/2024 1:58:11 PM","0000-00","0","no battery","V","","µV","","µV"
"07/08/2024","16:39:58","1","default","166358087","001","32.267","min","246.068","μmol/L","Humid","24.365","deg","35695","µV","27.000","°C","1024.000","hPa","38.4","pmil","0","59.850","deg","20.000","°C","100.000","%a.s.","26.990","deg","23.835","°C","1018.000","hPa","0.808","-0.065","0.00038","-0.00034","0","31","Humid","5.00","0","2500.00","34843.77","SADD0002000339 Box 1","ABF1.0.0.0","4.0.0.2353","PSt3","221014-001","6/4/2024 1:58:11 PM","0000-00","0","no battery","V","","µV","","µV"
"07/08/2024","16:39:59","1","default","166358087","001","32.283","min","246.144","μmol/L","Humid","24.362","deg","35701","µV","27.000","°C","1024.000","hPa","38.4","pmil","0","59.850","deg","20.000","°C","100.000","%a.s.","26.990","deg","23.835","°C","1018.000","hPa","0.808","-0.065","0.00038","-0.00034","0","31","Humid","5.00","0","2500.00","34850.06","SADD0002000339 Box 1","ABF1.0.0.0","4.0.0.2353","PSt3","221014-001","6/4/2024 1:58:11 PM","0000-00","0","no battery","V","","µV","","µV"
"07/08/2024","16:40:00","1","default","166358087","001","32.300","min","246.295","μmol/L","Humid","24.356","deg","35703","µV","27.000","°C","1024.000","hPa","38.4","pmil","0","59.850","deg","20.000","°C","100.000","%a.s.","26.990","deg","23.835","°C","1018.000","hPa","0.808","-0.065","0.00038","-0.00034","0","31","Humid","5.00","0","2500.00","34849.51","SADD0002000339 Box 1","ABF1.0.0.0","4.0.0.2353","PSt3","221014-001","6/4/2024 1:58:11 PM","0000-00","0","no battery","V","","µV","","µV"
"07/08/2024","16:40:01","1","default","166358087","001","32.317","min","246.598","μmol/L","Humid","24.344","deg","35708","µV","27.000","°C","1024.000","hPa","38.4","pmil","0","59.850","deg","20.000","°C","100.000","%a.s.","26.990","deg","23.835","°C","1018.000","hPa","0.808","-0.065","0.00038","-0.00034","0","31","Humid","5.00","0","2500.00","34849.76","SADD0002000339 Box 1","ABF1.0.0.0","4.0.0.2353","PSt3","221014-001","6/4/2024 1:58:11 PM","0000-00","0","no battery","V","","µV","","µV"
"07/08/2024","16:40:02","1","default","166358087","001","32.333","min","245.993","μmol/L","Humid","24.368","deg","35702","µV","27.000","°C","1024.000","hPa","38.4","pmil","0","59.850","deg","20.000","°C","100.000","%a.s.","26.990","deg","23.835","°C","1018.000","hPa","0.808","-0.065","0.00038","-0.00034","0","31","Humid","5.00","0","2500.00","34847.02","SADD0002000339 Box 1","ABF1.0.0.0","4.0.0.2353","PSt3","221014-001","6/4/2024 1:58:11 PM","0000-00","0","no battery","V","","µV","","µV"
"07/08/2024","16:40:03","1","default","166358087","001","32.350","min","246.169","μmol/L","Humid","24.361","deg","35703","µV","27.000","°C","1024.000","hPa","38.4","pmil","0","59.850","deg","20.000","°C","100.000","%a.s.","26.990","deg","23.835","°C","1018.000","hPa","0.808","-0.065","0.00038","-0.00034","0","31","Humid","5.00","0","2500.00","34847.38","SADD0002000339 Box 1","ABF1.0.0.0","4.0.0.2353","PSt3","221014-001","6/4/2024 1:58:11 PM","0000-00","0","no battery","V","","µV","","µV"
"07/08/2024","16:40:04","1","default","166358087","001","32.366","min","245.791","μmol/L","Humid","24.376","deg","35703","µV","27.000","°C","1024.000","hPa","38.4","pmil","0","59.850","deg","20.000","°C","100.000","%a.s.","26.990","deg","23.835","°C","1018.000","hPa","0.808","-0.065","0.00038","-0.00034","0","31","Humid","5.00","0","2500.00","34851.84","SADD0002000339 Box 1","ABF1.0.0.0","4.0.0.2353","PSt3","221014-001","6/4/2024 1:58:11 PM","0000-00","0","no battery","V","","µV","","µV"
"07/08/2024","16:40:05","1","default","166358087","001","32.383","min","246.220","μmol/L","Humid","24.359","deg","35703","µV","27.000","°C","1024.000","hPa","38.4","pmil","0","59.850","deg","20.000","°C","100.000","%a.s.","26.990","deg","23.835","°C","1018.000","hPa","0.808","-0.065","0.00038","-0.00034","0","31","Humid","5.00","0","2500.00","34849.59","SADD0002000339 Box 1","ABF1.0.0.0","4.0.0.2353","PSt3","221014-001","6/4/2024 1:58:11 PM","0000-00","0","no battery","V","","µV","","µV"
"07/08/2024","16:40:06","1","default","166358087","001","32.400","min","246.346","μmol/L","Humid","24.354","deg","35706","µV","27.000","°C","1024.000","hPa","38.4","pmil","0","59.850","deg","20.000","°C","100.000","%a.s.","26.990","deg","23.835","°C","1018.000","hPa","0.808","-0.065","0.00038","-0.00034","0","31","Humid","5.00","0","2500.00","34846.51","SADD0002000339 Box 1","ABF1.0.0.0","4.0.0.2353","PSt3","221014-001","6/4/2024 1:58:11 PM","0000-00","0","no battery","V","","µV","","µV"
"07/08/2024","16:40:07","1","default","166358087","001","32.417","min","246.093","μmol/L","Humid","24.364","deg","35706","µV","27.000","°C","1024.000","hPa","38.4","pmil","0","59.850","deg","20.000","°C","100.000","%a.s.","26.990","deg","23.835","°C","1018.000","hPa","0.808","-0.065","0.00038","-0.00034","0","31","Humid","5.00","0","2500.00","34852.59","SADD0002000339 Box 1","ABF1.0.0.0","4.0.0.2353","PSt3","221014-001","6/4/2024 1:58:11 PM","0000-00","0","no battery","V","","µV","","µV"
"07/08/2024","16:40:08","1","default","166358087","001","32.433","min","246.169","μmol/L","Humid","24.361","deg","35705","µV","27.000","°C","1024.000","hPa","38.4","pmil","0","59.850","deg","20.000","°C","100.000","%a.s.","26.990","deg","23.835","°C","1018.000","hPa","0.808","-0.065","0.00038","-0.00034","0","31","Humid","5.00","0","2500.00","34856.09","SADD0002000339 Box 1","ABF1.0.0.0","4.0.0.2353","PSt3","221014-001","6/4/2024 1:58:11 PM","0000-00","0","no battery","V","","µV","","µV"
"07/08/2024","16:40:09","1","default","166358087","001","32.450","min","246.018","μmol/L","Humid","24.367","deg","35701","µV","27.000","°C","1024.000","hPa","38.4","pmil","0","59.850","deg","20.000","°C","100.000","%a.s.","26.990","deg","23.835","°C","1018.000","hPa","0.808","-0.065","0.00038","-0.00034","0","31","Humid","5.00","0","2500.00","34847.32","SADD0002000339 Box 1","ABF1.0.0.0","4.0.0.2353","PSt3","221014-001","6/4/2024 1:58:11 PM","0000-00","0","no battery","V","","µV","","µV"
"07/08/2024","16:40:10","1","default","166358087","001","32.466","min","246.018","μmol/L","Humid","24.367","deg","35705","µV","27.000","°C","1024.000","hPa","38.4","pmil","0","59.850","deg","20.000","°C","100.000","%a.s.","26.990","deg","23.835","°C","1018.000","hPa","0.808","-0.065","0.00038","-0.00034","0","31","Humid","5.00","0","2500.00","34848.24","SADD0002000339 Box 1","ABF1.0.0.0","4.0.0.2353","PSt3","221014-001","6/4/2024 1:58:11 PM","0000-00","0","no battery","V","","µV","","µV"
"07/08/2024","16:40:11","1","default","166358087","001","32.483","min","245.791","μmol/L","Humid","24.376","deg","35713","µV","27.000","°C","1024.000","hPa","38.4","pmil","0","59.850","deg","20.000","°C","100.000","%a.s.","26.990","deg","23.835","°C","1018.000","hPa","0.808","-0.065","0.00038","-0.00034","0","31","Humid","5.00","0","2500.00","34843.74","SADD0002000339 Box 1","ABF1.0.0.0","4.0.0.2353","PSt3","221014-001","6/4/2024 1:58:11 PM","0000-00","0","no battery","V","","µV","","µV"
"07/08/2024","16:40:12","1","default","166358087","001","32.500","min","245.967","μmol/L","Humid","24.369","deg","35713","µV","27.000","°C","1024.000","hPa","38.4","pmil","0","59.850","deg","20.000","°C","100.000","%a.s.","26.990","deg","23.835","°C","1018.000","hPa","0.808","-0.065","0.00038","-0.00034","0","31","Humid","5.00","0","2500.00","34848.38","SADD0002000339 Box 1","ABF1.0.0.0","4.0.0.2353","PSt3","221014-001","6/4/2024 1:58:11 PM","0000-00","0","no battery","V","","µV","","µV"
"07/08/2024","16:40:13","1","default","166358087","001","32.517","min","246.220","μmol/L","Humid","24.359","deg","35706","µV","27.000","°C","1024.000","hPa","38.4","pmil","0","59.850","deg","20.000","°C","100.000","%a.s.","26.990","deg","23.835","°C","1018.000","hPa","0.808","-0.065","0.00038","-0.00034","0","31","Humid","5.00","0","2500.00","34848.22","SADD0002000339 Box 1","ABF1.0.0.0","4.0.0.2353","PSt3","221014-001","6/4/2024 1:58:11 PM","0000-00","0","no battery","V","","µV","","µV"
"07/08/2024","16:40:14","1","default","166358087","001","32.533","min","246.245","μmol/L","Humid","24.358","deg","35715","µV","27.000","°C","1024.000","hPa","38.4","pmil","0","59.850","deg","20.000","°C","100.000","%a.s.","26.990","deg","23.835","°C","1018.000","hPa","0.808","-0.065","0.00038","-0.00034","0","31","Humid","5.00","0","2500.00","34850.23","SADD0002000339 Box 1","ABF1.0.0.0","4.0.0.2353","PSt3","221014-001","6/4/2024 1:58:11 PM","0000-00","0","no battery","V","","µV","","µV"
"07/08/2024","16:40:15","1","default","166358087","001","32.550","min","246.346","μmol/L","Humid","24.354","deg","35709","µV","27.000","°C","1024.000","hPa","38.4","pmil","0","59.850","deg","20.000","°C","100.000","%a.s.","26.990","deg","23.835","°C","1018.000","hPa","0.808","-0.065","0.00038","-0.00034","0","31","Humid","5.00","0","2500.00","34849.97","SADD0002000339 Box 1","ABF1.0.0.0","4.0.0.2353","PSt3","221014-001","6/4/2024 1:58:11 PM","0000-00","0","no battery","V","","µV","","µV"
"07/08/2024","16:40:16","1","default","166358087","001","32.566","min","245.967","μmol/L","Humid","24.369","deg","35712","µV","27.000","°C","1024.000","hPa","38.4","pmil","0","59.850","deg","20.000","°C","100.000","%a.s.","26.990","deg","23.835","°C","1018.000","hPa","0.808","-0.065","0.00038","-0.00034","0","31","Humid","5.00","0","2500.00","34849.38","SADD0002000339 Box 1","ABF1.0.0.0","4.0.0.2353","PSt3","221014-001","6/4/2024 1:58:11 PM","0000-00","0","no battery","V","","µV","","µV"
"07/08/2024","16:40:17","1","default","166358087","001","32.583","min","246.119","μmol/L","Humid","24.363","deg","35709","µV","27.000","°C","1024.000","hPa","38.4","pmil","0","59.850","deg","20.000","°C","100.000","%a.s.","26.990","deg","23.835","°C","1018.000","hPa","0.808","-0.065","0.00038","-0.00034","0","31","Humid","5.00","0","2500.00","34842.61","SADD0002000339 Box 1","ABF1.0.0.0","4.0.0.2353","PSt3","221014-001","6/4/2024 1:58:11 PM","0000-00","0","no battery","V","","µV","","µV"
"07/08/2024","16:40:18","1","default","166358087","001","32.600","min","245.967","μmol/L","Humid","24.369","deg","35710","µV","27.000","°C","1024.000","hPa","38.4","pmil","0","59.850","deg","20.000","°C","100.000","%a.s.","26.990","deg","23.835","°C","1018.000","hPa","0.808","-0.065","0.00038","-0.00034","0","31","Humid","5.00","0","2500.00","34850.48","SADD0002000339 Box 1","ABF1.0.0.0","4.0.0.2353","PSt3","221014-001","6/4/2024 1:58:11 PM","0000-00","0","no battery","V","","µV","","µV"
"07/08/2024","16:40:19","1","default","166358087","001","32.616","min","245.867","μmol/L","Humid","24.373","deg","35710","µV","27.000","°C","1024.000","hPa","38.4","pmil","0","59.850","deg","20.000","°C","100.000","%a.s.","26.990","deg","23.835","°C","1018.000","hPa","0.808","-0.065","0.00038","-0.00034","0","31","Humid","5.00","0","2500.00","34852.93","SADD0002000339 Box 1","ABF1.0.0.0","4.0.0.2353","PSt3","221014-001","6/4/2024 1:58:11 PM","0000-00","0","no battery","V","","µV","","µV"
"07/08/2024","16:40:20","1","default","166358087","001","32.633","min","246.220","μmol/L","Humid","24.359","deg","35706","µV","27.000","°C","1024.000","hPa","38.4","pmil","0","59.850","deg","20.000","°C","100.000","%a.s.","26.990","deg","23.835","°C","1018.000","hPa","0.808","-0.065","0.00038","-0.00034","0","31","Humid","5.00","0","2500.00","34841.53","SADD0002000339 Box 1","ABF1.0.0.0","4.0.0.2353","PSt3","221014-001","6/4/2024 1:58:11 PM","0000-00","0","no battery","V","","µV","","µV"
"07/08/2024","16:40:21","1","default","166358087","001","32.650","min","246.220","μmol/L","Humid","24.359","deg","35714","µV","27.000","°C","1024.000","hPa","38.4","pmil","0","59.850","deg","20.000","°C","100.000","%a.s.","26.990","deg","23.835","°C","1018.000","hPa","0.808","-0.065","0.00038","-0.00034","0","31","Humid","5.00","0","2500.00","34851.49","SADD0002000339 Box 1","ABF1.0.0.0","4.0.0.2353","PSt3","221014-001","6/4/2024 1:58:11 PM","0000-00","0","no battery","V","","µV","","µV"
"07/08/2024","16:40:22","1","default","166358087","001","32.666","min","246.043","μmol/L","Humid","24.366","deg","35713","µV","27.000","°C","1024.000","hPa","38.4","pmil","0","59.850","deg","20.000","°C","100.000","%a.s.","26.990","deg","23.835","°C","1018.000","hPa","0.808","-0.065","0.00038","-0.00034","0","31","Humid","5.00","0","2500.00","34844.80","SADD0002000339 Box 1","ABF1.0.0.0","4.0.0.2353","PSt3","221014-001","6/4/2024 1:58:11 PM","0000-00","0","no battery","V","","µV","","µV"
"07/08/2024","16:40:23","1","default","166358087","001","32.683","min","246.194","μmol/L","Humid","24.360","deg","35719","µV","27.000","°C","1024.000","hPa","38.4","pmil","0","59.850","deg","20.000","°C","100.000","%a.s.","26.990","deg","23.835","°C","1018.000","hPa","0.808","-0.065","0.00038","-0.00034","0","31","Humid","5.00","0","2500.00","34853.22","SADD0002000339 Box 1","ABF1.0.0.0","4.0.0.2353","PSt3","221014-001","6/4/2024 1:58:11 PM","0000-00","0","no battery","V","","µV","","µV"
"07/08/2024","16:40:24","1","default","166358087","001","32.700","min","245.766","μmol/L","Humid","24.377","deg","35708","µV","27.000","°C","1024.000","hPa","38.4","pmil","0","59.850","deg","20.000","°C","100.000","%a.s.","26.990","deg","23.835","°C","1018.000","hPa","0.808","-0.065","0.00038","-0.00034","0","31","Humid","5.00","0","2500.00","34844.72","SADD0002000339 Box 1","ABF1.0.0.0","4.0.0.2353","PSt3","221014-001","6/4/2024 1:58:11 PM","0000-00","0","no battery","V","","µV","","µV"
"07/08/2024","16:40:25","1","default","166358087","001","32.716","min","246.119","μmol/L","Humid","24.363","deg","35714","µV","27.000","°C","1024.000","hPa","38.4","pmil","0","59.850","deg","20.000","°C","100.000","%a.s.","26.990","deg","23.835","°C","1018.000","hPa","0.808","-0.065","0.00038","-0.00034","0","31","Humid","5.00","0","2500.00","34847.67","SADD0002000339 Box 1","ABF1.0.0.0","4.0.0.2353","PSt3","221014-001","6/4/2024 1:58:11 PM","0000-00","0","no battery","V","","µV","","µV"
"07/08/2024","16:40:26","1","default","166358087","001","32.733","min","245.942","μmol/L","Humid","24.370","deg","35717","µV","27.000","°C","1024.000","hPa","38.4","pmil","0","59.850","deg","20.000","°C","100.000","%a.s.","26.990","deg","23.835","°C","1018.000","hPa","0.808","-0.065","0.00038","-0.00034","0","31","Humid","5.00","0","2500.00","34847.01","SADD0002000339 Box 1","ABF1.0.0.0","4.0.0.2353","PSt3","221014-001","6/4/2024 1:58:11 PM","0000-00","0","no battery","V","","µV","","µV"
"07/08/2024","16:40:27","1","default","166358087","001","32.750","min","245.942","μmol/L","Humid","24.370","deg","35713","µV","27.000","°C","1024.000","hPa","38.4","pmil","0","59.850","deg","20.000","°C","100.000","%a.s.","26.990","deg","23.835","°C","1018.000","hPa","0.808","-0.065","0.00038","-0.00034","0","31","Humid","5.00","0","2500.00","34851.38","SADD0002000339 Box 1","ABF1.0.0.0","4.0.0.2353","PSt3","221014-001","6/4/2024 1:58:11 PM","0000-00","0","no battery","V","","µV","","µV"
"07/08/2024","16:40:28","1","default","166358087","001","32.766","min","245.917","μmol/L","Humid","24.371","deg","35715","µV","27.000","°C","1024.000","hPa","38.4","pmil","0","59.850","deg","20.000","°C","100.000","%a.s.","26.990","deg","23.835","°C","1018.000","hPa","0.808","-0.065","0.00038","-0.00034","0","31","Humid","5.00","0","2500.00","34846.64","SADD0002000339 Box 1","ABF1.0.0.0","4.0.0.2353","PSt3","221014-001","6/4/2024 1:58:11 PM","0000-00","0","no battery","V","","µV","","µV"
"07/08/2024","16:40:29","1","default","166358087","001","32.783","min","246.321","μmol/L","Humid","24.355","deg","35706","µV","27.000","°C","1024.000","hPa","38.4","pmil","0","59.850","deg","20.000","°C","100.000","%a.s.","26.990","deg","23.835","°C","1018.000","hPa","0.808","-0.065","0.00038","-0.00034","0","31","Humid","5.00","0","2500.00","34846.33","SADD0002000339 Box 1","ABF1.0.0.0","4.0.0.2353","PSt3","221014-001","6/4/2024 1:58:11 PM","0000-00","0","no battery","V","","µV","","µV"
"07/08/2024","16:40:30","1","default","166358087","001","32.800","min","246.043","μmol/L","Humid","24.366","deg","35716","µV","27.000","°C","1024.000","hPa","38.4","pmil","0","59.850","deg","20.000","°C","100.000","%a.s.","26.990","deg","23.835","°C","1018.000","hPa","0.808","-0.065","0.00038","-0.00034","0","31","Humid","5.00","0","2500.00","34846.42","SADD0002000339 Box 1","ABF1.0.0.0","4.0.0.2353","PSt3","221014-001","6/4/2024 1:58:11 PM","0000-00","0","no battery","V","","µV","","µV"
"07/08/2024","16:40:31","1","default","166358087","001","32.817","min","245.640","μmol/L","Humid","24.382","deg","35710","µV","27.000","°C","1024.000","hPa","38.4","pmil","0","59.850","deg","20.000","°C","100.000","%a.s.","26.990","deg","23.835","°C","1018.000","hPa","0.808","-0.065","0.00038","-0.00034","0","31","Humid","5.00","0","2500.00","34847.15","SADD0002000339 Box 1","ABF1.0.0.0","4.0.0.2353","PSt3","221014-001","6/4/2024 1:58:11 PM","0000-00","0","no battery","V","","µV","","µV"
"07/08/2024","16:40:32","1","default","166358087","001","32.833","min","245.993","μmol/L","Humid","24.368","deg","35710","µV","27.000","°C","1024.000","hPa","38.4","pmil","0","59.850","deg","20.000","°C","100.000","%a.s.","26.990","deg","23.835","°C","1018.000","hPa","0.808","-0.065","0.00038","-0.00034","0","31","Humid","5.00","0","2500.00","34851.54","SADD0002000339 Box 1","ABF1.0.0.0","4.0.0.2353","PSt3","221014-001","6/4/2024 1:58:11 PM","0000-00","0","no battery","V","","µV","","µV"
"07/08/2024","16:40:33","1","default","166358087","001","32.850","min","246.093","μmol/L","Humid","24.364","deg","35719","µV","27.000","°C","1024.000","hPa","38.4","pmil","0","59.850","deg","20.000","°C","100.000","%a.s.","26.990","deg","23.835","°C","1018.000","hPa","0.808","-0.065","0.00038","-0.00034","0","31","Humid","5.00","0","2500.00","34845.10","SADD0002000339 Box 1","ABF1.0.0.0","4.0.0.2353","PSt3","221014-001","6/4/2024 1:58:11 PM","0000-00","0","no battery","V","","µV","","µV"
"07/08/2024","16:40:34","1","default","166358087","001","32.867","min","246.144","μmol/L","Humid","24.362","deg","35716","µV","27.000","°C","1024.000","hPa","38.4","pmil","0","59.850","deg","20.000","°C","100.000","%a.s.","26.990","deg","23.835","°C","1018.000","hPa","0.808","-0.065","0.00038","-0.00034","0","31","Humid","5.00","0","2500.00","34843.44","SADD0002000339 Box 1","ABF1.0.0.0","4.0.0.2353","PSt3","221014-001","6/4/2024 1:58:11 PM","0000-00","0","no battery","V","","µV","","µV"
"07/08/2024","16:40:35","1","default","166358087","001","32.883","min","245.967","μmol/L","Humid","24.369","deg","35717","µV","27.000","°C","1024.000","hPa","38.4","pmil","0","59.850","deg","20.000","°C","100.000","%a.s.","26.990","deg","23.835","°C","1018.000","hPa","0.808","-0.065","0.00038","-0.00034","0","31","Humid","5.00","0","2500.00","34847.38","SADD0002000339 Box 1","ABF1.0.0.0","4.0.0.2353","PSt3","221014-001","6/4/2024 1:58:11 PM","0000-00","0","no battery","V","","µV","","µV"
"07/08/2024","16:40:36","1","default","166358087","001","32.900","min","246.220","μmol/L","Humid","24.359","deg","35718","µV","27.000","°C","1024.000","hPa","38.4","pmil","0","59.850","deg","20.000","°C","100.000","%a.s.","26.990","deg","23.835","°C","1018.000","hPa","0.808","-0.065","0.00038","-0.00034","0","31","Humid","5.00","0","2500.00","34847.13","SADD0002000339 Box 1","ABF1.0.0.0","4.0.0.2353","PSt3","221014-001","6/4/2024 1:58:11 PM","0000-00","0","no battery","V","","µV","","µV"
"07/08/2024","16:40:37","1","default","166358087","001","32.917","min","245.791","μmol/L","Humid","24.376","deg","35719","µV","27.000","°C","1024.000","hPa","38.4","pmil","0","59.850","deg","20.000","°C","100.000","%a.s.","26.990","deg","23.835","°C","1018.000","hPa","0.808","-0.065","0.00038","-0.00034","0","31","Humid","5.00","0","2500.00","34848.02","SADD0002000339 Box 1","ABF1.0.0.0","4.0.0.2353","PSt3","221014-001","6/4/2024 1:58:11 PM","0000-00","0","no battery","V","","µV","","µV"
"07/08/2024","16:40:38","1","default","166358087","001","32.934","min","245.766","μmol/L","Humid","24.377","deg","35718","µV","27.000","°C","1024.000","hPa","38.4","pmil","0","59.850","deg","20.000","°C","100.000","%a.s.","26.990","deg","23.835","°C","1018.000","hPa","0.808","-0.065","0.00038","-0.00034","0","31","Humid","5.00","0","2500.00","34848.85","SADD0002000339 Box 1","ABF1.0.0.0","4.0.0.2353","PSt3","221014-001","6/4/2024 1:58:11 PM","0000-00","0","no battery","V","","µV","","µV"
"07/08/2024","16:40:39","1","default","166358087","001","32.950","min","245.590","μmol/L","Humid","24.384","deg","35719","µV","27.000","°C","1024.000","hPa","38.4","pmil","0","59.850","deg","20.000","°C","100.000","%a.s.","26.990","deg","23.835","°C","1018.000","hPa","0.808","-0.065","0.00038","-0.00034","0","31","Humid","5.00","0","2500.00","34851.30","SADD0002000339 Box 1","ABF1.0.0.0","4.0.0.2353","PSt3","221014-001","6/4/2024 1:58:11 PM","0000-00","0","no battery","V","","µV","","µV"
"07/08/2024","16:40:40","1","default","166358087","001","32.966","min","245.816","μmol/L","Humid","24.375","deg","35722","µV","27.000","°C","1024.000","hPa","38.4","pmil","0","59.850","deg","20.000","°C","100.000","%a.s.","26.990","deg","23.835","°C","1018.000","hPa","0.808","-0.065","0.00038","-0.00034","0","31","Humid","5.00","0","2500.00","34849.11","SADD0002000339 Box 1","ABF1.0.0.0","4.0.0.2353","PSt3","221014-001","6/4/2024 1:58:11 PM","0000-00","0","no battery","V","","µV","","µV"
"07/08/2024","16:40:41","1","default","166358087","001","32.983","min","245.867","μmol/L","Humid","24.373","deg","35720","µV","27.000","°C","1024.000","hPa","38.4","pmil","0","59.850","deg","20.000","°C","100.000","%a.s.","26.990","deg","23.835","°C","1018.000","hPa","0.808","-0.065","0.00038","-0.00034","0","31","Humid","5.00","0","2500.00","34849.64","SADD0002000339 Box 1","ABF1.0.0.0","4.0.0.2353","PSt3","221014-001","6/4/2024 1:58:11 PM","0000-00","0","no battery","V","","µV","","µV"
"07/08/2024","16:40:42","1","default","166358087","001","33.000","min","246.043","μmol/L","Humid","24.366","deg","35723","µV","27.000","°C","1024.000","hPa","38.4","pmil","0","59.850","deg","20.000","°C","100.000","%a.s.","26.990","deg","23.835","°C","1018.000","hPa","0.808","-0.065","0.00038","-0.00034","0","31","Humid","5.00","0","2500.00","34854.59","SADD0002000339 Box 1","ABF1.0.0.0","4.0.0.2353","PSt3","221014-001","6/4/2024 1:58:11 PM","0000-00","0","no battery","V","","µV","","µV"
"07/08/2024","16:40:43","1","default","166358087","001","33.016","min","246.068","μmol/L","Humid","24.365","deg","35719","µV","27.000","°C","1024.000","hPa","38.4","pmil","0","59.850","deg","20.000","°C","100.000","%a.s.","26.990","deg","23.835","°C","1018.000","hPa","0.808","-0.065","0.00038","-0.00034","0","31","Humid","5.00","0","2500.00","34845.45","SADD0002000339 Box 1","ABF1.0.0.0","4.0.0.2353","PSt3","221014-001","6/4/2024 1:58:11 PM","0000-00","0","no battery","V","","µV","","µV"
"07/08/2024","16:40:44","1","default","166358087","001","33.033","min","246.169","μmol/L","Humid","24.361","deg","35722","µV","27.000","°C","1024.000","hPa","38.4","pmil","0","59.850","deg","20.000","°C","100.000","%a.s.","26.990","deg","23.835","°C","1018.000","hPa","0.808","-0.065","0.00038","-0.00034","0","31","Humid","5.00","0","2500.00","34844.68","SADD0002000339 Box 1","ABF1.0.0.0","4.0.0.2353","PSt3","221014-001","6/4/2024 1:58:11 PM","0000-00","0","no battery","V","","µV","","µV"
"07/08/2024","16:40:45","1","default","166358087","001","33.050","min","245.867","μmol/L","Humid","24.373","deg","35718","µV","27.000","°C","1024.000","hPa","38.4","pmil","0","59.850","deg","20.000","°C","100.000","%a.s.","26.990","deg","23.835","°C","1018.000","hPa","0.808","-0.065","0.00038","-0.00034","0","31","Humid","5.00","0","2500.00","34849.02","SADD0002000339 Box 1","ABF1.0.0.0","4.0.0.2353","PSt3","221014-001","6/4/2024 1:58:11 PM","0000-00","0","no battery","V","","µV","","µV"
"07/08/2024","16:40:46","1","default","166358087","001","33.067","min","246.043","μmol/L","Humid","24.366","deg","35719","µV","27.000","°C","1024.000","hPa","38.4","pmil","0","59.850","deg","20.000","°C","100.000","%a.s.","26.990","deg","23.835","°C","1018.000","hPa","0.808","-0.065","0.00038","-0.00034","0","31","Humid","5.00","0","2500.00","34845.42","SADD0002000339 Box 1","ABF1.0.0.0","4.0.0.2353","PSt3","221014-001","6/4/2024 1:58:11 PM","0000-00","0","no battery","V","","µV","","µV"
"07/08/2024","16:40:47","1","default","166358087","001","33.083","min","245.691","μmol/L","Humid","24.380","deg","35722","µV","27.000","°C","1024.000","hPa","38.4","pmil","0","59.850","deg","20.000","°C","100.000","%a.s.","26.990","deg","23.835","°C","1018.000","hPa","0.808","-0.065","0.00038","-0.00034","0","31","Humid","5.00","0","2500.00","34844.58","SADD0002000339 Box 1","ABF1.0.0.0","4.0.0.2353","PSt3","221014-001","6/4/2024 1:58:11 PM","0000-00","0","no battery","V","","µV","","µV"
"07/08/2024","16:40:48","1","default","166358087","001","33.100","min","245.816","μmol/L","Humid","24.375","deg","35720","µV","27.000","°C","1024.000","hPa","38.4","pmil","0","59.850","deg","20.000","°C","100.000","%a.s.","26.990","deg","23.835","°C","1018.000","hPa","0.808","-0.065","0.00038","-0.00034","0","31","Humid","5.00","0","2500.00","34846.31","SADD0002000339 Box 1","ABF1.0.0.0","4.0.0.2353","PSt3","221014-001","6/4/2024 1:58:11 PM","0000-00","0","no battery","V","","µV","","µV"
"07/08/2024","16:40:49","1","default","166358087","001","33.117","min","245.791","μmol/L","Humid","24.376","deg","35729","µV","27.000","°C","1024.000","hPa","38.4","pmil","0","59.850","deg","20.000","°C","100.000","%a.s.","26.990","deg","23.835","°C","1018.000","hPa","0.808","-0.065","0.00038","-0.00034","0","31","Humid","5.00","0","2500.00","34848.65","SADD0002000339 Box 1","ABF1.0.0.0","4.0.0.2353","PSt3","221014-001","6/4/2024 1:58:11 PM","0000-00","0","no battery","V","","µV","","µV"
"07/08/2024","16:40:50","1","default","166358087","001","33.133","min","245.816","μmol/L","Humid","24.375","deg","35722","µV","27.000","°C","1024.000","hPa","38.4","pmil","0","59.850","deg","20.000","°C","100.000","%a.s.","26.990","deg","23.835","°C","1018.000","hPa","0.808","-0.065","0.00038","-0.00034","0","31","Humid","5.00","0","2500.00","34850.67","SADD0002000339 Box 1","ABF1.0.0.0","4.0.0.2353","PSt3","221014-001","6/4/2024 1:58:11 PM","0000-00","0","no battery","V","","µV","","µV"
"07/08/2024","16:40:51","1","default","166358087","001","33.150","min","245.967","μmol/L","Humid","24.369","deg","35723","µV","27.000","°C","1024.000","hPa","38.4","pmil","0","59.850","deg","20.000","°C","100.000","%a.s.","26.990","deg","23.835","°C","1018.000","hPa","0.808","-0.065","0.00038","-0.00034","0","31","Humid","5.00","0","2500.00","34845.57","SADD0002000339 Box 1","ABF1.0.0.0","4.0.0.2353","PSt3","221014-001","6/4/2024 1:58:11 PM","0000-00","0","no battery","V","","µV","","µV"
"07/08/2024","16:40:52","1","default","166358087","001","33.167","min","246.018","μmol/L","Humid","24.367","deg","35720","µV","27.000","°C","1024.000","hPa","38.4","pmil","0","59.850","deg","20.000","°C","100.000","%a.s.","26.990","deg","23.835","°C","1018.000","hPa","0.808","-0.065","0.00038","-0.00034","0","31","Humid","5.00","0","2500.00","34844.79","SADD0002000339 Box 1","ABF1.0.0.0","4.0.0.2353","PSt3","221014-001","6/4/2024 1:58:11 PM","0000-00","0","no battery","V","","µV","","µV"
"07/08/2024","16:40:53","1","default","166358087","001","33.183","min","246.043","μmol/L","Humid","24.366","deg","35724","µV","27.000","°C","1024.000","hPa","38.4","pmil","0","59.850","deg","20.000","°C","100.000","%a.s.","26.990","deg","23.835","°C","1018.000","hPa","0.808","-0.065","0.00038","-0.00034","0","31","Humid","5.00","0","2500.00","34843.69","SADD0002000339 Box 1","ABF1.0.0.0","4.0.0.2353","PSt3","221014-001","6/4/2024 1:58:11 PM","0000-00","0","no battery","V","","µV","","µV"
"07/08/2024","16:40:54","1","default","166358087","001","33.200","min","245.791","μmol/L","Humid","24.376","deg","35724","µV","27.000","°C","1024.000","hPa","38.4","pmil","0","59.850","deg","20.000","°C","100.000","%a.s.","26.990","deg","23.835","°C","1018.000","hPa","0.808","-0.065","0.00038","-0.00034","0","31","Humid","5.00","0","2500.00","34846.89","SADD0002000339 Box 1","ABF1.0.0.0","4.0.0.2353","PSt3","221014-001","6/4/2024 1:58:11 PM","0000-00","0","no battery","V","","µV","","µV"
"07/08/2024","16:40:55","1","default","166358087","001","33.216","min","246.144","μmol/L","Humid","24.362","deg","35724","µV","27.000","°C","1024.000","hPa","38.4","pmil","0","59.850","deg","20.000","°C","100.000","%a.s.","26.990","deg","23.835","°C","1018.000","hPa","0.808","-0.065","0.00038","-0.00034","0","31","Humid","5.00","0","2500.00","34850.26","SADD0002000339 Box 1","ABF1.0.0.0","4.0.0.2353","PSt3","221014-001","6/4/2024 1:58:11 PM","0000-00","0","no battery","V","","µV","","µV"
"07/08/2024","16:40:56","1","default","166358087","001","33.233","min","245.917","μmol/L","Humid","24.371","deg","35727","µV","27.000","°C","1024.000","hPa","38.4","pmil","0","59.850","deg","20.000","°C","100.000","%a.s.","26.990","deg","23.835","°C","1018.000","hPa","0.808","-0.065","0.00038","-0.00034","0","31","Humid","5.00","0","2500.00","34844.60","SADD0002000339 Box 1","ABF1.0.0.0","4.0.0.2353","PSt3","221014-001","6/4/2024 1:58:11 PM","0000-00","0","no battery","V","","µV","","µV"
"07/08/2024","16:40:57","1","default","166358087","001","33.250","min","245.967","μmol/L","Humid","24.369","deg","35729","µV","27.000","°C","1024.000","hPa","38.4","pmil","0","59.850","deg","20.000","°C","100.000","%a.s.","26.990","deg","23.835","°C","1018.000","hPa","0.808","-0.065","0.00038","-0.00034","0","31","Humid","5.00","0","2500.00","34848.91","SADD0002000339 Box 1","ABF1.0.0.0","4.0.0.2353","PSt3","221014-001","6/4/2024 1:58:11 PM","0000-00","0","no battery","V","","µV","","µV"
"07/08/2024","16:40:58","1","default","166358087","001","33.267","min","245.967","μmol/L","Humid","24.369","deg","35728","µV","27.000","°C","1024.000","hPa","38.4","pmil","0","59.850","deg","20.000","°C","100.000","%a.s.","26.990","deg","23.835","°C","1018.000","hPa","0.808","-0.065","0.00038","-0.00034","0","31","Humid","5.00","0","2500.00","34844.88","SADD0002000339 Box 1","ABF1.0.0.0","4.0.0.2353","PSt3","221014-001","6/4/2024 1:58:11 PM","0000-00","0","no battery","V","","µV","","µV"
"07/08/2024","16:40:59","1","default","166358087","001","33.283","min","245.716","μmol/L","Humid","24.379","deg","35728","µV","27.000","°C","1024.000","hPa","38.4","pmil","0","59.850","deg","20.000","°C","100.000","%a.s.","26.990","deg","23.835","°C","1018.000","hPa","0.808","-0.065","0.00038","-0.00034","0","31","Humid","5.00","0","2500.00","34845.76","SADD0002000339 Box 1","ABF1.0.0.0","4.0.0.2353","PSt3","221014-001","6/4/2024 1:58:11 PM","0000-00","0","no battery","V","","µV","","µV"
"07/08/2024","16:41:00","1","default","166358087","001","33.300","min","245.942","μmol/L","Humid","24.370","deg","35730","µV","27.000","°C","1024.000","hPa","38.4","pmil","0","59.850","deg","20.000","°C","100.000","%a.s.","26.990","deg","23.835","°C","1018.000","hPa","0.808","-0.065","0.00038","-0.00034","0","31","Humid","5.00","0","2500.00","34846.27","SADD0002000339 Box 1","ABF1.0.0.0","4.0.0.2353","PSt3","221014-001","6/4/2024 1:58:11 PM","0000-00","0","no battery","V","","µV","","µV"
"07/08/2024","16:41:01","1","default","166358087","001","33.317","min","245.842","μmol/L","Humid","24.374","deg","35729","µV","27.000","°C","1024.000","hPa","38.4","pmil","0","59.850","deg","20.000","°C","100.000","%a.s.","26.990","deg","23.835","°C","1018.000","hPa","0.808","-0.065","0.00038","-0.00034","0","31","Humid","5.00","0","2500.00","34850.14","SADD0002000339 Box 1","ABF1.0.0.0","4.0.0.2353","PSt3","221014-001","6/4/2024 1:58:11 PM","0000-00","0","no battery","V","","µV","","µV"
"07/08/2024","16:41:02","1","default","166358087","001","33.333","min","245.917","μmol/L","Humid","24.371","deg","35728","µV","27.000","°C","1024.000","hPa","38.4","pmil","0","59.850","deg","20.000","°C","100.000","%a.s.","26.990","deg","23.835","°C","1018.000","hPa","0.808","-0.065","0.00038","-0.00034","0","31","Humid","5.00","0","2500.00","34841.59","SADD0002000339 Box 1","ABF1.0.0.0","4.0.0.2353","PSt3","221014-001","6/4/2024 1:58:11 PM","0000-00","0","no battery","V","","µV","","µV"
"07/08/2024","16:41:03","1","default","166358087","001","33.350","min","245.766","μmol/L","Humid","24.377","deg","35729","µV","27.000","°C","1024.000","hPa","38.4","pmil","0","59.850","deg","20.000","°C","100.000","%a.s.","26.990","deg","23.835","°C","1018.000","hPa","0.808","-0.065","0.00038","-0.00034","0","31","Humid","5.00","0","2500.00","34843.43","SADD0002000339 Box 1","ABF1.0.0.0","4.0.0.2353","PSt3","221014-001","6/4/2024 1:58:11 PM","0000-00","0","no battery","V","","µV","","µV"
"07/08/2024","16:41:04","1","default","166358087","001","33.367","min","245.967","μmol/L","Humid","24.369","deg","35732","µV","27.000","°C","1024.000","hPa","38.4","pmil","0","59.850","deg","20.000","°C","100.000","%a.s.","26.990","deg","23.835","°C","1018.000","hPa","0.808","-0.065","0.00038","-0.00034","0","31","Humid","5.00","0","2500.00","34847.16","SADD0002000339 Box 1","ABF1.0.0.0","4.0.0.2353","PSt3","221014-001","6/4/2024 1:58:11 PM","0000-00","0","no battery","V","","µV","","µV"
"07/08/2024","16:41:05","1","default","166358087","001","33.383","min","245.892","μmol/L","Humid","24.372","deg","35733","µV","27.000","°C","1024.000","hPa","38.4","pmil","0","59.850","deg","20.000","°C","100.000","%a.s.","26.990","deg","23.835","°C","1018.000","hPa","0.808","-0.065","0.00038","-0.00034","0","31","Humid","5.00","0","2500.00","34845.41","SADD0002000339 Box 1","ABF1.0.0.0","4.0.0.2353","PSt3","221014-001","6/4/2024 1:58:11 PM","0000-00","0","no battery","V","","µV","","µV"
"07/08/2024","16:41:06","1","default","166358087","001","33.400","min","245.892","μmol/L","Humid","24.372","deg","35729","µV","27.000","°C","1024.000","hPa","38.4","pmil","0","59.850","deg","20.000","°C","100.000","%a.s.","26.990","deg","23.835","°C","1018.000","hPa","0.808","-0.065","0.00038","-0.00034","0","31","Humid","5.00","0","2500.00","34843.21","SADD0002000339 Box 1","ABF1.0.0.0","4.0.0.2353","PSt3","221014-001","6/4/2024 1:58:11 PM","0000-00","0","no battery","V","","µV","","µV"
"07/08/2024","16:41:07","1","default","166358087","001","33.417","min","245.942","μmol/L","Humid","24.370","deg","35731","µV","27.000","°C","1024.000","hPa","38.4","pmil","0","59.850","deg","20.000","°C","100.000","%a.s.","26.990","deg","23.835","°C","1018.000","hPa","0.808","-0.065","0.00038","-0.00034","0","31","Humid","5.00","0","2500.00","34848.21","SADD0002000339 Box 1","ABF1.0.0.0","4.0.0.2353","PSt3","221014-001","6/4/2024 1:58:11 PM","0000-00","0","no battery","V","","µV","","µV"
"07/08/2024","16:41:08","1","default","166358087","001","33.433","min","245.791","μmol/L","Humid","24.376","deg","35727","µV","27.000","°C","1024.000","hPa","38.4","pmil","0","59.850","deg","20.000","°C","100.000","%a.s.","26.990","deg","23.835","°C","1018.000","hPa","0.808","-0.065","0.00038","-0.00034","0","31","Humid","5.00","0","2500.00","34845.80","SADD0002000339 Box 1","ABF1.0.0.0","4.0.0.2353","PSt3","221014-001","6/4/2024 1:58:11 PM","0000-00","0","no battery","V","","µV","","µV"
"07/08/2024","16:41:09","1","default","166358087","001","33.450","min","245.967","μmol/L","Humid","24.369","deg","35731","µV","27.000","°C","1024.000","hPa","38.4","pmil","0","59.850","deg","20.000","°C","100.000","%a.s.","26.990","deg","23.835","°C","1018.000","hPa","0.808","-0.065","0.00038","-0.00034","0","31","Humid","5.00","0","2500.00","34849.24","SADD0002000339 Box 1","ABF1.0.0.0","4.0.0.2353","PSt3","221014-001","6/4/2024 1:58:11 PM","0000-00","0","no battery","V","","µV","","µV"
"07/08/2024","16:41:10","1","default","166358087","001","33.467","min","245.816","μmol/L","Humid","24.375","deg","35731","µV","27.000","°C","1024.000","hPa","38.4","pmil","0","59.850","deg","20.000","°C","100.000","%a.s.","26.990","deg","23.835","°C","1018.000","hPa","0.808","-0.065","0.00038","-0.00034","0","31","Humid","5.00","0","2500.00","34846.30","SADD0002000339 Box 1","ABF1.0.0.0","4.0.0.2353","PSt3","221014-001","6/4/2024 1:58:11 PM","0000-00","0","no battery","V","","µV","","µV"
"07/08/2024","16:41:11","1","default","166358087","001","33.483","min","245.993","μmol/L","Humid","24.368","deg","35734","µV","27.000","°C","1024.000","hPa","38.4","pmil","0","59.850","deg","20.000","°C","100.000","%a.s.","26.990","deg","23.835","°C","1018.000","hPa","0.808","-0.065","0.00038","-0.00034","0","31","Humid","5.00","0","2500.00","34844.64","SADD0002000339 Box 1","ABF1.0.0.0","4.0.0.2353","PSt3","221014-001","6/4/2024 1:58:11 PM","0000-00","0","no battery","V","","µV","","µV"
"07/08/2024","16:41:12","1","default","166358087","001","33.500","min","245.615","μmol/L","Humid","24.383","deg","35733","µV","27.000","°C","1024.000","hPa","38.4","pmil","0","59.850","deg","20.000","°C","100.000","%a.s.","26.990","deg","23.835","°C","1018.000","hPa","0.808","-0.065","0.00038","-0.00034","0","31","Humid","5.00","0","2500.00","34849.30","SADD0002000339 Box 1","ABF1.0.0.0","4.0.0.2353","PSt3","221014-001","6/4/2024 1:58:11 PM","0000-00","0","no battery","V","","µV","","µV"
"07/08/2024","16:41:13","1","default","166358087","001","33.517","min","245.716","μmol/L","Humid","24.379","deg","35731","µV","27.000","°C","1024.000","hPa","38.4","pmil","0","59.850","deg","20.000","°C","100.000","%a.s.","26.990","deg","23.835","°C","1018.000","hPa","0.808","-0.065","0.00038","-0.00034","0","31","Humid","5.00","0","2500.00","34846.22","SADD0002000339 Box 1","ABF1.0.0.0","4.0.0.2353","PSt3","221014-001","6/4/2024 1:58:11 PM","0000-00","0","no battery","V","","µV","","µV"
"07/08/2024","16:41:14","1","default","166358087","001","33.534","min","245.615","μmol/L","Humid","24.383","deg","35737","µV","27.000","°C","1024.000","hPa","38.4","pmil","0","59.850","deg","20.000","°C","100.000","%a.s.","26.990","deg","23.835","°C","1018.000","hPa","0.808","-0.065","0.00038","-0.00034","0","31","Humid","5.00","0","2500.00","34841.28","SADD0002000339 Box 1","ABF1.0.0.0","4.0.0.2353","PSt3","221014-001","6/4/2024 1:58:11 PM","0000-00","0","no battery","V","","µV","","µV"
"07/08/2024","16:41:15","1","default","166358087","001","33.550","min","245.791","μmol/L","Humid","24.376","deg","35735","µV","27.000","°C","1024.000","hPa","38.4","pmil","0","59.850","deg","20.000","°C","100.000","%a.s.","26.990","deg","23.835","°C","1018.000","hPa","0.808","-0.065","0.00038","-0.00034","0","31","Humid","5.00","0","2500.00","34847.44","SADD0002000339 Box 1","ABF1.0.0.0","4.0.0.2353","PSt3","221014-001","6/4/2024 1:58:11 PM","0000-00","0","no battery","V","","µV","","µV"
"07/08/2024","16:41:16","1","default","166358087","001","33.567","min","245.665","μmol/L","Humid","24.381","deg","35737","µV","27.000","°C","1024.000","hPa","38.4","pmil","0","59.850","deg","20.000","°C","100.000","%a.s.","26.990","deg","23.835","°C","1018.000","hPa","0.808","-0.065","0.00038","-0.00034","0","31","Humid","5.00","0","2500.00","34848.88","SADD0002000339 Box 1","ABF1.0.0.0","4.0.0.2353","PSt3","221014-001","6/4/2024 1:58:11 PM","0000-00","0","no battery","V","","µV","","µV"
"07/08/2024","16:41:17","1","default","166358087","001","33.583","min","245.640","μmol/L","Humid","24.382","deg","35733","µV","27.000","°C","1024.000","hPa","38.4","pmil","0","59.850","deg","20.000","°C","100.000","%a.s.","26.990","deg","23.835","°C","1018.000","hPa","0.808","-0.065","0.00038","-0.00034","0","31","Humid","5.00","0","2500.00","34850.37","SADD0002000339 Box 1","ABF1.0.0.0","4.0.0.2353","PSt3","221014-001","6/4/2024 1:58:11 PM","0000-00","0","no battery","V","","µV","","µV"
"07/08/2024","16:41:18","1","default","166358087","001","33.600","min","245.791","μmol/L","Humid","24.376","deg","35736","µV","27.000","°C","1024.000","hPa","38.4","pmil","0","59.850","deg","20.000","°C","100.000","%a.s.","26.990","deg","23.835","°C","1018.000","hPa","0.808","-0.065","0.00038","-0.00034","0","31","Humid","5.00","0","2500.00","34847.80","SADD0002000339 Box 1","ABF1.0.0.0","4.0.0.2353","PSt3","221014-001","6/4/2024 1:58:11 PM","0000-00","0","no battery","V","","µV","","µV"
"07/08/2024","16:41:19","1","default","166358087","001","33.617","min","245.741","μmol/L","Humid","24.378","deg","35742","µV","27.000","°C","1024.000","hPa","38.4","pmil","0","59.850","deg","20.000","°C","100.000","%a.s.","26.990","deg","23.835","°C","1018.000","hPa","0.808","-0.065","0.00038","-0.00034","0","31","Humid","5.00","0","2500.00","34849.08","SADD0002000339 Box 1","ABF1.0.0.0","4.0.0.2353","PSt3","221014-001","6/4/2024 1:58:11 PM","0000-00","0","no battery","V","","µV","","µV"
"07/08/2024","16:41:20","1","default","166358087","001","33.633","min","245.590","μmol/L","Humid","24.384","deg","35737","µV","27.000","°C","1024.000","hPa","38.4","pmil","0","59.850","deg","20.000","°C","100.000","%a.s.","26.990","deg","23.835","°C","1018.000","hPa","0.808","-0.065","0.00038","-0.00034","0","31","Humid","5.00","0","2500.00","34847.29","SADD0002000339 Box 1","ABF1.0.0.0","4.0.0.2353","PSt3","221014-001","6/4/2024 1:58:11 PM","0000-00","0","no battery","V","","µV","","µV"
"07/08/2024","16:41:21","1","default","166358087","001","33.650","min","245.741","μmol/L","Humid","24.378","deg","35738","µV","27.000","°C","1024.000","hPa","38.4","pmil","0","59.850","deg","20.000","°C","100.000","%a.s.","26.990","deg","23.835","°C","1018.000","hPa","0.808","-0.065","0.00038","-0.00034","0","31","Humid","5.00","0","2500.00","34849.32","SADD0002000339 Box 1","ABF1.0.0.0","4.0.0.2353","PSt3","221014-001","6/4/2024 1:58:11 PM","0000-00","0","no battery","V","","µV","","µV"
"07/08/2024","16:41:22","1","default","166358087","001","33.667","min","245.665","μmol/L","Humid","24.381","deg","35746","µV","27.000","°C","1024.000","hPa","38.4","pmil","0","59.850","deg","20.000","°C","100.000","%a.s.","26.990","deg","23.835","°C","1018.000","hPa","0.808","-0.065","0.00038","-0.00034","0","31","Humid","5.00","0","2500.00","34847.25","SADD0002000339 Box 1","ABF1.0.0.0","4.0.0.2353","PSt3","221014-001","6/4/2024 1:58:11 PM","0000-00","0","no battery","V","","µV","","µV"
"07/08/2024","16:41:23","1","default","166358087","001","33.684","min","245.816","μmol/L","Humid","24.375","deg","35734","µV","27.000","°C","1024.000","hPa","38.4","pmil","0","59.850","deg","20.000","°C","100.000","%a.s.","26.990","deg","23.835","°C","1018.000","hPa","0.808","-0.065","0.00038","-0.00034","0","31","Humid","5.00","0","2500.00","34845.51","SADD0002000339 Box 1","ABF1.0.0.0","4.0.0.2353","PSt3","221014-001","6/4/2024 1:58:11 PM","0000-00","0","no battery","V","","µV","","µV"
"07/08/2024","16:41:24","1","default","166358087","001","33.700","min","245.615","μmol/L","Humid","24.383","deg","35741","µV","27.000","°C","1024.000","hPa","38.4","pmil","0","59.850","deg","20.000","°C","100.000","%a.s.","26.990","deg","23.835","°C","1018.000","hPa","0.808","-0.065","0.00038","-0.00034","0","31","Humid","5.00","0","2500.00","34842.70","SADD0002000339 Box 1","ABF1.0.0.0","4.0.0.2353","PSt3","221014-001","6/4/2024 1:58:11 PM","0000-00","0","no battery","V","","µV","","µV"
"07/08/2024","16:41:25","1","default","166358087","001","33.717","min","245.791","μmol/L","Humid","24.376","deg","35739","µV","27.000","°C","1024.000","hPa","38.4","pmil","0","59.850","deg","20.000","°C","100.000","%a.s.","26.990","deg","23.835","°C","1018.000","hPa","0.808","-0.065","0.00038","-0.00034","0","31","Humid","5.00","0","2500.00","34846.29","SADD0002000339 Box 1","ABF1.0.0.0","4.0.0.2353","PSt3","221014-001","6/4/2024 1:58:11 PM","0000-00","0","no battery","V","","µV","","µV"
"07/08/2024","16:41:26","1","default","166358087","001","33.734","min","245.791","μmol/L","Humid","24.376","deg","35740","µV","27.000","°C","1024.000","hPa","38.4","pmil","0","59.850","deg","20.000","°C","100.000","%a.s.","26.990","deg","23.835","°C","1018.000","hPa","0.808","-0.065","0.00038","-0.00034","0","31","Humid","5.00","0","2500.00","34846.12","SADD0002000339 Box 1","ABF1.0.0.0","4.0.0.2353","PSt3","221014-001","6/4/2024 1:58:11 PM","0000-00","0","no battery","V","","µV","","µV"
"07/08/2024","16:41:27","1","default","166358087","001","33.750","min","245.942","μmol/L","Humid","24.370","deg","35740","µV","27.000","°C","1024.000","hPa","38.4","pmil","0","59.850","deg","20.000","°C","100.000","%a.s.","26.990","deg","23.835","°C","1018.000","hPa","0.808","-0.065","0.00038","-0.00034","0","31","Humid","5.00","0","2500.00","34844.71","SADD0002000339 Box 1","ABF1.0.0.0","4.0.0.2353","PSt3","221014-001","6/4/2024 1:58:11 PM","0000-00","0","no battery","V","","µV","","µV"
"07/08/2024","16:41:28","1","default","166358087","001","33.767","min","245.263","μmol/L","Humid","24.397","deg","35737","µV","27.000","°C","1024.000","hPa","38.4","pmil","0","59.850","deg","20.000","°C","100.000","%a.s.","26.990","deg","23.835","°C","1018.000","hPa","0.808","-0.065","0.00038","-0.00034","0","31","Humid","5.00","0","2500.00","34847.64","SADD0002000339 Box 1","ABF1.0.0.0","4.0.0.2353","PSt3","221014-001","6/4/2024 1:58:11 PM","0000-00","0","no battery","V","","µV","","µV"
"07/08/2024","16:41:29","1","default","166358087","001","33.783","min","245.942","μmol/L","Humid","24.370","deg","35742","µV","27.000","°C","1024.000","hPa","38.4","pmil","0","59.850","deg","20.000","°C","100.000","%a.s.","26.990","deg","23.835","°C","1018.000","hPa","0.808","-0.065","0.00038","-0.00034","0","31","Humid","5.00","0","2500.00","34838.48","SADD0002000339 Box 1","ABF1.0.0.0","4.0.0.2353","PSt3","221014-001","6/4/2024 1:58:11 PM","0000-00","0","no battery","V","","µV","","µV"
"07/08/2024","16:41:30","1","default","166358087","001","33.800","min","245.364","μmol/L","Humid","24.393","deg","35743","µV","27.000","°C","1024.000","hPa","38.4","pmil","0","59.850","deg","20.000","°C","100.000","%a.s.","26.990","deg","23.835","°C","1018.000","hPa","0.808","-0.065","0.00038","-0.00034","0","31","Humid","5.00","0","2500.00","34845.82","SADD0002000339 Box 1","ABF1.0.0.0","4.0.0.2353","PSt3","221014-001","6/4/2024 1:58:11 PM","0000-00","0","no battery","V","","µV","","µV"
"07/08/2024","16:41:31","1","default","166358087","001","33.817","min","245.942","μmol/L","Humid","24.370","deg","35739","µV","27.000","°C","1024.000","hPa","38.4","pmil","0","59.850","deg","20.000","°C","100.000","%a.s.","26.990","deg","23.835","°C","1018.000","hPa","0.808","-0.065","0.00038","-0.00034","0","31","Humid","5.00","0","2500.00","34844.88","SADD0002000339 Box 1","ABF1.0.0.0","4.0.0.2353","PSt3","221014-001","6/4/2024 1:58:11 PM","0000-00","0","no battery","V","","µV","","µV"
"07/08/2024","16:41:32","1","default","166358087","001","33.834","min","245.942","μmol/L","Humid","24.370","deg","35743","µV","27.000","°C","1024.000","hPa","38.4","pmil","0","59.850","deg","20.000","°C","100.000","%a.s.","26.990","deg","23.835","°C","1018.000","hPa","0.808","-0.065","0.00038","-0.00034","0","31","Humid","5.00","0","2500.00","34847.07","SADD0002000339 Box 1","ABF1.0.0.0","4.0.0.2353","PSt3","221014-001","6/4/2024 1:58:11 PM","0000-00","0","no battery","V","","µV","","µV"
"07/08/2024","16:41:33","1","default","166358087","001","33.850","min","245.867","μmol/L","Humid","24.373","deg","35741","µV","27.000","°C","1024.000","hPa","38.4","pmil","0","59.850","deg","20.000","°C","100.000","%a.s.","26.990","deg","23.835","°C","1018.000","hPa","0.808","-0.065","0.00038","-0.00034","0","31","Humid","5.00","0","2500.00","34841.29","SADD0002000339 Box 1","ABF1.0.0.0","4.0.0.2353","PSt3","221014-001","6/4/2024 1:58:11 PM","0000-00","0","no battery","V","","µV","","µV"
"07/08/2024","16:41:34","1","default","166358087","001","33.867","min","245.665","μmol/L","Humid","24.381","deg","35738","µV","27.000","°C","1024.000","hPa","38.4","pmil","0","59.850","deg","20.000","°C","100.000","%a.s.","26.990","deg","23.835","°C","1018.000","hPa","0.808","-0.065","0.00038","-0.00034","0","31","Humid","5.00","0","2500.00","34842.97","SADD0002000339 Box 1","ABF1.0.0.0","4.0.0.2353","PSt3","221014-001","6/4/2024 1:58:11 PM","0000-00","0","no battery","V","","µV","","µV"
"07/08/2024","16:41:35","1","default","166358087","001","33.883","min","245.766","μmol/L","Humid","24.377","deg","35744","µV","27.000","°C","1024.000","hPa","38.4","pmil","0","59.850","deg","20.000","°C","100.000","%a.s.","26.990","deg","23.835","°C","1018.000","hPa","0.808","-0.065","0.00038","-0.00034","0","31","Humid","5.00","0","2500.00","34843.50","SADD0002000339 Box 1","ABF1.0.0.0","4.0.0.2353","PSt3","221014-001","6/4/2024 1:58:11 PM","0000-00","0","no battery","V","","µV","","µV"
"07/08/2024","16:41:36","1","default","166358087","001","33.900","min","245.590","μmol/L","Humid","24.384","deg","35743","µV","27.000","°C","1024.000","hPa","38.4","pmil","0","59.850","deg","20.000","°C","100.000","%a.s.","26.990","deg","23.835","°C","1018.000","hPa","0.808","-0.065","0.00038","-0.00034","0","31","Humid","5.00","0","2500.00","34846.05","SADD0002000339 Box 1","ABF1.0.0.0","4.0.0.2353","PSt3","221014-001","6/4/2024 1:58:11 PM","0000-00","0","no battery","V","","µV","","µV"
"07/08/2024","16:41:37","1","default","166358087","001","33.917","min","245.691","μmol/L","Humid","24.380","deg","35746","µV","27.000","°C","1024.000","hPa","38.4","pmil","0","59.850","deg","20.000","°C","100.000","%a.s.","26.990","deg","23.835","°C","1018.000","hPa","0.808","-0.065","0.00038","-0.00034","0","31","Humid","5.00","0","2500.00","34846.11","SADD0002000339 Box 1","ABF1.0.0.0","4.0.0.2353","PSt3","221014-001","6/4/2024 1:58:11 PM","0000-00","0","no battery","V","","µV","","µV"
"07/08/2024","16:41:38","1","default","166358087","001","33.934","min","245.842","μmol/L","Humid","24.374","deg","35739","µV","27.000","°C","1024.000","hPa","38.4","pmil","0","59.850","deg","20.000","°C","100.000","%a.s.","26.990","deg","23.835","°C","1018.000","hPa","0.808","-0.065","0.00038","-0.00034","0","31","Humid","5.00","0","2500.00","34845.23","SADD0002000339 Box 1","ABF1.0.0.0","4.0.0.2353","PSt3","221014-001","6/4/2024 1:58:11 PM","0000-00","0","no battery","V","","µV","","µV"
"07/08/2024","16:41:39","1","default","166358087","001","33.950","min","245.741","μmol/L","Humid","24.378","deg","35740","µV","27.000","°C","1024.000","hPa","38.4","pmil","0","59.850","deg","20.000","°C","100.000","%a.s.","26.990","deg","23.835","°C","1018.000","hPa","0.808","-0.065","0.00038","-0.00034","0","31","Humid","5.00","0","2500.00","34847.35","SADD0002000339 Box 1","ABF1.0.0.0","4.0.0.2353","PSt3","221014-001","6/4/2024 1:58:11 PM","0000-00","0","no battery","V","","µV","","µV"
"07/08/2024","16:41:40","1","default","166358087","001","33.967","min","245.716","μmol/L","Humid","24.379","deg","35751","µV","27.000","°C","1024.000","hPa","38.4","pmil","0","59.850","deg","20.000","°C","100.000","%a.s.","26.990","deg","23.835","°C","1018.000","hPa","0.808","-0.065","0.00038","-0.00034","0","31","Humid","5.00","0","2500.00","34837.45","SADD0002000339 Box 1","ABF1.0.0.0","4.0.0.2353","PSt3","221014-001","6/4/2024 1:58:11 PM","0000-00","0","no battery","V","","µV","","µV"
"07/08/2024","16:41:41","1","default","166358087","001","33.983","min","245.665","μmol/L","Humid","24.381","deg","35750","µV","27.000","°C","1024.000","hPa","38.4","pmil","0","59.850","deg","20.000","°C","100.000","%a.s.","26.990","deg","23.835","°C","1018.000","hPa","0.808","-0.065","0.00038","-0.00034","0","31","Humid","5.00","0","2500.00","34849.66","SADD0002000339 Box 1","ABF1.0.0.0","4.0.0.2353","PSt3","221014-001","6/4/2024 1:58:11 PM","0000-00","0","no battery","V","","µV","","µV"
"07/08/2024","16:41:42","1","default","166358087","001","34.000","min","245.816","μmol/L","Humid","24.375","deg","35743","µV","27.000","°C","1024.000","hPa","38.4","pmil","0","59.850","deg","20.000","°C","100.000","%a.s.","26.990","deg","23.835","°C","1018.000","hPa","0.808","-0.065","0.00038","-0.00034","0","31","Humid","5.00","0","2500.00","34841.71","SADD0002000339 Box 1","ABF1.0.0.0","4.0.0.2353","PSt3","221014-001","6/4/2024 1:58:11 PM","0000-00","0","no battery","V","","µV","","µV"
"07/08/2024","16:41:43","1","default","166358087","001","34.017","min","245.213","μmol/L","Humid","24.399","deg","35743","µV","27.000","°C","1024.000","hPa","38.4","pmil","0","59.850","deg","20.000","°C","100.000","%a.s.","26.990","deg","23.835","°C","1018.000","hPa","0.808","-0.065","0.00038","-0.00034","0","31","Humid","5.00","0","2500.00","34843.05","SADD0002000339 Box 1","ABF1.0.0.0","4.0.0.2353","PSt3","221014-001","6/4/2024 1:58:11 PM","0000-00","0","no battery","V","","µV","","µV"
"07/08/2024","16:41:44","1","default","166358087","001","34.033","min","245.691","μmol/L","Humid","24.380","deg","35748","µV","27.000","°C","1024.000","hPa","38.4","pmil","0","59.850","deg","20.000","°C","100.000","%a.s.","26.990","deg","23.835","°C","1018.000","hPa","0.808","-0.065","0.00038","-0.00034","0","31","Humid","5.00","0","2500.00","34847.32","SADD0002000339 Box 1","ABF1.0.0.0","4.0.0.2353","PSt3","221014-001","6/4/2024 1:58:11 PM","0000-00","0","no battery","V","","µV","","µV"
"07/08/2024","16:41:45","1","default","166358087","001","34.050","min","245.766","μmol/L","Humid","24.377","deg","35749","µV","27.000","°C","1024.000","hPa","38.4","pmil","0","59.850","deg","20.000","°C","100.000","%a.s.","26.990","deg","23.835","°C","1018.000","hPa","0.808","-0.065","0.00038","-0.00034","0","31","Humid","5.00","0","2500.00","34849.29","SADD0002000339 Box 1","ABF1.0.0.0","4.0.0.2353","PSt3","221014-001","6/4/2024 1:58:11 PM","0000-00","0","no battery","V","","µV","","µV"
"07/08/2024","16:41:46","1","default","166358087","001","34.067","min","245.766","μmol/L","Humid","24.377","deg","35748","µV","27.000","°C","1024.000","hPa","38.4","pmil","0","59.850","deg","20.000","°C","100.000","%a.s.","26.990","deg","23.835","°C","1018.000","hPa","0.808","-0.065","0.00038","-0.00034","0","31","Humid","5.00","0","2500.00","34846.92","SADD0002000339 Box 1","ABF1.0.0.0","4.0.0.2353","PSt3","221014-001","6/4/2024 1:58:11 PM","0000-00","0","no battery","V","","µV","","µV"
"07/08/2024","16:41:47","1","default","166358087","001","34.083","min","245.565","μmol/L","Humid","24.385","deg","35751","µV","27.000","°C","1024.000","hPa","38.4","pmil","0","59.850","deg","20.000","°C","100.000","%a.s.","26.990","deg","23.835","°C","1018.000","hPa","0.808","-0.065","0.00038","-0.00034","0","31","Humid","5.00","0","2500.00","34847.79","SADD0002000339 Box 1","ABF1.0.0.0","4.0.0.2353","PSt3","221014-001","6/4/2024 1:58:11 PM","0000-00","0","no battery","V","","µV","","µV"
"07/08/2024","16:41:48","1","default","166358087","001","34.100","min","245.590","μmol/L","Humid","24.384","deg","35747","µV","27.000","°C","1024.000","hPa","38.4","pmil","0","59.850","deg","20.000","°C","100.000","%a.s.","26.990","deg","23.835","°C","1018.000","hPa","0.808","-0.065","0.00038","-0.00034","0","31","Humid","5.00","0","2500.00","34840.81","SADD0002000339 Box 1","ABF1.0.0.0","4.0.0.2353","PSt3","221014-001","6/4/2024 1:58:11 PM","0000-00","0","no battery","V","","µV","","µV"
"07/08/2024","16:41:49","1","default","166358087","001","34.116","min","245.514","μmol/L","Humid","24.387","deg","35751","µV","27.000","°C","1024.000","hPa","38.4","pmil","0","59.850","deg","20.000","°C","100.000","%a.s.","26.990","deg","23.835","°C","1018.000","hPa","0.808","-0.065","0.00038","-0.00034","0","31","Humid","5.00","0","2500.00","34845.20","SADD0002000339 Box 1","ABF1.0.0.0","4.0.0.2353","PSt3","221014-001","6/4/2024 1:58:11 PM","0000-00","0","no battery","V","","µV","","µV"
"07/08/2024","16:41:50","1","default","166358087","001","34.133","min","245.464","μmol/L","Humid","24.389","deg","35754","µV","27.000","°C","1024.000","hPa","38.4","pmil","0","59.850","deg","20.000","°C","100.000","%a.s.","26.990","deg","23.835","°C","1018.000","hPa","0.808","-0.065","0.00038","-0.00034","0","31","Humid","5.00","0","2500.00","34840.88","SADD0002000339 Box 1","ABF1.0.0.0","4.0.0.2353","PSt3","221014-001","6/4/2024 1:58:11 PM","0000-00","0","no battery","V","","µV","","µV"
"07/08/2024","16:41:51","1","default","166358087","001","34.150","min","245.540","μmol/L","Humid","24.386","deg","35755","µV","27.000","°C","1024.000","hPa","38.4","pmil","0","59.850","deg","20.000","°C","100.000","%a.s.","26.990","deg","23.835","°C","1018.000","hPa","0.808","-0.065","0.00038","-0.00034","0","31","Humid","5.00","0","2500.00","34842.18","SADD0002000339 Box 1","ABF1.0.0.0","4.0.0.2353","PSt3","221014-001","6/4/2024 1:58:11 PM","0000-00","0","no battery","V","","µV","","µV"
"07/08/2024","16:41:52","1","default","166358087","001","34.167","min","245.414","μmol/L","Humid","24.391","deg","35746","µV","27.000","°C","1024.000","hPa","38.4","pmil","0","59.850","deg","20.000","°C","100.000","%a.s.","26.990","deg","23.835","°C","1018.000","hPa","0.808","-0.065","0.00038","-0.00034","0","31","Humid","5.00","0","2500.00","34848.59","SADD0002000339 Box 1","ABF1.0.0.0","4.0.0.2353","PSt3","221014-001","6/4/2024 1:58:11 PM","0000-00","0","no battery","V","","µV","","µV"
"07/08/2024","16:41:53","1","default","166358087","001","34.183","min","245.565","μmol/L","Humid","24.385","deg","35754","µV","27.000","°C","1024.000","hPa","38.4","pmil","0","59.850","deg","20.000","°C","100.000","%a.s.","26.990","deg","23.835","°C","1018.000","hPa","0.808","-0.065","0.00038","-0.00034","0","31","Humid","5.00","0","2500.00","34846.36","SADD0002000339 Box 1","ABF1.0.0.0","4.0.0.2353","PSt3","221014-001","6/4/2024 1:58:11 PM","0000-00","0","no battery","V","","µV","","µV"
"07/08/2024","16:41:54","1","default","166358087","001","34.200","min","245.590","μmol/L","Humid","24.384","deg","35759","µV","27.000","°C","1024.000","hPa","38.4","pmil","0","59.850","deg","20.000","°C","100.000","%a.s.","26.990","deg","23.835","°C","1018.000","hPa","0.808","-0.065","0.00038","-0.00034","0","31","Humid","5.00","0","2500.00","34846.90","SADD0002000339 Box 1","ABF1.0.0.0","4.0.0.2353","PSt3","221014-001","6/4/2024 1:58:11 PM","0000-00","0","no battery","V","","µV","","µV"
"07/08/2024","16:41:55","1","default","166358087","001","34.217","min","245.188","μmol/L","Humid","24.400","deg","35750","µV","27.000","°C","1024.000","hPa","38.4","pmil","0","59.850","deg","20.000","°C","100.000","%a.s.","26.990","deg","23.835","°C","1018.000","hPa","0.808","-0.065","0.00038","-0.00034","0","31","Humid","5.00","0","2500.00","34846.87","SADD0002000339 Box 1","ABF1.0.0.0","4.0.0.2353","PSt3","221014-001","6/4/2024 1:58:11 PM","0000-00","0","no battery","V","","µV","","µV"
"07/08/2024","16:41:56","1","default","166358087","001","34.233","min","245.640","μmol/L","Humid","24.382","deg","35755","µV","27.000","°C","1024.000","hPa","38.4","pmil","0","59.850","deg","20.000","°C","100.000","%a.s.","26.990","deg","23.835","°C","1018.000","hPa","0.808","-0.065","0.00038","-0.00034","0","31","Humid","5.00","0","2500.00","34845.66","SADD0002000339 Box 1","ABF1.0.0.0","4.0.0.2353","PSt3","221014-001","6/4/2024 1:58:11 PM","0000-00","0","no battery","V","","µV","","µV"
"07/08/2024","16:41:57","1","default","166358087","001","34.250","min","245.741","μmol/L","Humid","24.378","deg","35749","µV","27.000","°C","1024.000","hPa","38.4","pmil","0","59.850","deg","20.000","°C","100.000","%a.s.","26.990","deg","23.835","°C","1018.000","hPa","0.808","-0.065","0.00038","-0.00034","0","31","Humid","5.00","0","2500.00","34844.38","SADD0002000339 Box 1","ABF1.0.0.0","4.0.0.2353","PSt3","221014-001","6/4/2024 1:58:11 PM","0000-00","0","no battery","V","","µV","","µV"
"07/08/2024","16:41:58","1","default","166358087","001","34.266","min","245.716","μmol/L","Humid","24.379","deg","35757","µV","27.000","°C","1024.000","hPa","38.4","pmil","0","59.850","deg","20.000","°C","100.000","%a.s.","26.990","deg","23.835","°C","1018.000","hPa","0.808","-0.065","0.00038","-0.00034","0","31","Humid","5.00","0","2500.00","34845.57","SADD0002000339 Box 1","ABF1.0.0.0","4.0.0.2353","PSt3","221014-001","6/4/2024 1:58:11 PM","0000-00","0","no battery","V","","µV","","µV"
"07/08/2024","16:41:59","1","default","166358087","001","34.283","min","245.867","μmol/L","Humid","24.373","deg","35759","µV","27.000","°C","1024.000","hPa","38.4","pmil","0","59.850","deg","20.000","°C","100.000","%a.s.","26.990","deg","23.835","°C","1018.000","hPa","0.808","-0.065","0.00038","-0.00034","0","31","Humid","5.00","0","2500.00","34844.37","SADD0002000339 Box 1","ABF1.0.0.0","4.0.0.2353","PSt3","221014-001","6/4/2024 1:58:11 PM","0000-00","0","no battery","V","","µV","","µV"
"07/08/2024","16:42:00","1","default","166358087","001","34.300","min","245.540","μmol/L","Humid","24.386","deg","35754","µV","27.000","°C","1024.000","hPa","38.4","pmil","0","59.850","deg","20.000","°C","100.000","%a.s.","26.990","deg","23.835","°C","1018.000","hPa","0.808","-0.065","0.00038","-0.00034","0","31","Humid","5.00","0","2500.00","34847.52","SADD0002000339 Box 1","ABF1.0.0.0","4.0.0.2353","PSt3","221014-001","6/4/2024 1:58:11 PM","0000-00","0","no battery","V","","µV","","µV"
"07/08/2024","16:42:01","1","default","166358087","001","34.316","min","245.288","μmol/L","Humid","24.396","deg","35756","µV","27.000","°C","1024.000","hPa","38.4","pmil","0","59.850","deg","20.000","°C","100.000","%a.s.","26.990","deg","23.835","°C","1018.000","hPa","0.808","-0.065","0.00038","-0.00034","0","31","Humid","5.00","0","2500.00","34843.00","SADD0002000339 Box 1","ABF1.0.0.0","4.0.0.2353","PSt3","221014-001","6/4/2024 1:58:11 PM","0000-00","0","no battery","V","","µV","","µV"
"07/08/2024","16:42:02","1","default","166358087","001","34.334","min","245.540","μmol/L","Humid","24.386","deg","35752","µV","27.000","°C","1024.000","hPa","38.4","pmil","0","59.850","deg","20.000","°C","100.000","%a.s.","26.990","deg","23.835","°C","1018.000","hPa","0.808","-0.065","0.00038","-0.00034","0","31","Humid","5.00","0","2500.00","34841.68","SADD0002000339 Box 1","ABF1.0.0.0","4.0.0.2353","PSt3","221014-001","6/4/2024 1:58:11 PM","0000-00","0","no battery","V","","µV","","µV"
"07/08/2024","16:42:03","1","default","166358087","001","34.350","min","245.414","μmol/L","Humid","24.391","deg","35749","µV","27.000","°C","1024.000","hPa","38.4","pmil","0","59.850","deg","20.000","°C","100.000","%a.s.","26.990","deg","23.835","°C","1018.000","hPa","0.808","-0.065","0.00038","-0.00034","0","31","Humid","5.00","0","2500.00","34843.69","SADD0002000339 Box 1","ABF1.0.0.0","4.0.0.2353","PSt3","221014-001","6/4/2024 1:58:11 PM","0000-00","0","no battery","V","","µV","","µV"
"07/08/2024","16:42:04","1","default","166358087","001","34.367","min","245.766","μmol/L","Humid","24.377","deg","35755","µV","27.000","°C","1024.000","hPa","38.4","pmil","0","59.850","deg","20.000","°C","100.000","%a.s.","26.990","deg","23.835","°C","1018.000","hPa","0.808","-0.065","0.00038","-0.00034","0","31","Humid","5.00","0","2500.00","34840.16","SADD0002000339 Box 1","ABF1.0.0.0","4.0.0.2353","PSt3","221014-001","6/4/2024 1:58:11 PM","0000-00","0","no battery","V","","µV","","µV"
"07/08/2024","16:42:05","1","default","166358087","001","34.383","min","245.439","μmol/L","Humid","24.390","deg","35753","µV","27.000","°C","1024.000","hPa","38.4","pmil","0","59.850","deg","20.000","°C","100.000","%a.s.","26.990","deg","23.835","°C","1018.000","hPa","0.808","-0.065","0.00038","-0.00034","0","31","Humid","5.00","0","2500.00","34842.94","SADD0002000339 Box 1","ABF1.0.0.0","4.0.0.2353","PSt3","221014-001","6/4/2024 1:58:11 PM","0000-00","0","no battery","V","","µV","","µV"
"07/08/2024","16:42:06","1","default","166358087","001","34.400","min","245.540","μmol/L","Humid","24.386","deg","35754","µV","27.000","°C","1024.000","hPa","38.4","pmil","0","59.850","deg","20.000","°C","100.000","%a.s.","26.990","deg","23.835","°C","1018.000","hPa","0.808","-0.065","0.00038","-0.00034","0","31","Humid","5.00","0","2500.00","34850.72","SADD0002000339 Box 1","ABF1.0.0.0","4.0.0.2353","PSt3","221014-001","6/4/2024 1:58:11 PM","0000-00","0","no battery","V","","µV","","µV"
"07/08/2024","16:42:07","1","default","166358087","001","34.417","min","245.540","μmol/L","Humid","24.386","deg","35750","µV","27.000","°C","1024.000","hPa","38.4","pmil","0","59.850","deg","20.000","°C","100.000","%a.s.","26.990","deg","23.835","°C","1018.000","hPa","0.808","-0.065","0.00038","-0.00034","0","31","Humid","5.00","0","2500.00","34847.36","SADD0002000339 Box 1","ABF1.0.0.0","4.0.0.2353","PSt3","221014-001","6/4/2024 1:58:11 PM","0000-00","0","no battery","V","","µV","","µV"
"07/08/2024","16:42:08","1","default","166358087","001","34.433","min","245.263","μmol/L","Humid","24.397","deg","35756","µV","27.000","°C","1024.000","hPa","38.4","pmil","0","59.850","deg","20.000","°C","100.000","%a.s.","26.990","deg","23.835","°C","1018.000","hPa","0.808","-0.065","0.00038","-0.00034","0","31","Humid","5.00","0","2500.00","34845.50","SADD0002000339 Box 1","ABF1.0.0.0","4.0.0.2353","PSt3","221014-001","6/4/2024 1:58:11 PM","0000-00","0","no battery","V","","µV","","µV"
"07/08/2024","16:42:09","1","default","166358087","001","34.450","min","245.439","μmol/L","Humid","24.390","deg","35755","µV","27.000","°C","1024.000","hPa","38.4","pmil","0","59.850","deg","20.000","°C","100.000","%a.s.","26.990","deg","23.835","°C","1018.000","hPa","0.808","-0.065","0.00038","-0.00034","0","31","Humid","5.00","0","2500.00","34837.16","SADD0002000339 Box 1","ABF1.0.0.0","4.0.0.2353","PSt3","221014-001","6/4/2024 1:58:11 PM","0000-00","0","no battery","V","","µV","","µV"
"07/08/2024","16:42:10","1","default","166358087","001","34.467","min","245.691","μmol/L","Humid","24.380","deg","35753","µV","27.000","°C","1024.000","hPa","38.4","pmil","0","59.850","deg","20.000","°C","100.000","%a.s.","26.990","deg","23.835","°C","1018.000","hPa","0.808","-0.065","0.00038","-0.00034","0","31","Humid","5.00","0","2500.00","34844.05","SADD0002000339 Box 1","ABF1.0.0.0","4.0.0.2353","PSt3","221014-001","6/4/2024 1:58:11 PM","0000-00","0","no battery","V","","µV","","µV"
"07/08/2024","16:42:11","1","default","166358087","001","34.483","min","245.791","μmol/L","Humid","24.376","deg","35753","µV","27.000","°C","1024.000","hPa","38.4","pmil","0","59.850","deg","20.000","°C","100.000","%a.s.","26.990","deg","23.835","°C","1018.000","hPa","0.808","-0.065","0.00038","-0.00034","0","31","Humid","5.00","0","2500.00","34839.43","SADD0002000339 Box 1","ABF1.0.0.0","4.0.0.2353","PSt3","221014-001","6/4/2024 1:58:11 PM","0000-00","0","no battery","V","","µV","","µV"
"07/08/2024","16:42:12","1","default","166358087","001","34.500","min","245.163","μmol/L","Humid","24.401","deg","35763","µV","27.000","°C","1024.000","hPa","38.4","pmil","0","59.850","deg","20.000","°C","100.000","%a.s.","26.990","deg","23.835","°C","1018.000","hPa","0.808","-0.065","0.00038","-0.00034","0","31","Humid","5.00","0","2500.00","34849.13","SADD0002000339 Box 1","ABF1.0.0.0","4.0.0.2353","PSt3","221014-001","6/4/2024 1:58:11 PM","0000-00","0","no battery","V","","µV","","µV"
"07/08/2024","16:42:13","1","default","166358087","001","34.517","min","245.540","μmol/L","Humid","24.386","deg","35758","µV","27.000","°C","1024.000","hPa","38.4","pmil","0","59.850","deg","20.000","°C","100.000","%a.s.","26.990","deg","23.835","°C","1018.000","hPa","0.808","-0.065","0.00038","-0.00034","0","31","Humid","5.00","0","2500.00","34841.69","SADD0002000339 Box 1","ABF1.0.0.0","4.0.0.2353","PSt3","221014-001","6/4/2024 1:58:11 PM","0000-00","0","no battery","V","","µV","","µV"
"07/08/2024","16:42:14","1","default","166358087","001","34.533","min","245.590","μmol/L","Humid","24.384","deg","35756","µV","27.000","°C","1024.000","hPa","38.4","pmil","0","59.850","deg","20.000","°C","100.000","%a.s.","26.990","deg","23.835","°C","1018.000","hPa","0.808","-0.065","0.00038","-0.00034","0","31","Humid","5.00","0","2500.00","34842.34","SADD0002000339 Box 1","ABF1.0.0.0","4.0.0.2353","PSt3","221014-001","6/4/2024 1:58:11 PM","0000-00","0","no battery","V","","µV","","µV"
"07/08/2024","16:42:15","1","default","166358087","001","34.550","min","245.489","μmol/L","Humid","24.388","deg","35756","µV","27.000","°C","1024.000","hPa","38.4","pmil","0","59.850","deg","20.000","°C","100.000","%a.s.","26.990","deg","23.835","°C","1018.000","hPa","0.808","-0.065","0.00038","-0.00034","0","31","Humid","5.00","0","2500.00","34845.04","SADD0002000339 Box 1","ABF1.0.0.0","4.0.0.2353","PSt3","221014-001","6/4/2024 1:58:11 PM","0000-00","0","no battery","V","","µV","","µV"
"07/08/2024","16:42:16","1","default","166358087","001","34.567","min","245.665","μmol/L","Humid","24.381","deg","35755","µV","27.000","°C","1024.000","hPa","38.4","pmil","0","59.850","deg","20.000","°C","100.000","%a.s.","26.990","deg","23.835","°C","1018.000","hPa","0.808","-0.065","0.00038","-0.00034","0","31","Humid","5.00","0","2500.00","34843.54","SADD0002000339 Box 1","ABF1.0.0.0","4.0.0.2353","PSt3","221014-001","6/4/2024 1:58:11 PM","0000-00","0","no battery","V","","µV","","µV"
"07/08/2024","16:42:17","1","default","166358087","001","34.583","min","245.313","μmol/L","Humid","24.395","deg","35763","µV","27.000","°C","1024.000","hPa","38.4","pmil","0","59.850","deg","20.000","°C","100.000","%a.s.","26.990","deg","23.835","°C","1018.000","hPa","0.808","-0.065","0.00038","-0.00034","0","31","Humid","5.00","0","2500.00","34849.25","SADD0002000339 Box 1","ABF1.0.0.0","4.0.0.2353","PSt3","221014-001","6/4/2024 1:58:11 PM","0000-00","0","no battery","V","","µV","","µV"
"07/08/2024","16:42:18","1","default","166358087","001","34.600","min","245.389","μmol/L","Humid","24.392","deg","35756","µV","27.000","°C","1024.000","hPa","38.4","pmil","0","59.850","deg","20.000","°C","100.000","%a.s.","26.990","deg","23.835","°C","1018.000","hPa","0.808","-0.065","0.00038","-0.00034","0","31","Humid","5.00","0","2500.00","34843.68","SADD0002000339 Box 1","ABF1.0.0.0","4.0.0.2353","PSt3","221014-001","6/4/2024 1:58:11 PM","0000-00","0","no battery","V","","µV","","µV"
"07/08/2024","16:42:19","1","default","166358087","001","34.617","min","245.691","μmol/L","Humid","24.380","deg","35761","µV","27.000","°C","1024.000","hPa","38.4","pmil","0","59.850","deg","20.000","°C","100.000","%a.s.","26.990","deg","23.835","°C","1018.000","hPa","0.808","-0.065","0.00038","-0.00034","0","31","Humid","5.00","0","2500.00","34839.81","SADD0002000339 Box 1","ABF1.0.0.0","4.0.0.2353","PSt3","221014-001","6/4/2024 1:58:11 PM","0000-00","0","no battery","V","","µV","","µV"
"07/08/2024","16:42:20","1","default","166358087","001","34.633","min","245.590","μmol/L","Humid","24.384","deg","35760","µV","27.000","°C","1024.000","hPa","38.4","pmil","0","59.850","deg","20.000","°C","100.000","%a.s.","26.990","deg","23.835","°C","1018.000","hPa","0.808","-0.065","0.00038","-0.00034","0","31","Humid","5.00","0","2500.00","34843.71","SADD0002000339 Box 1","ABF1.0.0.0","4.0.0.2353","PSt3","221014-001","6/4/2024 1:58:11 PM","0000-00","0","no battery","V","","µV","","µV"
"07/08/2024","16:42:21","1","default","166358087","001","34.650","min","245.514","μmol/L","Humid","24.387","deg","35761","µV","27.000","°C","1024.000","hPa","38.4","pmil","0","59.850","deg","20.000","°C","100.000","%a.s.","26.990","deg","23.835","°C","1018.000","hPa","0.808","-0.065","0.00038","-0.00034","0","31","Humid","5.00","0","2500.00","34842.52","SADD0002000339 Box 1","ABF1.0.0.0","4.0.0.2353","PSt3","221014-001","6/4/2024 1:58:11 PM","0000-00","0","no battery","V","","µV","","µV"
"07/08/2024","16:42:22","1","default","166358087","001","34.667","min","245.113","μmol/L","Humid","24.403","deg","35756","µV","27.000","°C","1024.000","hPa","38.4","pmil","0","59.850","deg","20.000","°C","100.000","%a.s.","26.990","deg","23.835","°C","1018.000","hPa","0.808","-0.065","0.00038","-0.00034","0","31","Humid","5.00","0","2500.00","34843.27","SADD0002000339 Box 1","ABF1.0.0.0","4.0.0.2353","PSt3","221014-001","6/4/2024 1:58:11 PM","0000-00","0","no battery","V","","µV","","µV"
"07/08/2024","16:42:23","1","default","166358087","001","34.683","min","245.640","μmol/L","Humid","24.382","deg","35760","µV","27.000","°C","1024.000","hPa","38.4","pmil","0","59.850","deg","20.000","°C","100.000","%a.s.","26.990","deg","23.835","°C","1018.000","hPa","0.808","-0.065","0.00038","-0.00034","0","31","Humid","5.00","0","2500.00","34839.98","SADD0002000339 Box 1","ABF1.0.0.0","4.0.0.2353","PSt3","221014-001","6/4/2024 1:58:11 PM","0000-00","0","no battery","V","","µV","","µV"
"07/08/2024","16:42:24","1","default","166358087","001","34.700","min","245.716","μmol/L","Humid","24.379","deg","35761","µV","27.000","°C","1024.000","hPa","38.4","pmil","0","59.850","deg","20.000","°C","100.000","%a.s.","26.990","deg","23.835","°C","1018.000","hPa","0.808","-0.065","0.00038","-0.00034","0","31","Humid","5.00","0","2500.00","34845.54","SADD0002000339 Box 1","ABF1.0.0.0","4.0.0.2353","PSt3","221014-001","6/4/2024 1:58:11 PM","0000-00","0","no battery","V","","µV","","µV"
"07/08/2024","16:42:25","1","default","166358087","001","34.717","min","245.590","μmol/L","Humid","24.384","deg","35762","µV","27.000","°C","1024.000","hPa","38.4","pmil","0","59.850","deg","20.000","°C","100.000","%a.s.","26.990","deg","23.835","°C","1018.000","hPa","0.808","-0.065","0.00038","-0.00034","0","31","Humid","5.00","0","2500.00","34842.25","SADD0002000339 Box 1","ABF1.0.0.0","4.0.0.2353","PSt3","221014-001","6/4/2024 1:58:11 PM","0000-00","0","no battery","V","","µV","","µV"
"07/08/2024","16:42:26","1","default","166358087","001","34.733","min","245.414","μmol/L","Humid","24.391","deg","35760","µV","27.000","°C","1024.000","hPa","38.4","pmil","0","59.850","deg","20.000","°C","100.000","%a.s.","26.990","deg","23.835","°C","1018.000","hPa","0.808","-0.065","0.00038","-0.00034","0","31","Humid","5.00","0","2500.00","34848.06","SADD0002000339 Box 1","ABF1.0.0.0","4.0.0.2353","PSt3","221014-001","6/4/2024 1:58:11 PM","0000-00","0","no battery","V","","µV","","µV"
"07/08/2024","16:42:27","1","default","166358087","001","34.750","min","245.489","μmol/L","Humid","24.388","deg","35761","µV","27.000","°C","1024.000","hPa","38.4","pmil","0","59.850","deg","20.000","°C","100.000","%a.s.","26.990","deg","23.835","°C","1018.000","hPa","0.808","-0.065","0.00038","-0.00034","0","31","Humid","5.00","0","2500.00","34844.89","SADD0002000339 Box 1","ABF1.0.0.0","4.0.0.2353","PSt3","221014-001","6/4/2024 1:58:11 PM","0000-00","0","no battery","V","","µV","","µV"
"07/08/2024","16:42:28","1","default","166358087","001","34.766","min","245.364","μmol/L","Humid","24.393","deg","35761","µV","27.000","°C","1024.000","hPa","38.4","pmil","0","59.850","deg","20.000","°C","100.000","%a.s.","26.990","deg","23.835","°C","1018.000","hPa","0.808","-0.065","0.00038","-0.00034","0","31","Humid","5.00","0","2500.00","34841.31","SADD0002000339 Box 1","ABF1.0.0.0","4.0.0.2353","PSt3","221014-001","6/4/2024 1:58:11 PM","0000-00","0","no battery","V","","µV","","µV"
"07/08/2024","16:42:29","1","default","166358087","001","34.783","min","245.012","μmol/L","Humid","24.407","deg","35758","µV","27.000","°C","1024.000","hPa","38.4","pmil","0","59.850","deg","20.000","°C","100.000","%a.s.","26.990","deg","23.835","°C","1018.000","hPa","0.808","-0.065","0.00038","-0.00034","0","31","Humid","5.00","0","2500.00","34842.84","SADD0002000339 Box 1","ABF1.0.0.0","4.0.0.2353","PSt3","221014-001","6/4/2024 1:58:11 PM","0000-00","0","no battery","V","","µV","","µV"
"07/08/2024","16:42:30","1","default","166358087","001","34.799","min","245.389","μmol/L","Humid","24.392","deg","35762","µV","27.000","°C","1024.000","hPa","38.4","pmil","0","59.850","deg","20.000","°C","100.000","%a.s.","26.990","deg","23.835","°C","1018.000","hPa","0.808","-0.065","0.00038","-0.00034","0","31","Humid","5.00","0","2500.00","34843.97","SADD0002000339 Box 1","ABF1.0.0.0","4.0.0.2353","PSt3","221014-001","6/4/2024 1:58:11 PM","0000-00","0","no battery","V","","µV","","µV"
"07/08/2024","16:42:31","1","default","166358087","001","34.816","min","245.288","μmol/L","Humid","24.396","deg","35765","µV","27.000","°C","1024.000","hPa","38.4","pmil","0","59.850","deg","20.000","°C","100.000","%a.s.","26.990","deg","23.835","°C","1018.000","hPa","0.808","-0.065","0.00038","-0.00034","0","31","Humid","5.00","0","2500.00","34839.77","SADD0002000339 Box 1","ABF1.0.0.0","4.0.0.2353","PSt3","221014-001","6/4/2024 1:58:11 PM","0000-00","0","no battery","V","","µV","","µV"
"07/08/2024","16:42:32","1","default","166358087","001","34.833","min","245.414","μmol/L","Humid","24.391","deg","35765","µV","27.000","°C","1024.000","hPa","38.4","pmil","0","59.850","deg","20.000","°C","100.000","%a.s.","26.990","deg","23.835","°C","1018.000","hPa","0.808","-0.065","0.00038","-0.00034","0","31","Humid","5.00","0","2500.00","34843.26","SADD0002000339 Box 1","ABF1.0.0.0","4.0.0.2353","PSt3","221014-001","6/4/2024 1:58:11 PM","0000-00","0","no battery","V","","µV","","µV"
"07/08/2024","16:42:33","1","default","166358087","001","34.850","min","245.188","μmol/L","Humid","24.400","deg","35761","µV","27.000","°C","1024.000","hPa","38.4","pmil","0","59.850","deg","20.000","°C","100.000","%a.s.","26.990","deg","23.835","°C","1018.000","hPa","0.808","-0.065","0.00038","-0.00034","0","31","Humid","5.00","0","2500.00","34844.19","SADD0002000339 Box 1","ABF1.0.0.0","4.0.0.2353","PSt3","221014-001","6/4/2024 1:58:11 PM","0000-00","0","no battery","V","","µV","","µV"
"07/08/2024","16:42:34","1","default","166358087","001","34.866","min","245.565","μmol/L","Humid","24.385","deg","35767","µV","27.000","°C","1024.000","hPa","38.4","pmil","0","59.850","deg","20.000","°C","100.000","%a.s.","26.990","deg","23.835","°C","1018.000","hPa","0.808","-0.065","0.00038","-0.00034","0","31","Humid","5.00","0","2500.00","34845.26","SADD0002000339 Box 1","ABF1.0.0.0","4.0.0.2353","PSt3","221014-001","6/4/2024 1:58:11 PM","0000-00","0","no battery","V","","µV","","µV"
"07/08/2024","16:42:35","1","default","166358087","001","34.884","min","245.288","μmol/L","Humid","24.396","deg","35766","µV","27.000","°C","1024.000","hPa","38.4","pmil","0","59.850","deg","20.000","°C","100.000","%a.s.","26.990","deg","23.835","°C","1018.000","hPa","0.808","-0.065","0.00038","-0.00034","0","31","Humid","5.00","0","2500.00","34843.81","SADD0002000339 Box 1","ABF1.0.0.0","4.0.0.2353","PSt3","221014-001","6/4/2024 1:58:11 PM","0000-00","0","no battery","V","","µV","","µV"
"07/08/2024","16:42:36","1","default","166358087","001","34.900","min","245.439","μmol/L","Humid","24.390","deg","35765","µV","27.000","°C","1024.000","hPa","38.4","pmil","0","59.850","deg","20.000","°C","100.000","%a.s.","26.990","deg","23.835","°C","1018.000","hPa","0.808","-0.065","0.00038","-0.00034","0","31","Humid","5.00","0","2500.00","34842.08","SADD0002000339 Box 1","ABF1.0.0.0","4.0.0.2353","PSt3","221014-001","6/4/2024 1:58:11 PM","0000-00","0","no battery","V","","µV","","µV"
"07/08/2024","16:42:37","1","default","166358087","001","34.917","min","245.339","μmol/L","Humid","24.394","deg","35771","µV","27.000","°C","1024.000","hPa","38.4","pmil","0","59.850","deg","20.000","°C","100.000","%a.s.","26.990","deg","23.835","°C","1018.000","hPa","0.808","-0.065","0.00038","-0.00034","0","31","Humid","5.00","0","2500.00","34841.89","SADD0002000339 Box 1","ABF1.0.0.0","4.0.0.2353","PSt3","221014-001","6/4/2024 1:58:11 PM","0000-00","0","no battery","V","","µV","","µV"
"07/08/2024","16:42:38","1","default","166358087","001","34.933","min","245.288","μmol/L","Humid","24.396","deg","35768","µV","27.000","°C","1024.000","hPa","38.4","pmil","0","59.850","deg","20.000","°C","100.000","%a.s.","26.990","deg","23.835","°C","1018.000","hPa","0.808","-0.065","0.00038","-0.00034","0","31","Humid","5.00","0","2500.00","34845.18","SADD0002000339 Box 1","ABF1.0.0.0","4.0.0.2353","PSt3","221014-001","6/4/2024 1:58:11 PM","0000-00","0","no battery","V","","µV","","µV"
"07/08/2024","16:42:39","1","default","166358087","001","34.950","min","245.213","μmol/L","Humid","24.399","deg","35767","µV","27.000","°C","1024.000","hPa","38.4","pmil","0","59.850","deg","20.000","°C","100.000","%a.s.","26.990","deg","23.835","°C","1018.000","hPa","0.808","-0.065","0.00038","-0.00034","0","31","Humid","5.00","0","2500.00","34843.98","SADD0002000339 Box 1","ABF1.0.0.0","4.0.0.2353","PSt3","221014-001","6/4/2024 1:58:11 PM","0000-00","0","no battery","V","","µV","","µV"
"07/08/2024","16:42:40","1","default","166358087","001","34.966","min","245.339","μmol/L","Humid","24.394","deg","35770","µV","27.000","°C","1024.000","hPa","38.4","pmil","0","59.850","deg","20.000","°C","100.000","%a.s.","26.990","deg","23.835","°C","1018.000","hPa","0.808","-0.065","0.00038","-0.00034","0","31","Humid","5.00","0","2500.00","34844.95","SADD0002000339 Box 1","ABF1.0.0.0","4.0.0.2353","PSt3","221014-001","6/4/2024 1:58:11 PM","0000-00","0","no battery","V","","µV","","µV"
"07/08/2024","16:42:41","1","default","166358087","001","34.983","min","245.288","μmol/L","Humid","24.396","deg","35769","µV","27.000","°C","1024.000","hPa","38.4","pmil","0","59.850","deg","20.000","°C","100.000","%a.s.","26.990","deg","23.835","°C","1018.000","hPa","0.808","-0.065","0.00038","-0.00034","0","31","Humid","5.00","0","2500.00","34845.94","SADD0002000339 Box 1","ABF1.0.0.0","4.0.0.2353","PSt3","221014-001","6/4/2024 1:58:11 PM","0000-00","0","no battery","V","","µV","","µV"
"07/08/2024","16:42:42","1","default","166358087","001","35.000","min","245.414","μmol/L","Humid","24.391","deg","35771","µV","27.000","°C","1024.000","hPa","38.4","pmil","0","59.850","deg","20.000","°C","100.000","%a.s.","26.990","deg","23.835","°C","1018.000","hPa","0.808","-0.065","0.00038","-0.00034","0","31","Humid","5.00","0","2500.00","34840.99","SADD0002000339 Box 1","ABF1.0.0.0","4.0.0.2353","PSt3","221014-001","6/4/2024 1:58:11 PM","0000-00","0","no battery","V","","µV","","µV"
"07/08/2024","16:42:43","1","default","166358087","001","35.017","min","245.665","μmol/L","Humid","24.381","deg","35765","µV","27.000","°C","1024.000","hPa","38.4","pmil","0","59.850","deg","20.000","°C","100.000","%a.s.","26.990","deg","23.835","°C","1018.000","hPa","0.808","-0.065","0.00038","-0.00034","0","31","Humid","5.00","0","2500.00","34838.03","SADD0002000339 Box 1","ABF1.0.0.0","4.0.0.2353","PSt3","221014-001","6/4/2024 1:58:11 PM","0000-00","0","no battery","V","","µV","","µV"
"07/08/2024","16:42:44","1","default","166358087","001","35.033","min","245.339","μmol/L","Humid","24.394","deg","35764","µV","27.000","°C","1024.000","hPa","38.4","pmil","0","59.850","deg","20.000","°C","100.000","%a.s.","26.990","deg","23.835","°C","1018.000","hPa","0.808","-0.065","0.00038","-0.00034","0","31","Humid","5.00","0","2500.00","34844.18","SADD0002000339 Box 1","ABF1.0.0.0","4.0.0.2353","PSt3","221014-001","6/4/2024 1:58:11 PM","0000-00","0","no battery","V","","µV","","µV"
"07/08/2024","16:42:45","1","default","166358087","001","35.050","min","245.389","μmol/L","Humid","24.392","deg","35765","µV","27.000","°C","1024.000","hPa","38.4","pmil","0","59.850","deg","20.000","°C","100.000","%a.s.","26.990","deg","23.835","°C","1018.000","hPa","0.808","-0.065","0.00038","-0.00034","0","31","Humid","5.00","0","2500.00","34844.81","SADD0002000339 Box 1","ABF1.0.0.0","4.0.0.2353","PSt3","221014-001","6/4/2024 1:58:11 PM","0000-00","0","no battery","V","","µV","","µV"
"07/08/2024","16:42:46","1","default","166358087","001","35.066","min","245.640","μmol/L","Humid","24.382","deg","35774","µV","27.000","°C","1024.000","hPa","38.4","pmil","0","59.850","deg","20.000","°C","100.000","%a.s.","26.990","deg","23.835","°C","1018.000","hPa","0.808","-0.065","0.00038","-0.00034","0","31","Humid","5.00","0","2500.00","34837.52","SADD0002000339 Box 1","ABF1.0.0.0","4.0.0.2353","PSt3","221014-001","6/4/2024 1:58:11 PM","0000-00","0","no battery","V","","µV","","µV"
"07/08/2024","16:42:47","1","default","166358087","001","35.083","min","245.766","μmol/L","Humid","24.377","deg","35766","µV","27.000","°C","1024.000","hPa","38.4","pmil","0","59.850","deg","20.000","°C","100.000","%a.s.","26.990","deg","23.835","°C","1018.000","hPa","0.808","-0.065","0.00038","-0.00034","0","31","Humid","5.00","0","2500.00","34843.73","SADD0002000339 Box 1","ABF1.0.0.0","4.0.0.2353","PSt3","221014-001","6/4/2024 1:58:11 PM","0000-00","0","no battery","V","","µV","","µV"
"07/08/2024","16:42:48","1","default","166358087","001","35.100","min","245.263","μmol/L","Humid","24.397","deg","35769","µV","27.000","°C","1024.000","hPa","38.4","pmil","0","59.850","deg","20.000","°C","100.000","%a.s.","26.990","deg","23.835","°C","1018.000","hPa","0.808","-0.065","0.00038","-0.00034","0","31","Humid","5.00","0","2500.00","34845.65","SADD0002000339 Box 1","ABF1.0.0.0","4.0.0.2353","PSt3","221014-001","6/4/2024 1:58:11 PM","0000-00","0","no battery","V","","µV","","µV"
"07/08/2024","16:42:49","1","default","166358087","001","35.116","min","245.213","μmol/L","Humid","24.399","deg","35775","µV","27.000","°C","1024.000","hPa","38.4","pmil","0","59.850","deg","20.000","°C","100.000","%a.s.","26.990","deg","23.835","°C","1018.000","hPa","0.808","-0.065","0.00038","-0.00034","0","31","Humid","5.00","0","2500.00","34843.31","SADD0002000339 Box 1","ABF1.0.0.0","4.0.0.2353","PSt3","221014-001","6/4/2024 1:58:11 PM","0000-00","0","no battery","V","","µV","","µV"
"07/08/2024","16:42:50","1","default","166358087","001","35.133","min","245.389","μmol/L","Humid","24.392","deg","35775","µV","27.000","°C","1024.000","hPa","38.4","pmil","0","59.850","deg","20.000","°C","100.000","%a.s.","26.990","deg","23.835","°C","1018.000","hPa","0.808","-0.065","0.00038","-0.00034","0","31","Humid","5.00","0","2500.00","34843.25","SADD0002000339 Box 1","ABF1.0.0.0","4.0.0.2353","PSt3","221014-001","6/4/2024 1:58:11 PM","0000-00","0","no battery","V","","µV","","µV"
"07/08/2024","16:42:51","1","default","166358087","001","35.150","min","245.364","μmol/L","Humid","24.393","deg","35768","µV","27.000","°C","1024.000","hPa","38.4","pmil","0","59.850","deg","20.000","°C","100.000","%a.s.","26.990","deg","23.835","°C","1018.000","hPa","0.808","-0.065","0.00038","-0.00034","0","31","Humid","5.00","0","2500.00","34842.06","SADD0002000339 Box 1","ABF1.0.0.0","4.0.0.2353","PSt3","221014-001","6/4/2024 1:58:11 PM","0000-00","0","no battery","V","","µV","","µV"
"07/08/2024","16:42:52","1","default","166358087","001","35.166","min","245.414","μmol/L","Humid","24.391","deg","35776","µV","27.000","°C","1024.000","hPa","38.4","pmil","0","59.850","deg","20.000","°C","100.000","%a.s.","26.990","deg","23.835","°C","1018.000","hPa","0.808","-0.065","0.00038","-0.00034","0","31","Humid","5.00","0","2500.00","34840.51","SADD0002000339 Box 1","ABF1.0.0.0","4.0.0.2353","PSt3","221014-001","6/4/2024 1:58:11 PM","0000-00","0","no battery","V","","µV","","µV"
"07/08/2024","16:42:53","1","default","166358087","001","35.183","min","245.037","μmol/L","Humid","24.406","deg","35774","µV","27.000","°C","1024.000","hPa","38.4","pmil","0","59.850","deg","20.000","°C","100.000","%a.s.","26.990","deg","23.835","°C","1018.000","hPa","0.808","-0.065","0.00038","-0.00034","0","31","Humid","5.00","0","2500.00","34845.83","SADD0002000339 Box 1","ABF1.0.0.0","4.0.0.2353","PSt3","221014-001","6/4/2024 1:58:11 PM","0000-00","0","no battery","V","","µV","","µV"
"07/08/2024","16:42:54","1","default","166358087","001","35.200","min","245.464","μmol/L","Humid","24.389","deg","35776","µV","27.000","°C","1024.000","hPa","38.4","pmil","0","59.850","deg","20.000","°C","100.000","%a.s.","26.990","deg","23.835","°C","1018.000","hPa","0.808","-0.065","0.00038","-0.00034","0","31","Humid","5.00","0","2500.00","34847.90","SADD0002000339 Box 1","ABF1.0.0.0","4.0.0.2353","PSt3","221014-001","6/4/2024 1:58:11 PM","0000-00","0","no battery","V","","µV","","µV"
"07/08/2024","16:42:55","1","default","166358087","001","35.216","min","245.188","μmol/L","Humid","24.400","deg","35776","µV","27.000","°C","1024.000","hPa","38.4","pmil","0","59.850","deg","20.000","°C","100.000","%a.s.","26.990","deg","23.835","°C","1018.000","hPa","0.808","-0.065","0.00038","-0.00034","0","31","Humid","5.00","0","2500.00","34843.81","SADD0002000339 Box 1","ABF1.0.0.0","4.0.0.2353","PSt3","221014-001","6/4/2024 1:58:11 PM","0000-00","0","no battery","V","","µV","","µV"
"07/08/2024","16:42:56","1","default","166358087","001","35.233","min","245.163","μmol/L","Humid","24.401","deg","35779","µV","27.000","°C","1024.000","hPa","38.4","pmil","0","59.850","deg","20.000","°C","100.000","%a.s.","26.990","deg","23.835","°C","1018.000","hPa","0.808","-0.065","0.00038","-0.00034","0","31","Humid","5.00","0","2500.00","34842.90","SADD0002000339 Box 1","ABF1.0.0.0","4.0.0.2353","PSt3","221014-001","6/4/2024 1:58:11 PM","0000-00","0","no battery","V","","µV","","µV"
"07/08/2024","16:42:57","1","default","166358087","001","35.250","min","245.263","μmol/L","Humid","24.397","deg","35774","µV","27.000","°C","1024.000","hPa","38.4","pmil","0","59.850","deg","20.000","°C","100.000","%a.s.","26.990","deg","23.835","°C","1018.000","hPa","0.808","-0.065","0.00038","-0.00034","0","31","Humid","5.00","0","2500.00","34837.64","SADD0002000339 Box 1","ABF1.0.0.0","4.0.0.2353","PSt3","221014-001","6/4/2024 1:58:11 PM","0000-00","0","no battery","V","","µV","","µV"
"07/08/2024","16:42:58","1","default","166358087","001","35.266","min","245.288","μmol/L","Humid","24.396","deg","35770","µV","27.000","°C","1024.000","hPa","38.4","pmil","0","59.850","deg","20.000","°C","100.000","%a.s.","26.990","deg","23.835","°C","1018.000","hPa","0.808","-0.065","0.00038","-0.00034","0","31","Humid","5.00","0","2500.00","34839.65","SADD0002000339 Box 1","ABF1.0.0.0","4.0.0.2353","PSt3","221014-001","6/4/2024 1:58:11 PM","0000-00","0","no battery","V","","µV","","µV"
"07/08/2024","16:42:59","1","default","166358087","001","35.283","min","245.540","μmol/L","Humid","24.386","deg","35773","µV","27.000","°C","1024.000","hPa","38.4","pmil","0","59.850","deg","20.000","°C","100.000","%a.s.","26.990","deg","23.835","°C","1018.000","hPa","0.808","-0.065","0.00038","-0.00034","0","31","Humid","5.00","0","2500.00","34839.00","SADD0002000339 Box 1","ABF1.0.0.0","4.0.0.2353","PSt3","221014-001","6/4/2024 1:58:11 PM","0000-00","0","no battery","V","","µV","","µV"
"07/08/2024","16:43:00","1","default","166358087","001","35.300","min","245.263","μmol/L","Humid","24.397","deg","35778","µV","27.000","°C","1024.000","hPa","38.4","pmil","0","59.850","deg","20.000","°C","100.000","%a.s.","26.990","deg","23.835","°C","1018.000","hPa","0.808","-0.065","0.00038","-0.00034","0","31","Humid","5.00","0","2500.00","34836.56","SADD0002000339 Box 1","ABF1.0.0.0","4.0.0.2353","PSt3","221014-001","6/4/2024 1:58:11 PM","0000-00","0","no battery","V","","µV","","µV"
"07/08/2024","16:43:01","1","default","166358087","001","35.317","min","245.389","μmol/L","Humid","24.392","deg","35775","µV","27.000","°C","1024.000","hPa","38.4","pmil","0","59.850","deg","20.000","°C","100.000","%a.s.","26.990","deg","23.835","°C","1018.000","hPa","0.808","-0.065","0.00038","-0.00034","0","31","Humid","5.00","0","2500.00","34843.48","SADD0002000339 Box 1","ABF1.0.0.0","4.0.0.2353","PSt3","221014-001","6/4/2024 1:58:11 PM","0000-00","0","no battery","V","","µV","","µV"
"07/08/2024","16:43:02","1","default","166358087","001","35.333","min","245.464","μmol/L","Humid","24.389","deg","35776","µV","27.000","°C","1024.000","hPa","38.4","pmil","0","59.850","deg","20.000","°C","100.000","%a.s.","26.990","deg","23.835","°C","1018.000","hPa","0.808","-0.065","0.00038","-0.00034","0","31","Humid","5.00","0","2500.00","34843.23","SADD0002000339 Box 1","ABF1.0.0.0","4.0.0.2353","PSt3","221014-001","6/4/2024 1:58:11 PM","0000-00","0","no battery","V","","µV","","µV"
"07/08/2024","16:43:03","1","default","166358087","001","35.350","min","245.339","μmol/L","Humid","24.394","deg","35773","µV","27.000","°C","1024.000","hPa","38.4","pmil","0","59.850","deg","20.000","°C","100.000","%a.s.","26.990","deg","23.835","°C","1018.000","hPa","0.808","-0.065","0.00038","-0.00034","0","31","Humid","5.00","0","2500.00","34841.09","SADD0002000339 Box 1","ABF1.0.0.0","4.0.0.2353","PSt3","221014-001","6/4/2024 1:58:11 PM","0000-00","0","no battery","V","","µV","","µV"
"07/08/2024","16:43:04","1","default","166358087","001","35.366","min","245.288","μmol/L","Humid","24.396","deg","35773","µV","27.000","°C","1024.000","hPa","38.4","pmil","0","59.850","deg","20.000","°C","100.000","%a.s.","26.990","deg","23.835","°C","1018.000","hPa","0.808","-0.065","0.00038","-0.00034","0","31","Humid","5.00","0","2500.00","34842.85","SADD0002000339 Box 1","ABF1.0.0.0","4.0.0.2353","PSt3","221014-001","6/4/2024 1:58:11 PM","0000-00","0","no battery","V","","µV","","µV"
"07/08/2024","16:43:05","1","default","166358087","001","35.383","min","245.464","μmol/L","Humid","24.389","deg","35772","µV","27.000","°C","1024.000","hPa","38.4","pmil","0","59.850","deg","20.000","°C","100.000","%a.s.","26.990","deg","23.835","°C","1018.000","hPa","0.808","-0.065","0.00038","-0.00034","0","31","Humid","5.00","0","2500.00","34846.08","SADD0002000339 Box 1","ABF1.0.0.0","4.0.0.2353","PSt3","221014-001","6/4/2024 1:58:11 PM","0000-00","0","no battery","V","","µV","","µV"
"07/08/2024","16:43:06","1","default","166358087","001","35.400","min","245.288","μmol/L","Humid","24.396","deg","35768","µV","27.000","°C","1024.000","hPa","38.4","pmil","0","59.850","deg","20.000","°C","100.000","%a.s.","26.990","deg","23.835","°C","1018.000","hPa","0.808","-0.065","0.00038","-0.00034","0","31","Humid","5.00","0","2500.00","34839.53","SADD0002000339 Box 1","ABF1.0.0.0","4.0.0.2353","PSt3","221014-001","6/4/2024 1:58:11 PM","0000-00","0","no battery","V","","µV","","µV"
"07/08/2024","16:43:07","1","default","166358087","001","35.416","min","245.364","μmol/L","Humid","24.393","deg","35773","µV","27.000","°C","1024.000","hPa","38.4","pmil","0","59.850","deg","20.000","°C","100.000","%a.s.","26.990","deg","23.835","°C","1018.000","hPa","0.808","-0.065","0.00038","-0.00034","0","31","Humid","5.00","0","2500.00","34838.97","SADD0002000339 Box 1","ABF1.0.0.0","4.0.0.2353","PSt3","221014-001","6/4/2024 1:58:11 PM","0000-00","0","no battery","V","","µV","","µV"
"07/08/2024","16:43:08","1","default","166358087","001","35.433","min","245.163","μmol/L","Humid","24.401","deg","35775","µV","27.000","°C","1024.000","hPa","38.4","pmil","0","59.850","deg","20.000","°C","100.000","%a.s.","26.990","deg","23.835","°C","1018.000","hPa","0.808","-0.065","0.00038","-0.00034","0","31","Humid","5.00","0","2500.00","34841.82","SADD0002000339 Box 1","ABF1.0.0.0","4.0.0.2353","PSt3","221014-001","6/4/2024 1:58:11 PM","0000-00","0","no battery","V","","µV","","µV"
"07/08/2024","16:43:09","1","default","166358087","001","35.450","min","245.163","μmol/L","Humid","24.401","deg","35773","µV","27.000","°C","1024.000","hPa","38.4","pmil","0","59.850","deg","20.000","°C","100.000","%a.s.","26.990","deg","23.835","°C","1018.000","hPa","0.808","-0.065","0.00038","-0.00034","0","31","Humid","5.00","0","2500.00","34839.85","SADD0002000339 Box 1","ABF1.0.0.0","4.0.0.2353","PSt3","221014-001","6/4/2024 1:58:11 PM","0000-00","0","no battery","V","","µV","","µV"
"07/08/2024","16:43:10","1","default","166358087","001","35.466","min","245.288","μmol/L","Humid","24.396","deg","35772","µV","27.000","°C","1024.000","hPa","38.4","pmil","0","59.850","deg","20.000","°C","100.000","%a.s.","26.990","deg","23.835","°C","1018.000","hPa","0.808","-0.065","0.00038","-0.00034","0","31","Humid","5.00","0","2500.00","34842.24","SADD0002000339 Box 1","ABF1.0.0.0","4.0.0.2353","PSt3","221014-001","6/4/2024 1:58:11 PM","0000-00","0","no battery","V","","µV","","µV"
"07/08/2024","16:43:11","1","default","166358087","001","35.483","min","245.414","μmol/L","Humid","24.391","deg","35771","µV","27.000","°C","1024.000","hPa","38.4","pmil","0","59.850","deg","20.000","°C","100.000","%a.s.","26.990","deg","23.835","°C","1018.000","hPa","0.808","-0.065","0.00038","-0.00034","0","31","Humid","5.00","0","2500.00","34837.16","SADD0002000339 Box 1","ABF1.0.0.0","4.0.0.2353","PSt3","221014-001","6/4/2024 1:58:11 PM","0000-00","0","no battery","V","","µV","","µV"
"07/08/2024","16:43:12","1","default","166358087","001","35.499","min","245.238","μmol/L","Humid","24.398","deg","35773","µV","27.000","°C","1024.000","hPa","38.4","pmil","0","59.850","deg","20.000","°C","100.000","%a.s.","26.990","deg","23.835","°C","1018.000","hPa","0.808","-0.065","0.00038","-0.00034","0","31","Humid","5.00","0","2500.00","34838.17","SADD0002000339 Box 1","ABF1.0.0.0","4.0.0.2353","PSt3","221014-001","6/4/2024 1:58:11 PM","0000-00","0","no battery","V","","µV","","µV"
"07/08/2024","16:43:13","1","default","166358087","001","35.516","min","245.188","μmol/L","Humid","24.400","deg","35777","µV","27.000","°C","1024.000","hPa","38.4","pmil","0","59.850","deg","20.000","°C","100.000","%a.s.","26.990","deg","23.835","°C","1018.000","hPa","0.808","-0.065","0.00038","-0.00034","0","31","Humid","5.00","0","2500.00","34841.71","SADD0002000339 Box 1","ABF1.0.0.0","4.0.0.2353","PSt3","221014-001","6/4/2024 1:58:11 PM","0000-00","0","no battery","V","","µV","","µV"
"07/08/2024","16:43:14","1","default","166358087","001","35.533","min","245.489","μmol/L","Humid","24.388","deg","35779","µV","27.000","°C","1024.000","hPa","38.4","pmil","0","59.850","deg","20.000","°C","100.000","%a.s.","26.990","deg","23.835","°C","1018.000","hPa","0.808","-0.065","0.00038","-0.00034","0","31","Humid","5.00","0","2500.00","34840.87","SADD0002000339 Box 1","ABF1.0.0.0","4.0.0.2353","PSt3","221014-001","6/4/2024 1:58:11 PM","0000-00","0","no battery","V","","µV","","µV"
"07/08/2024","16:43:15","1","default","166358087","001","35.549","min","245.288","μmol/L","Humid","24.396","deg","35772","µV","27.000","°C","1024.000","hPa","38.4","pmil","0","59.850","deg","20.000","°C","100.000","%a.s.","26.990","deg","23.835","°C","1018.000","hPa","0.808","-0.065","0.00038","-0.00034","0","31","Humid","5.00","0","2500.00","34838.91","SADD0002000339 Box 1","ABF1.0.0.0","4.0.0.2353","PSt3","221014-001","6/4/2024 1:58:11 PM","0000-00","0","no battery","V","","µV","","µV"
"07/08/2024","16:43:16","1","default","166358087","001","35.566","min","245.238","μmol/L","Humid","24.398","deg","35782","µV","27.000","°C","1024.000","hPa","38.4","pmil","0","59.850","deg","20.000","°C","100.000","%a.s.","26.990","deg","23.835","°C","1018.000","hPa","0.808","-0.065","0.00038","-0.00034","0","31","Humid","5.00","0","2500.00","34837.33","SADD0002000339 Box 1","ABF1.0.0.0","4.0.0.2353","PSt3","221014-001","6/4/2024 1:58:11 PM","0000-00","0","no battery","V","","µV","","µV"
"07/08/2024","16:43:17","1","default","166358087","001","35.584","min","245.288","μmol/L","Humid","24.396","deg","35775","µV","27.000","°C","1024.000","hPa","38.4","pmil","0","59.850","deg","20.000","°C","100.000","%a.s.","26.990","deg","23.835","°C","1018.000","hPa","0.808","-0.065","0.00038","-0.00034","0","31","Humid","5.00","0","2500.00","34843.99","SADD0002000339 Box 1","ABF1.0.0.0","4.0.0.2353","PSt3","221014-001","6/4/2024 1:58:11 PM","0000-00","0","no battery","V","","µV","","µV"
"07/08/2024","16:43:18","1","default","166358087","001","35.600","min","245.489","μmol/L","Humid","24.388","deg","35779","µV","27.000","°C","1024.000","hPa","38.4","pmil","0","59.850","deg","20.000","°C","100.000","%a.s.","26.990","deg","23.835","°C","1018.000","hPa","0.808","-0.065","0.00038","-0.00034","0","31","Humid","5.00","0","2500.00","34841.75","SADD0002000339 Box 1","ABF1.0.0.0","4.0.0.2353","PSt3","221014-001","6/4/2024 1:58:11 PM","0000-00","0","no battery","V","","µV","","µV"
"07/08/2024","16:43:19","1","default","166358087","001","35.617","min","245.113","μmol/L","Humid","24.403","deg","35776","µV","27.000","°C","1024.000","hPa","38.4","pmil","0","59.850","deg","20.000","°C","100.000","%a.s.","26.990","deg","23.835","°C","1018.000","hPa","0.808","-0.065","0.00038","-0.00034","0","31","Humid","5.00","0","2500.00","34841.34","SADD0002000339 Box 1","ABF1.0.0.0","4.0.0.2353","PSt3","221014-001","6/4/2024 1:58:11 PM","0000-00","0","no battery","V","","µV","","µV"
"07/08/2024","16:43:20","1","default","166358087","001","35.633","min","245.088","μmol/L","Humid","24.404","deg","35776","µV","27.000","°C","1024.000","hPa","38.4","pmil","0","59.850","deg","20.000","°C","100.000","%a.s.","26.990","deg","23.835","°C","1018.000","hPa","0.808","-0.065","0.00038","-0.00034","0","31","Humid","5.00","0","2500.00","34832.77","SADD0002000339 Box 1","ABF1.0.0.0","4.0.0.2353","PSt3","221014-001","6/4/2024 1:58:11 PM","0000-00","0","no battery","V","","µV","","µV"
"07/08/2024","16:43:21","1","default","166358087","001","35.650","min","245.439","μmol/L","Humid","24.390","deg","35784","µV","27.000","°C","1024.000","hPa","38.4","pmil","0","59.850","deg","20.000","°C","100.000","%a.s.","26.990","deg","23.835","°C","1018.000","hPa","0.808","-0.065","0.00038","-0.00034","0","31","Humid","5.00","0","2500.00","34840.88","SADD0002000339 Box 1","ABF1.0.0.0","4.0.0.2353","PSt3","221014-001","6/4/2024 1:58:11 PM","0000-00","0","no battery","V","","µV","","µV"
"07/08/2024","16:43:22","1","default","166358087","001","35.667","min","244.937","μmol/L","Humid","24.410","deg","35778","µV","27.000","°C","1024.000","hPa","38.4","pmil","0","59.850","deg","20.000","°C","100.000","%a.s.","26.990","deg","23.835","°C","1018.000","hPa","0.808","-0.065","0.00038","-0.00034","0","31","Humid","5.00","0","2500.00","34839.61","SADD0002000339 Box 1","ABF1.0.0.0","4.0.0.2353","PSt3","221014-001","6/4/2024 1:58:11 PM","0000-00","0","no battery","V","","µV","","µV"
"07/08/2024","16:43:23","1","default","166358087","001","35.683","min","245.489","μmol/L","Humid","24.388","deg","35783","µV","27.000","°C","1024.000","hPa","38.4","pmil","0","59.850","deg","20.000","°C","100.000","%a.s.","26.990","deg","23.835","°C","1018.000","hPa","0.808","-0.065","0.00038","-0.00034","0","31","Humid","5.00","0","2500.00","34843.60","SADD0002000339 Box 1","ABF1.0.0.0","4.0.0.2353","PSt3","221014-001","6/4/2024 1:58:11 PM","0000-00","0","no battery","V","","µV","","µV"
"07/08/2024","16:43:24","1","default","166358087","001","35.700","min","245.163","μmol/L","Humid","24.401","deg","35777","µV","27.000","°C","1024.000","hPa","38.4","pmil","0","59.850","deg","20.000","°C","100.000","%a.s.","26.990","deg","23.835","°C","1018.000","hPa","0.808","-0.065","0.00038","-0.00034","0","31","Humid","5.00","0","2500.00","34841.13","SADD0002000339 Box 1","ABF1.0.0.0","4.0.0.2353","PSt3","221014-001","6/4/2024 1:58:11 PM","0000-00","0","no battery","V","","µV","","µV"
"07/08/2024","16:43:25","1","default","166358087","001","35.716","min","245.138","μmol/L","Humid","24.402","deg","35784","µV","27.000","°C","1024.000","hPa","38.4","pmil","0","59.850","deg","20.000","°C","100.000","%a.s.","26.990","deg","23.835","°C","1018.000","hPa","0.808","-0.065","0.00038","-0.00034","0","31","Humid","5.00","0","2500.00","34838.53","SADD0002000339 Box 1","ABF1.0.0.0","4.0.0.2353","PSt3","221014-001","6/4/2024 1:58:11 PM","0000-00","0","no battery","V","","µV","","µV"
"07/08/2024","16:43:26","1","default","166358087","001","35.733","min","245.313","μmol/L","Humid","24.395","deg","35774","µV","27.000","°C","1024.000","hPa","38.4","pmil","0","59.850","deg","20.000","°C","100.000","%a.s.","26.990","deg","23.835","°C","1018.000","hPa","0.808","-0.065","0.00038","-0.00034","0","31","Humid","5.00","0","2500.00","34838.77","SADD0002000339 Box 1","ABF1.0.0.0","4.0.0.2353","PSt3","221014-001","6/4/2024 1:58:11 PM","0000-00","0","no battery","V","","µV","","µV"
"07/08/2024","16:43:27","1","default","166358087","001","35.750","min","245.339","μmol/L","Humid","24.394","deg","35780","µV","27.000","°C","1024.000","hPa","38.4","pmil","0","59.850","deg","20.000","°C","100.000","%a.s.","26.990","deg","23.835","°C","1018.000","hPa","0.808","-0.065","0.00038","-0.00034","0","31","Humid","5.00","0","2500.00","34839.61","SADD0002000339 Box 1","ABF1.0.0.0","4.0.0.2353","PSt3","221014-001","6/4/2024 1:58:11 PM","0000-00","0","no battery","V","","µV","","µV"
"07/08/2024","16:43:28","1","default","166358087","001","35.766","min","245.113","μmol/L","Humid","24.403","deg","35785","µV","27.000","°C","1024.000","hPa","38.4","pmil","0","59.850","deg","20.000","°C","100.000","%a.s.","26.990","deg","23.835","°C","1018.000","hPa","0.808","-0.065","0.00038","-0.00034","0","31","Humid","5.00","0","2500.00","34839.55","SADD0002000339 Box 1","ABF1.0.0.0","4.0.0.2353","PSt3","221014-001","6/4/2024 1:58:11 PM","0000-00","0","no battery","V","","µV","","µV"
"07/08/2024","16:43:29","1","default","166358087","001","35.783","min","245.163","μmol/L","Humid","24.401","deg","35781","µV","27.000","°C","1024.000","hPa","38.4","pmil","0","59.850","deg","20.000","°C","100.000","%a.s.","26.990","deg","23.835","°C","1018.000","hPa","0.808","-0.065","0.00038","-0.00034","0","31","Humid","5.00","0","2500.00","34838.74","SADD0002000339 Box 1","ABF1.0.0.0","4.0.0.2353","PSt3","221014-001","6/4/2024 1:58:11 PM","0000-00","0","no battery","V","","µV","","µV"
"07/08/2024","16:43:30","1","default","166358087","001","35.800","min","245.188","μmol/L","Humid","24.400","deg","35778","µV","27.000","°C","1024.000","hPa","38.4","pmil","0","59.850","deg","20.000","°C","100.000","%a.s.","26.990","deg","23.835","°C","1018.000","hPa","0.808","-0.065","0.00038","-0.00034","0","31","Humid","5.00","0","2500.00","34839.37","SADD0002000339 Box 1","ABF1.0.0.0","4.0.0.2353","PSt3","221014-001","6/4/2024 1:58:11 PM","0000-00","0","no battery","V","","µV","","µV"
"07/08/2024","16:43:31","1","default","166358087","001","35.817","min","244.987","μmol/L","Humid","24.408","deg","35777","µV","27.000","°C","1024.000","hPa","38.4","pmil","0","59.850","deg","20.000","°C","100.000","%a.s.","26.990","deg","23.835","°C","1018.000","hPa","0.808","-0.065","0.00038","-0.00034","0","31","Humid","5.00","0","2500.00","34838.78","SADD0002000339 Box 1","ABF1.0.0.0","4.0.0.2353","PSt3","221014-001","6/4/2024 1:58:11 PM","0000-00","0","no battery","V","","µV","","µV"
"07/08/2024","16:43:32","1","default","166358087","001","35.834","min","245.113","μmol/L","Humid","24.403","deg","35787","µV","27.000","°C","1024.000","hPa","38.4","pmil","0","59.850","deg","20.000","°C","100.000","%a.s.","26.990","deg","23.835","°C","1018.000","hPa","0.808","-0.065","0.00038","-0.00034","0","31","Humid","5.00","0","2500.00","34838.36","SADD0002000339 Box 1","ABF1.0.0.0","4.0.0.2353","PSt3","221014-001","6/4/2024 1:58:11 PM","0000-00","0","no battery","V","","µV","","µV"
"07/08/2024","16:43:33","1","default","166358087","001","35.850","min","245.113","μmol/L","Humid","24.403","deg","35781","µV","27.000","°C","1024.000","hPa","38.4","pmil","0","59.850","deg","20.000","°C","100.000","%a.s.","26.990","deg","23.835","°C","1018.000","hPa","0.808","-0.065","0.00038","-0.00034","0","31","Humid","5.00","0","2500.00","34835.23","SADD0002000339 Box 1","ABF1.0.0.0","4.0.0.2353","PSt3","221014-001","6/4/2024 1:58:11 PM","0000-00","0","no battery","V","","µV","","µV"
"07/08/2024","16:43:34","1","default","166358087","001","35.867","min","245.138","μmol/L","Humid","24.402","deg","35783","µV","27.000","°C","1024.000","hPa","38.4","pmil","0","59.850","deg","20.000","°C","100.000","%a.s.","26.990","deg","23.835","°C","1018.000","hPa","0.808","-0.065","0.00038","-0.00034","0","31","Humid","5.00","0","2500.00","34836.26","SADD0002000339 Box 1","ABF1.0.0.0","4.0.0.2353","PSt3","221014-001","6/4/2024 1:58:11 PM","0000-00","0","no battery","V","","µV","","µV"
"07/08/2024","16:43:35","1","default","166358087","001","35.885","min","245.238","μmol/L","Humid","24.398","deg","35785","µV","27.000","°C","1024.000","hPa","38.4","pmil","0","59.850","deg","20.000","°C","100.000","%a.s.","26.990","deg","23.835","°C","1018.000","hPa","0.808","-0.065","0.00038","-0.00034","0","31","Humid","5.00","0","2500.00","34838.78","SADD0002000339 Box 1","ABF1.0.0.0","4.0.0.2353","PSt3","221014-001","6/4/2024 1:58:11 PM","0000-00","0","no battery","V","","µV","","µV"
"07/08/2024","16:43:36","1","default","166358087","001","35.900","min","245.138","μmol/L","Humid","24.402","deg","35786","µV","27.000","°C","1024.000","hPa","38.4","pmil","0","59.850","deg","20.000","°C","100.000","%a.s.","26.990","deg","23.835","°C","1018.000","hPa","0.808","-0.065","0.00038","-0.00034","0","31","Humid","5.00","0","2500.00","34846.11","SADD0002000339 Box 1","ABF1.0.0.0","4.0.0.2353","PSt3","221014-001","6/4/2024 1:58:11 PM","0000-00","0","no battery","V","","µV","","µV"
"07/08/2024","16:43:37","1","default","166358087","001","35.917","min","244.987","μmol/L","Humid","24.408","deg","35789","µV","27.000","°C","1024.000","hPa","38.4","pmil","0","59.850","deg","20.000","°C","100.000","%a.s.","26.990","deg","23.835","°C","1018.000","hPa","0.808","-0.065","0.00038","-0.00034","0","31","Humid","5.00","0","2500.00","34837.28","SADD0002000339 Box 1","ABF1.0.0.0","4.0.0.2353","PSt3","221014-001","6/4/2024 1:58:11 PM","0000-00","0","no battery","V","","µV","","µV"
"07/08/2024","16:43:38","1","default","166358087","001","35.933","min","245.263","μmol/L","Humid","24.397","deg","35780","µV","27.000","°C","1024.000","hPa","38.4","pmil","0","59.850","deg","20.000","°C","100.000","%a.s.","26.990","deg","23.835","°C","1018.000","hPa","0.808","-0.065","0.00038","-0.00034","0","31","Humid","5.00","0","2500.00","34843.71","SADD0002000339 Box 1","ABF1.0.0.0","4.0.0.2353","PSt3","221014-001","6/4/2024 1:58:11 PM","0000-00","0","no battery","V","","µV","","µV"
"07/08/2024","16:43:39","1","default","166358087","001","35.950","min","245.138","μmol/L","Humid","24.402","deg","35788","µV","27.000","°C","1024.000","hPa","38.4","pmil","0","59.850","deg","20.000","°C","100.000","%a.s.","26.990","deg","23.835","°C","1018.000","hPa","0.808","-0.065","0.00038","-0.00034","0","31","Humid","5.00","0","2500.00","34839.80","SADD0002000339 Box 1","ABF1.0.0.0","4.0.0.2353","PSt3","221014-001","6/4/2024 1:58:11 PM","0000-00","0","no battery","V","","µV","","µV"
"07/08/2024","16:43:40","1","default","166358087","001","35.967","min","245.113","μmol/L","Humid","24.403","deg","35785","µV","27.000","°C","1024.000","hPa","38.4","pmil","0","59.850","deg","20.000","°C","100.000","%a.s.","26.990","deg","23.835","°C","1018.000","hPa","0.808","-0.065","0.00038","-0.00034","0","31","Humid","5.00","0","2500.00","34839.91","SADD0002000339 Box 1","ABF1.0.0.0","4.0.0.2353","PSt3","221014-001","6/4/2024 1:58:11 PM","0000-00","0","no battery","V","","µV","","µV"
"07/08/2024","16:43:41","1","default","166358087","001","35.983","min","244.937","μmol/L","Humid","24.410","deg","35786","µV","27.000","°C","1024.000","hPa","38.4","pmil","0","59.850","deg","20.000","°C","100.000","%a.s.","26.990","deg","23.835","°C","1018.000","hPa","0.808","-0.065","0.00038","-0.00034","0","31","Humid","5.00","0","2500.00","34836.08","SADD0002000339 Box 1","ABF1.0.0.0","4.0.0.2353","PSt3","221014-001","6/4/2024 1:58:11 PM","0000-00","0","no battery","V","","µV","","µV"
"07/08/2024","16:43:42","1","default","166358087","001","36.000","min","245.037","μmol/L","Humid","24.406","deg","35783","µV","27.000","°C","1024.000","hPa","38.4","pmil","0","59.850","deg","20.000","°C","100.000","%a.s.","26.990","deg","23.835","°C","1018.000","hPa","0.808","-0.065","0.00038","-0.00034","0","31","Humid","5.00","0","2500.00","34841.38","SADD0002000339 Box 1","ABF1.0.0.0","4.0.0.2353","PSt3","221014-001","6/4/2024 1:58:11 PM","0000-00","0","no battery","V","","µV","","µV"
"07/08/2024","16:43:43","1","default","166358087","001","36.017","min","245.188","μmol/L","Humid","24.400","deg","35788","µV","27.000","°C","1024.000","hPa","38.4","pmil","0","59.850","deg","20.000","°C","100.000","%a.s.","26.990","deg","23.835","°C","1018.000","hPa","0.808","-0.065","0.00038","-0.00034","0","31","Humid","5.00","0","2500.00","34842.76","SADD0002000339 Box 1","ABF1.0.0.0","4.0.0.2353","PSt3","221014-001","6/4/2024 1:58:11 PM","0000-00","0","no battery","V","","µV","","µV"
"07/08/2024","16:43:44","1","default","166358087","001","36.033","min","245.163","μmol/L","Humid","24.401","deg","35789","µV","27.000","°C","1024.000","hPa","38.4","pmil","0","59.850","deg","20.000","°C","100.000","%a.s.","26.990","deg","23.835","°C","1018.000","hPa","0.808","-0.065","0.00038","-0.00034","0","31","Humid","5.00","0","2500.00","34843.37","SADD0002000339 Box 1","ABF1.0.0.0","4.0.0.2353","PSt3","221014-001","6/4/2024 1:58:11 PM","0000-00","0","no battery","V","","µV","","µV"
"07/08/2024","16:43:45","1","default","166358087","001","36.050","min","245.389","μmol/L","Humid","24.392","deg","35788","µV","27.000","°C","1024.000","hPa","38.4","pmil","0","59.850","deg","20.000","°C","100.000","%a.s.","26.990","deg","23.835","°C","1018.000","hPa","0.808","-0.065","0.00038","-0.00034","0","31","Humid","5.00","0","2500.00","34843.78","SADD0002000339 Box 1","ABF1.0.0.0","4.0.0.2353","PSt3","221014-001","6/4/2024 1:58:11 PM","0000-00","0","no battery","V","","µV","","µV"
"07/08/2024","16:43:46","1","default","166358087","001","36.067","min","245.088","μmol/L","Humid","24.404","deg","35785","µV","27.000","°C","1024.000","hPa","38.4","pmil","0","59.850","deg","20.000","°C","100.000","%a.s.","26.990","deg","23.835","°C","1018.000","hPa","0.808","-0.065","0.00038","-0.00034","0","31","Humid","5.00","0","2500.00","34836.70","SADD0002000339 Box 1","ABF1.0.0.0","4.0.0.2353","PSt3","221014-001","6/4/2024 1:58:11 PM","0000-00","0","no battery","V","","µV","","µV"
"07/08/2024","16:43:47","1","default","166358087","001","36.083","min","245.263","μmol/L","Humid","24.397","deg","35789","µV","27.000","°C","1024.000","hPa","38.4","pmil","0","59.850","deg","20.000","°C","100.000","%a.s.","26.990","deg","23.835","°C","1018.000","hPa","0.808","-0.065","0.00038","-0.00034","0","31","Humid","5.00","0","2500.00","34838.09","SADD0002000339 Box 1","ABF1.0.0.0","4.0.0.2353","PSt3","221014-001","6/4/2024 1:58:11 PM","0000-00","0","no battery","V","","µV","","µV"
"07/08/2024","16:43:48","1","default","166358087","001","36.100","min","245.163","μmol/L","Humid","24.401","deg","35787","µV","27.000","°C","1024.000","hPa","38.4","pmil","0","59.850","deg","20.000","°C","100.000","%a.s.","26.990","deg","23.835","°C","1018.000","hPa","0.808","-0.065","0.00038","-0.00034","0","31","Humid","5.00","0","2500.00","34842.01","SADD0002000339 Box 1","ABF1.0.0.0","4.0.0.2353","PSt3","221014-001","6/4/2024 1:58:11 PM","0000-00","0","no battery","V","","µV","","µV"
"07/08/2024","16:43:49","1","default","166358087","001","36.117","min","245.540","μmol/L","Humid","24.386","deg","35791","µV","27.000","°C","1024.000","hPa","38.4","pmil","0","59.850","deg","20.000","°C","100.000","%a.s.","26.990","deg","23.835","°C","1018.000","hPa","0.808","-0.065","0.00038","-0.00034","0","31","Humid","5.00","0","2500.00","34842.40","SADD0002000339 Box 1","ABF1.0.0.0","4.0.0.2353","PSt3","221014-001","6/4/2024 1:58:11 PM","0000-00","0","no battery","V","","µV","","µV"
"07/08/2024","16:43:50","1","default","166358087","001","36.133","min","245.163","μmol/L","Humid","24.401","deg","35790","µV","27.000","°C","1024.000","hPa","38.4","pmil","0","59.850","deg","20.000","°C","100.000","%a.s.","26.990","deg","23.835","°C","1018.000","hPa","0.808","-0.065","0.00038","-0.00034","0","31","Humid","5.00","0","2500.00","34836.77","SADD0002000339 Box 1","ABF1.0.0.0","4.0.0.2353","PSt3","221014-001","6/4/2024 1:58:11 PM","0000-00","0","no battery","V","","µV","","µV"
"07/08/2024","16:43:51","1","default","166358087","001","36.150","min","245.037","μmol/L","Humid","24.406","deg","35793","µV","27.000","°C","1024.000","hPa","38.4","pmil","0","59.850","deg","20.000","°C","100.000","%a.s.","26.990","deg","23.835","°C","1018.000","hPa","0.808","-0.065","0.00038","-0.00034","0","31","Humid","5.00","0","2500.00","34844.75","SADD0002000339 Box 1","ABF1.0.0.0","4.0.0.2353","PSt3","221014-001","6/4/2024 1:58:11 PM","0000-00","0","no battery","V","","µV","","µV"
"07/08/2024","16:43:52","1","default","166358087","001","36.167","min","245.163","μmol/L","Humid","24.401","deg","35791","µV","27.000","°C","1024.000","hPa","38.4","pmil","0","59.850","deg","20.000","°C","100.000","%a.s.","26.990","deg","23.835","°C","1018.000","hPa","0.808","-0.065","0.00038","-0.00034","0","31","Humid","5.00","0","2500.00","34841.48","SADD0002000339 Box 1","ABF1.0.0.0","4.0.0.2353","PSt3","221014-001","6/4/2024 1:58:11 PM","0000-00","0","no battery","V","","µV","","µV"
"07/08/2024","16:43:53","1","default","166358087","001","36.184","min","245.063","μmol/L","Humid","24.405","deg","35794","µV","27.000","°C","1024.000","hPa","38.4","pmil","0","59.850","deg","20.000","°C","100.000","%a.s.","26.990","deg","23.835","°C","1018.000","hPa","0.808","-0.065","0.00038","-0.00034","0","31","Humid","5.00","0","2500.00","34841.34","SADD0002000339 Box 1","ABF1.0.0.0","4.0.0.2353","PSt3","221014-001","6/4/2024 1:58:11 PM","0000-00","0","no battery","V","","µV","","µV"
"07/08/2024","16:43:54","1","default","166358087","001","36.200","min","245.238","μmol/L","Humid","24.398","deg","35793","µV","27.000","°C","1024.000","hPa","38.4","pmil","0","59.850","deg","20.000","°C","100.000","%a.s.","26.990","deg","23.835","°C","1018.000","hPa","0.808","-0.065","0.00038","-0.00034","0","31","Humid","5.00","0","2500.00","34836.52","SADD0002000339 Box 1","ABF1.0.0.0","4.0.0.2353","PSt3","221014-001","6/4/2024 1:58:11 PM","0000-00","0","no battery","V","","µV","","µV"
"07/08/2024","16:43:55","1","default","166358087","001","36.217","min","245.188","μmol/L","Humid","24.400","deg","35796","µV","27.000","°C","1024.000","hPa","38.4","pmil","0","59.850","deg","20.000","°C","100.000","%a.s.","26.990","deg","23.835","°C","1018.000","hPa","0.808","-0.065","0.00038","-0.00034","0","31","Humid","5.00","0","2500.00","34840.42","SADD0002000339 Box 1","ABF1.0.0.0","4.0.0.2353","PSt3","221014-001","6/4/2024 1:58:11 PM","0000-00","0","no battery","V","","µV","","µV"
"07/08/2024","16:43:56","1","default","166358087","001","36.233","min","245.313","μmol/L","Humid","24.395","deg","35799","µV","27.000","°C","1024.000","hPa","38.4","pmil","0","59.850","deg","20.000","°C","100.000","%a.s.","26.990","deg","23.835","°C","1018.000","hPa","0.808","-0.065","0.00038","-0.00034","0","31","Humid","5.00","0","2500.00","34840.47","SADD0002000339 Box 1","ABF1.0.0.0","4.0.0.2353","PSt3","221014-001","6/4/2024 1:58:11 PM","0000-00","0","no battery","V","","µV","","µV"
"07/08/2024","16:43:57","1","default","166358087","001","36.250","min","244.787","μmol/L","Humid","24.416","deg","35797","µV","27.000","°C","1024.000","hPa","38.4","pmil","0","59.850","deg","20.000","°C","100.000","%a.s.","26.990","deg","23.835","°C","1018.000","hPa","0.808","-0.065","0.00038","-0.00034","0","31","Humid","5.00","0","2500.00","34842.64","SADD0002000339 Box 1","ABF1.0.0.0","4.0.0.2353","PSt3","221014-001","6/4/2024 1:58:11 PM","0000-00","0","no battery","V","","µV","","µV"
"07/08/2024","16:43:58","1","default","166358087","001","36.266","min","244.987","μmol/L","Humid","24.408","deg","35795","µV","27.000","°C","1024.000","hPa","38.4","pmil","0","59.850","deg","20.000","°C","100.000","%a.s.","26.990","deg","23.835","°C","1018.000","hPa","0.808","-0.065","0.00038","-0.00034","0","31","Humid","5.00","0","2500.00","34844.49","SADD0002000339 Box 1","ABF1.0.0.0","4.0.0.2353","PSt3","221014-001","6/4/2024 1:58:11 PM","0000-00","0","no battery","V","","µV","","µV"
"07/08/2024","16:43:59","1","default","166358087","001","36.284","min","245.163","μmol/L","Humid","24.401","deg","35792","µV","27.000","°C","1024.000","hPa","38.4","pmil","0","59.850","deg","20.000","°C","100.000","%a.s.","26.990","deg","23.835","°C","1018.000","hPa","0.808","-0.065","0.00038","-0.00034","0","31","Humid","5.00","0","2500.00","34838.38","SADD0002000339 Box 1","ABF1.0.0.0","4.0.0.2353","PSt3","221014-001","6/4/2024 1:58:11 PM","0000-00","0","no battery","V","","µV","","µV"
"07/08/2024","16:44:00","1","default","166358087","001","36.300","min","245.012","μmol/L","Humid","24.407","deg","35801","µV","27.000","°C","1024.000","hPa","38.4","pmil","0","59.850","deg","20.000","°C","100.000","%a.s.","26.990","deg","23.835","°C","1018.000","hPa","0.808","-0.065","0.00038","-0.00034","0","31","Humid","5.00","0","2500.00","34837.06","SADD0002000339 Box 1","ABF1.0.0.0","4.0.0.2353","PSt3","221014-001","6/4/2024 1:58:11 PM","0000-00","0","no battery","V","","µV","","µV"
"07/08/2024","16:44:01","1","default","166358087","001","36.316","min","245.213","μmol/L","Humid","24.399","deg","35797","µV","27.000","°C","1024.000","hPa","38.4","pmil","0","59.850","deg","20.000","°C","100.000","%a.s.","26.990","deg","23.835","°C","1018.000","hPa","0.808","-0.065","0.00038","-0.00034","0","31","Humid","5.00","0","2500.00","34833.64","SADD0002000339 Box 1","ABF1.0.0.0","4.0.0.2353","PSt3","221014-001","6/4/2024 1:58:11 PM","0000-00","0","no battery","V","","µV","","µV"
"07/08/2024","16:44:02","1","default","166358087","001","36.333","min","244.987","μmol/L","Humid","24.408","deg","35799","µV","27.000","°C","1024.000","hPa","38.4","pmil","0","59.850","deg","20.000","°C","100.000","%a.s.","26.990","deg","23.835","°C","1018.000","hPa","0.808","-0.065","0.00038","-0.00034","0","31","Humid","5.00","0","2500.00","34837.62","SADD0002000339 Box 1","ABF1.0.0.0","4.0.0.2353","PSt3","221014-001","6/4/2024 1:58:11 PM","0000-00","0","no battery","V","","µV","","µV"
"07/08/2024","16:44:03","1","default","166358087","001","36.350","min","245.138","μmol/L","Humid","24.402","deg","35798","µV","27.000","°C","1024.000","hPa","38.4","pmil","0","59.850","deg","20.000","°C","100.000","%a.s.","26.990","deg","23.835","°C","1018.000","hPa","0.808","-0.065","0.00038","-0.00034","0","31","Humid","5.00","0","2500.00","34834.39","SADD0002000339 Box 1","ABF1.0.0.0","4.0.0.2353","PSt3","221014-001","6/4/2024 1:58:11 PM","0000-00","0","no battery","V","","µV","","µV"
"07/08/2024","16:44:04","1","default","166358087","001","36.367","min","245.012","μmol/L","Humid","24.407","deg","35804","µV","27.000","°C","1024.000","hPa","38.4","pmil","0","59.850","deg","20.000","°C","100.000","%a.s.","26.990","deg","23.835","°C","1018.000","hPa","0.808","-0.065","0.00038","-0.00034","0","31","Humid","5.00","0","2500.00","34833.88","SADD0002000339 Box 1","ABF1.0.0.0","4.0.0.2353","PSt3","221014-001","6/4/2024 1:58:11 PM","0000-00","0","no battery","V","","µV","","µV"
"07/08/2024","16:44:05","1","default","166358087","001","36.384","min","245.188","μmol/L","Humid","24.400","deg","35797","µV","27.000","°C","1024.000","hPa","38.4","pmil","0","59.850","deg","20.000","°C","100.000","%a.s.","26.990","deg","23.835","°C","1018.000","hPa","0.808","-0.065","0.00038","-0.00034","0","31","Humid","5.00","0","2500.00","34834.89","SADD0002000339 Box 1","ABF1.0.0.0","4.0.0.2353","PSt3","221014-001","6/4/2024 1:58:11 PM","0000-00","0","no battery","V","","µV","","µV"
"07/08/2024","16:44:06","1","default","166358087","001","36.400","min","245.088","μmol/L","Humid","24.404","deg","35804","µV","27.000","°C","1024.000","hPa","38.4","pmil","0","59.850","deg","20.000","°C","100.000","%a.s.","26.990","deg","23.835","°C","1018.000","hPa","0.808","-0.065","0.00038","-0.00034","0","31","Humid","5.00","0","2500.00","34838.20","SADD0002000339 Box 1","ABF1.0.0.0","4.0.0.2353","PSt3","221014-001","6/4/2024 1:58:11 PM","0000-00","0","no battery","V","","µV","","µV"
"07/08/2024","16:44:07","1","default","166358087","001","36.417","min","245.238","μmol/L","Humid","24.398","deg","35798","µV","27.000","°C","1024.000","hPa","38.4","pmil","0","59.850","deg","20.000","°C","100.000","%a.s.","26.990","deg","23.835","°C","1018.000","hPa","0.808","-0.065","0.00038","-0.00034","0","31","Humid","5.00","0","2500.00","34839.10","SADD0002000339 Box 1","ABF1.0.0.0","4.0.0.2353","PSt3","221014-001","6/4/2024 1:58:11 PM","0000-00","0","no battery","V","","µV","","µV"
"07/08/2024","16:44:08","1","default","166358087","001","36.434","min","245.088","μmol/L","Humid","24.404","deg","35805","µV","27.000","°C","1024.000","hPa","38.4","pmil","0","59.850","deg","20.000","°C","100.000","%a.s.","26.990","deg","23.835","°C","1018.000","hPa","0.808","-0.065","0.00038","-0.00034","0","31","Humid","5.00","0","2500.00","34839.08","SADD0002000339 Box 1","ABF1.0.0.0","4.0.0.2353","PSt3","221014-001","6/4/2024 1:58:11 PM","0000-00","0","no battery","V","","µV","","µV"
"07/08/2024","16:44:09","1","default","166358087","001","36.450","min","244.787","μmol/L","Humid","24.416","deg","35799","µV","27.000","°C","1024.000","hPa","38.4","pmil","0","59.850","deg","20.000","°C","100.000","%a.s.","26.990","deg","23.835","°C","1018.000","hPa","0.808","-0.065","0.00038","-0.00034","0","31","Humid","5.00","0","2500.00","34837.32","SADD0002000339 Box 1","ABF1.0.0.0","4.0.0.2353","PSt3","221014-001","6/4/2024 1:58:11 PM","0000-00","0","no battery","V","","µV","","µV"
"07/08/2024","16:44:10","1","default","166358087","001","36.467","min","245.037","μmol/L","Humid","24.406","deg","35797","µV","27.000","°C","1024.000","hPa","38.4","pmil","0","59.850","deg","20.000","°C","100.000","%a.s.","26.990","deg","23.835","°C","1018.000","hPa","0.808","-0.065","0.00038","-0.00034","0","31","Humid","5.00","0","2500.00","34836.75","SADD0002000339 Box 1","ABF1.0.0.0","4.0.0.2353","PSt3","221014-001","6/4/2024 1:58:11 PM","0000-00","0","no battery","V","","µV","","µV"
"07/08/2024","16:44:11","1","default","166358087","001","36.483","min","244.987","μmol/L","Humid","24.408","deg","35798","µV","27.000","°C","1024.000","hPa","38.4","pmil","0","59.850","deg","20.000","°C","100.000","%a.s.","26.990","deg","23.835","°C","1018.000","hPa","0.808","-0.065","0.00038","-0.00034","0","31","Humid","5.00","0","2500.00","34835.93","SADD0002000339 Box 1","ABF1.0.0.0","4.0.0.2353","PSt3","221014-001","6/4/2024 1:58:11 PM","0000-00","0","no battery","V","","µV","","µV"
"07/08/2024","16:44:12","1","default","166358087","001","36.500","min","245.063","μmol/L","Humid","24.405","deg","35801","µV","27.000","°C","1024.000","hPa","38.4","pmil","0","59.850","deg","20.000","°C","100.000","%a.s.","26.990","deg","23.835","°C","1018.000","hPa","0.808","-0.065","0.00038","-0.00034","0","31","Humid","5.00","0","2500.00","34834.70","SADD0002000339 Box 1","ABF1.0.0.0","4.0.0.2353","PSt3","221014-001","6/4/2024 1:58:11 PM","0000-00","0","no battery","V","","µV","","µV"
"07/08/2024","16:44:13","1","default","166358087","001","36.516","min","244.787","μmol/L","Humid","24.416","deg","35802","µV","27.000","°C","1024.000","hPa","38.4","pmil","0","59.850","deg","20.000","°C","100.000","%a.s.","26.990","deg","23.835","°C","1018.000","hPa","0.808","-0.065","0.00038","-0.00034","0","31","Humid","5.00","0","2500.00","34841.05","SADD0002000339 Box 1","ABF1.0.0.0","4.0.0.2353","PSt3","221014-001","6/4/2024 1:58:11 PM","0000-00","0","no battery","V","","µV","","µV"
"07/08/2024","16:44:14","1","default","166358087","001","36.535","min","245.113","μmol/L","Humid","24.403","deg","35804","µV","27.000","°C","1024.000","hPa","38.4","pmil","0","59.850","deg","20.000","°C","100.000","%a.s.","26.990","deg","23.835","°C","1018.000","hPa","0.808","-0.065","0.00038","-0.00034","0","31","Humid","5.00","0","2500.00","34837.35","SADD0002000339 Box 1","ABF1.0.0.0","4.0.0.2353","PSt3","221014-001","6/4/2024 1:58:11 PM","0000-00","0","no battery","V","","µV","","µV"
"07/08/2024","16:44:15","1","default","166358087","001","36.550","min","245.012","μmol/L","Humid","24.407","deg","35800","µV","27.000","°C","1024.000","hPa","38.4","pmil","0","59.850","deg","20.000","°C","100.000","%a.s.","26.990","deg","23.835","°C","1018.000","hPa","0.808","-0.065","0.00038","-0.00034","0","31","Humid","5.00","0","2500.00","34834.53","SADD0002000339 Box 1","ABF1.0.0.0","4.0.0.2353","PSt3","221014-001","6/4/2024 1:58:11 PM","0000-00","0","no battery","V","","µV","","µV"
"07/08/2024","16:44:16","1","default","166358087","001","36.566","min","244.762","μmol/L","Humid","24.417","deg","35800","µV","27.000","°C","1024.000","hPa","38.4","pmil","0","59.850","deg","20.000","°C","100.000","%a.s.","26.990","deg","23.835","°C","1018.000","hPa","0.808","-0.065","0.00038","-0.00034","0","31","Humid","5.00","0","2500.00","34840.48","SADD0002000339 Box 1","ABF1.0.0.0","4.0.0.2353","PSt3","221014-001","6/4/2024 1:58:11 PM","0000-00","0","no battery","V","","µV","","µV"
"07/08/2024","16:44:17","1","default","166358087","001","36.583","min","244.887","μmol/L","Humid","24.412","deg","35805","µV","27.000","°C","1024.000","hPa","38.4","pmil","0","59.850","deg","20.000","°C","100.000","%a.s.","26.990","deg","23.835","°C","1018.000","hPa","0.808","-0.065","0.00038","-0.00034","0","31","Humid","5.00","0","2500.00","34839.32","SADD0002000339 Box 1","ABF1.0.0.0","4.0.0.2353","PSt3","221014-001","6/4/2024 1:58:11 PM","0000-00","0","no battery","V","","µV","","µV"
"07/08/2024","16:44:18","1","default","166358087","001","36.600","min","245.063","μmol/L","Humid","24.405","deg","35810","µV","27.000","°C","1024.000","hPa","38.4","pmil","0","59.850","deg","20.000","°C","100.000","%a.s.","26.990","deg","23.835","°C","1018.000","hPa","0.808","-0.065","0.00038","-0.00034","0","31","Humid","5.00","0","2500.00","34831.94","SADD0002000339 Box 1","ABF1.0.0.0","4.0.0.2353","PSt3","221014-001","6/4/2024 1:58:11 PM","0000-00","0","no battery","V","","µV","","µV"
"07/08/2024","16:44:19","1","default","166358087","001","36.617","min","245.088","μmol/L","Humid","24.404","deg","35807","µV","27.000","°C","1024.000","hPa","38.4","pmil","0","59.850","deg","20.000","°C","100.000","%a.s.","26.990","deg","23.835","°C","1018.000","hPa","0.808","-0.065","0.00038","-0.00034","0","31","Humid","5.00","0","2500.00","34836.13","SADD0002000339 Box 1","ABF1.0.0.0","4.0.0.2353","PSt3","221014-001","6/4/2024 1:58:11 PM","0000-00","0","no battery","V","","µV","","µV"
"07/08/2024","16:44:20","1","default","166358087","001","36.633","min","244.762","μmol/L","Humid","24.417","deg","35805","µV","27.000","°C","1024.000","hPa","38.4","pmil","0","59.850","deg","20.000","°C","100.000","%a.s.","26.990","deg","23.835","°C","1018.000","hPa","0.808","-0.065","0.00038","-0.00034","0","31","Humid","5.00","0","2500.00","34836.36","SADD0002000339 Box 1","ABF1.0.0.0","4.0.0.2353","PSt3","221014-001","6/4/2024 1:58:11 PM","0000-00","0","no battery","V","","µV","","µV"
"07/08/2024","16:44:21","1","default","166358087","001","36.650","min","244.862","μmol/L","Humid","24.413","deg","35812","µV","27.000","°C","1024.000","hPa","38.4","pmil","0","59.850","deg","20.000","°C","100.000","%a.s.","26.990","deg","23.835","°C","1018.000","hPa","0.808","-0.065","0.00038","-0.00034","0","31","Humid","5.00","0","2500.00","34837.25","SADD0002000339 Box 1","ABF1.0.0.0","4.0.0.2353","PSt3","221014-001","6/4/2024 1:58:11 PM","0000-00","0","no battery","V","","µV","","µV"
"07/08/2024","16:44:22","1","default","166358087","001","36.667","min","244.787","μmol/L","Humid","24.416","deg","35813","µV","27.000","°C","1024.000","hPa","38.4","pmil","0","59.850","deg","20.000","°C","100.000","%a.s.","26.990","deg","23.835","°C","1018.000","hPa","0.808","-0.065","0.00038","-0.00034","0","31","Humid","5.00","0","2500.00","34840.68","SADD0002000339 Box 1","ABF1.0.0.0","4.0.0.2353","PSt3","221014-001","6/4/2024 1:58:11 PM","0000-00","0","no battery","V","","µV","","µV"
"07/08/2024","16:44:23","1","default","166358087","001","36.683","min","244.687","μmol/L","Humid","24.420","deg","35804","µV","27.000","°C","1024.000","hPa","38.4","pmil","0","59.850","deg","20.000","°C","100.000","%a.s.","26.990","deg","23.835","°C","1018.000","hPa","0.808","-0.065","0.00038","-0.00034","0","31","Humid","5.00","0","2500.00","34832.38","SADD0002000339 Box 1","ABF1.0.0.0","4.0.0.2353","PSt3","221014-001","6/4/2024 1:58:11 PM","0000-00","0","no battery","V","","µV","","µV"
"07/08/2024","16:44:24","1","default","166358087","001","36.700","min","245.012","μmol/L","Humid","24.407","deg","35806","µV","27.000","°C","1024.000","hPa","38.4","pmil","0","59.850","deg","20.000","°C","100.000","%a.s.","26.990","deg","23.835","°C","1018.000","hPa","0.808","-0.065","0.00038","-0.00034","0","31","Humid","5.00","0","2500.00","34834.38","SADD0002000339 Box 1","ABF1.0.0.0","4.0.0.2353","PSt3","221014-001","6/4/2024 1:58:11 PM","0000-00","0","no battery","V","","µV","","µV"
"07/08/2024","16:44:25","1","default","166358087","001","36.717","min","245.213","μmol/L","Humid","24.399","deg","35813","µV","27.000","°C","1024.000","hPa","38.4","pmil","0","59.850","deg","20.000","°C","100.000","%a.s.","26.990","deg","23.835","°C","1018.000","hPa","0.808","-0.065","0.00038","-0.00034","0","31","Humid","5.00","0","2500.00","34832.95","SADD0002000339 Box 1","ABF1.0.0.0","4.0.0.2353","PSt3","221014-001","6/4/2024 1:58:11 PM","0000-00","0","no battery","V","","µV","","µV"
"07/08/2024","16:44:26","1","default","166358087","001","36.733","min","244.987","μmol/L","Humid","24.408","deg","35808","µV","27.000","°C","1024.000","hPa","38.4","pmil","0","59.850","deg","20.000","°C","100.000","%a.s.","26.990","deg","23.835","°C","1018.000","hPa","0.808","-0.065","0.00038","-0.00034","0","31","Humid","5.00","0","2500.00","34837.85","SADD0002000339 Box 1","ABF1.0.0.0","4.0.0.2353","PSt3","221014-001","6/4/2024 1:58:11 PM","0000-00","0","no battery","V","","µV","","µV"
"07/08/2024","16:44:27","1","default","166358087","001","36.750","min","244.912","μmol/L","Humid","24.411","deg","35813","µV","27.000","°C","1024.000","hPa","38.4","pmil","0","59.850","deg","20.000","°C","100.000","%a.s.","26.990","deg","23.835","°C","1018.000","hPa","0.808","-0.065","0.00038","-0.00034","0","31","Humid","5.00","0","2500.00","34838.81","SADD0002000339 Box 1","ABF1.0.0.0","4.0.0.2353","PSt3","221014-001","6/4/2024 1:58:11 PM","0000-00","0","no battery","V","","µV","","µV"
"07/08/2024","16:44:28","1","default","166358087","001","36.767","min","244.787","μmol/L","Humid","24.416","deg","35815","µV","27.000","°C","1024.000","hPa","38.4","pmil","0","59.850","deg","20.000","°C","100.000","%a.s.","26.990","deg","23.835","°C","1018.000","hPa","0.808","-0.065","0.00038","-0.00034","0","31","Humid","5.00","0","2500.00","34840.26","SADD0002000339 Box 1","ABF1.0.0.0","4.0.0.2353","PSt3","221014-001","6/4/2024 1:58:11 PM","0000-00","0","no battery","V","","µV","","µV"
"07/08/2024","16:44:29","1","default","166358087","001","36.783","min","244.937","μmol/L","Humid","24.410","deg","35815","µV","27.000","°C","1024.000","hPa","38.4","pmil","0","59.850","deg","20.000","°C","100.000","%a.s.","26.990","deg","23.835","°C","1018.000","hPa","0.808","-0.065","0.00038","-0.00034","0","31","Humid","5.00","0","2500.00","34835.20","SADD0002000339 Box 1","ABF1.0.0.0","4.0.0.2353","PSt3","221014-001","6/4/2024 1:58:11 PM","0000-00","0","no battery","V","","µV","","µV"
"07/08/2024","16:44:30","1","default","166358087","001","36.800","min","245.037","μmol/L","Humid","24.406","deg","35810","µV","27.000","°C","1024.000","hPa","38.4","pmil","0","59.850","deg","20.000","°C","100.000","%a.s.","26.990","deg","23.835","°C","1018.000","hPa","0.808","-0.065","0.00038","-0.00034","0","31","Humid","5.00","0","2500.00","34836.28","SADD0002000339 Box 1","ABF1.0.0.0","4.0.0.2353","PSt3","221014-001","6/4/2024 1:58:11 PM","0000-00","0","no battery","V","","µV","","µV"
"07/08/2024","16:44:31","1","default","166358087","001","36.817","min","244.787","μmol/L","Humid","24.416","deg","35810","µV","27.000","°C","1024.000","hPa","38.4","pmil","0","59.850","deg","20.000","°C","100.000","%a.s.","26.990","deg","23.835","°C","1018.000","hPa","0.808","-0.065","0.00038","-0.00034","0","31","Humid","5.00","0","2500.00","34845.48","SADD0002000339 Box 1","ABF1.0.0.0","4.0.0.2353","PSt3","221014-001","6/4/2024 1:58:11 PM","0000-00","0","no battery","V","","µV","","µV"
"07/08/2024","16:44:32","1","default","166358087","001","36.833","min","244.837","μmol/L","Humid","24.414","deg","35814","µV","27.000","°C","1024.000","hPa","38.4","pmil","0","59.850","deg","20.000","°C","100.000","%a.s.","26.990","deg","23.835","°C","1018.000","hPa","0.808","-0.065","0.00038","-0.00034","0","31","Humid","5.00","0","2500.00","34836.59","SADD0002000339 Box 1","ABF1.0.0.0","4.0.0.2353","PSt3","221014-001","6/4/2024 1:58:11 PM","0000-00","0","no battery","V","","µV","","µV"
"07/08/2024","16:44:33","1","default","166358087","001","36.850","min","244.687","μmol/L","Humid","24.420","deg","35808","µV","27.000","°C","1024.000","hPa","38.4","pmil","0","59.850","deg","20.000","°C","100.000","%a.s.","26.990","deg","23.835","°C","1018.000","hPa","0.808","-0.065","0.00038","-0.00034","0","31","Humid","5.00","0","2500.00","34840.29","SADD0002000339 Box 1","ABF1.0.0.0","4.0.0.2353","PSt3","221014-001","6/4/2024 1:58:11 PM","0000-00","0","no battery","V","","µV","","µV"
"07/08/2024","16:44:34","1","default","166358087","001","36.867","min","244.887","μmol/L","Humid","24.412","deg","35814","µV","27.000","°C","1024.000","hPa","38.4","pmil","0","59.850","deg","20.000","°C","100.000","%a.s.","26.990","deg","23.835","°C","1018.000","hPa","0.808","-0.065","0.00038","-0.00034","0","31","Humid","5.00","0","2500.00","34833.79","SADD0002000339 Box 1","ABF1.0.0.0","4.0.0.2353","PSt3","221014-001","6/4/2024 1:58:11 PM","0000-00","0","no battery","V","","µV","","µV"
"07/08/2024","16:44:35","1","default","166358087","001","36.883","min","244.712","μmol/L","Humid","24.419","deg","35811","µV","27.000","°C","1024.000","hPa","38.4","pmil","0","59.850","deg","20.000","°C","100.000","%a.s.","26.990","deg","23.835","°C","1018.000","hPa","0.808","-0.065","0.00038","-0.00034","0","31","Humid","5.00","0","2500.00","34834.79","SADD0002000339 Box 1","ABF1.0.0.0","4.0.0.2353","PSt3","221014-001","6/4/2024 1:58:11 PM","0000-00","0","no battery","V","","µV","","µV"
"07/08/2024","16:44:36","1","default","166358087","001","36.900","min","245.188","μmol/L","Humid","24.400","deg","35813","µV","27.000","°C","1024.000","hPa","38.4","pmil","0","59.850","deg","20.000","°C","100.000","%a.s.","26.990","deg","23.835","°C","1018.000","hPa","0.808","-0.065","0.00038","-0.00034","0","31","Humid","5.00","0","2500.00","34834.50","SADD0002000339 Box 1","ABF1.0.0.0","4.0.0.2353","PSt3","221014-001","6/4/2024 1:58:11 PM","0000-00","0","no battery","V","","µV","","µV"
"07/08/2024","16:44:37","1","default","166358087","001","36.917","min","244.962","μmol/L","Humid","24.409","deg","35812","µV","27.000","°C","1024.000","hPa","38.4","pmil","0","59.850","deg","20.000","°C","100.000","%a.s.","26.990","deg","23.835","°C","1018.000","hPa","0.808","-0.065","0.00038","-0.00034","0","31","Humid","5.00","0","2500.00","34833.04","SADD0002000339 Box 1","ABF1.0.0.0","4.0.0.2353","PSt3","221014-001","6/4/2024 1:58:11 PM","0000-00","0","no battery","V","","µV","","µV"
"07/08/2024","16:44:38","1","default","166358087","001","36.933","min","244.812","μmol/L","Humid","24.415","deg","35812","µV","27.000","°C","1024.000","hPa","38.4","pmil","0","59.850","deg","20.000","°C","100.000","%a.s.","26.990","deg","23.835","°C","1018.000","hPa","0.808","-0.065","0.00038","-0.00034","0","31","Humid","5.00","0","2500.00","34833.99","SADD0002000339 Box 1","ABF1.0.0.0","4.0.0.2353","PSt3","221014-001","6/4/2024 1:58:11 PM","0000-00","0","no battery","V","","µV","","µV"
"07/08/2024","16:44:39","1","default","166358087","001","36.950","min","244.812","μmol/L","Humid","24.415","deg","35815","µV","27.000","°C","1024.000","hPa","38.4","pmil","0","59.850","deg","20.000","°C","100.000","%a.s.","26.990","deg","23.835","°C","1018.000","hPa","0.808","-0.065","0.00038","-0.00034","0","31","Humid","5.00","0","2500.00","34835.84","SADD0002000339 Box 1","ABF1.0.0.0","4.0.0.2353","PSt3","221014-001","6/4/2024 1:58:11 PM","0000-00","0","no battery","V","","µV","","µV"
"07/08/2024","16:44:40","1","default","166358087","001","36.967","min","245.088","μmol/L","Humid","24.404","deg","35812","µV","27.000","°C","1024.000","hPa","38.4","pmil","0","59.850","deg","20.000","°C","100.000","%a.s.","26.990","deg","23.835","°C","1018.000","hPa","0.808","-0.065","0.00038","-0.00034","0","31","Humid","5.00","0","2500.00","34840.03","SADD0002000339 Box 1","ABF1.0.0.0","4.0.0.2353","PSt3","221014-001","6/4/2024 1:58:11 PM","0000-00","0","no battery","V","","µV","","µV"
"07/08/2024","16:44:41","1","default","166358087","001","36.983","min","245.063","μmol/L","Humid","24.405","deg","35815","µV","27.000","°C","1024.000","hPa","38.4","pmil","0","59.850","deg","20.000","°C","100.000","%a.s.","26.990","deg","23.835","°C","1018.000","hPa","0.808","-0.065","0.00038","-0.00034","0","31","Humid","5.00","0","2500.00","34836.57","SADD0002000339 Box 1","ABF1.0.0.0","4.0.0.2353","PSt3","221014-001","6/4/2024 1:58:11 PM","0000-00","0","no battery","V","","µV","","µV"
"07/08/2024","16:44:42","1","default","166358087","001","37.000","min","244.787","μmol/L","Humid","24.416","deg","35816","µV","27.000","°C","1024.000","hPa","38.4","pmil","0","59.850","deg","20.000","°C","100.000","%a.s.","26.990","deg","23.835","°C","1018.000","hPa","0.808","-0.065","0.00038","-0.00034","0","31","Humid","5.00","0","2500.00","34837.26","SADD0002000339 Box 1","ABF1.0.0.0","4.0.0.2353","PSt3","221014-001","6/4/2024 1:58:11 PM","0000-00","0","no battery","V","","µV","","µV"
"07/08/2024","16:44:43","1","default","166358087","001","37.017","min","244.962","μmol/L","Humid","24.409","deg","35811","µV","27.000","°C","1024.000","hPa","38.4","pmil","0","59.850","deg","20.000","°C","100.000","%a.s.","26.990","deg","23.835","°C","1018.000","hPa","0.808","-0.065","0.00038","-0.00034","0","31","Humid","5.00","0","2500.00","34830.13","SADD0002000339 Box 1","ABF1.0.0.0","4.0.0.2353","PSt3","221014-001","6/4/2024 1:58:11 PM","0000-00","0","no battery","V","","µV","","µV"
"07/08/2024","16:44:44","1","default","166358087","001","37.034","min","244.562","μmol/L","Humid","24.425","deg","35816","µV","27.000","°C","1024.000","hPa","38.4","pmil","0","59.850","deg","20.000","°C","100.000","%a.s.","26.990","deg","23.835","°C","1018.000","hPa","0.808","-0.065","0.00038","-0.00034","0","31","Humid","5.00","0","2500.00","34834.29","SADD0002000339 Box 1","ABF1.0.0.0","4.0.0.2353","PSt3","221014-001","6/4/2024 1:58:11 PM","0000-00","0","no battery","V","","µV","","µV"
"07/08/2024","16:44:45","1","default","166358087","001","37.050","min","244.737","μmol/L","Humid","24.418","deg","35812","µV","27.000","°C","1024.000","hPa","38.4","pmil","0","59.850","deg","20.000","°C","100.000","%a.s.","26.990","deg","23.835","°C","1018.000","hPa","0.808","-0.065","0.00038","-0.00034","0","31","Humid","5.00","0","2500.00","34838.44","SADD0002000339 Box 1","ABF1.0.0.0","4.0.0.2353","PSt3","221014-001","6/4/2024 1:58:11 PM","0000-00","0","no battery","V","","µV","","µV"
"07/08/2024","16:44:46","1","default","166358087","001","37.067","min","244.762","μmol/L","Humid","24.417","deg","35818","µV","27.000","°C","1024.000","hPa","38.4","pmil","0","59.850","deg","20.000","°C","100.000","%a.s.","26.990","deg","23.835","°C","1018.000","hPa","0.808","-0.065","0.00038","-0.00034","0","31","Humid","5.00","0","2500.00","34831.27","SADD0002000339 Box 1","ABF1.0.0.0","4.0.0.2353","PSt3","221014-001","6/4/2024 1:58:11 PM","0000-00","0","no battery","V","","µV","","µV"
"07/08/2024","16:44:47","1","default","166358087","001","37.084","min","244.737","μmol/L","Humid","24.418","deg","35819","µV","27.000","°C","1024.000","hPa","38.4","pmil","0","59.850","deg","20.000","°C","100.000","%a.s.","26.990","deg","23.835","°C","1018.000","hPa","0.808","-0.065","0.00038","-0.00034","0","31","Humid","5.00","0","2500.00","34833.49","SADD0002000339 Box 1","ABF1.0.0.0","4.0.0.2353","PSt3","221014-001","6/4/2024 1:58:11 PM","0000-00","0","no battery","V","","µV","","µV"
"07/08/2024","16:44:48","1","default","166358087","001","37.100","min","244.812","μmol/L","Humid","24.415","deg","35817","µV","27.000","°C","1024.000","hPa","38.4","pmil","0","59.850","deg","20.000","°C","100.000","%a.s.","26.990","deg","23.835","°C","1018.000","hPa","0.808","-0.065","0.00038","-0.00034","0","31","Humid","5.00","0","2500.00","34835.42","SADD0002000339 Box 1","ABF1.0.0.0","4.0.0.2353","PSt3","221014-001","6/4/2024 1:58:11 PM","0000-00","0","no battery","V","","µV","","µV"
"07/08/2024","16:44:49","1","default","166358087","001","37.117","min","244.862","μmol/L","Humid","24.413","deg","35818","µV","27.000","°C","1024.000","hPa","38.4","pmil","0","59.850","deg","20.000","°C","100.000","%a.s.","26.990","deg","23.835","°C","1018.000","hPa","0.808","-0.065","0.00038","-0.00034","0","31","Humid","5.00","0","2500.00","34834.51","SADD0002000339 Box 1","ABF1.0.0.0","4.0.0.2353","PSt3","221014-001","6/4/2024 1:58:11 PM","0000-00","0","no battery","V","","µV","","µV"
"07/08/2024","16:44:50","1","default","166358087","001","37.133","min","244.487","μmol/L","Humid","24.428","deg","35816","µV","27.000","°C","1024.000","hPa","38.4","pmil","0","59.850","deg","20.000","°C","100.000","%a.s.","26.990","deg","23.835","°C","1018.000","hPa","0.808","-0.065","0.00038","-0.00034","0","31","Humid","5.00","0","2500.00","34839.85","SADD0002000339 Box 1","ABF1.0.0.0","4.0.0.2353","PSt3","221014-001","6/4/2024 1:58:11 PM","0000-00","0","no battery","V","","µV","","µV"
"07/08/2024","16:44:51","1","default","166358087","001","37.149","min","244.862","μmol/L","Humid","24.413","deg","35819","µV","27.000","°C","1024.000","hPa","38.4","pmil","0","59.850","deg","20.000","°C","100.000","%a.s.","26.990","deg","23.835","°C","1018.000","hPa","0.808","-0.065","0.00038","-0.00034","0","31","Humid","5.00","0","2500.00","34836.48","SADD0002000339 Box 1","ABF1.0.0.0","4.0.0.2353","PSt3","221014-001","6/4/2024 1:58:11 PM","0000-00","0","no battery","V","","µV","","µV"
"07/08/2024","16:44:52","1","default","166358087","001","37.167","min","244.687","μmol/L","Humid","24.420","deg","35817","µV","27.000","°C","1024.000","hPa","38.4","pmil","0","59.850","deg","20.000","°C","100.000","%a.s.","26.990","deg","23.835","°C","1018.000","hPa","0.808","-0.065","0.00038","-0.00034","0","31","Humid","5.00","0","2500.00","34838.64","SADD0002000339 Box 1","ABF1.0.0.0","4.0.0.2353","PSt3","221014-001","6/4/2024 1:58:11 PM","0000-00","0","no battery","V","","µV","","µV"
"07/08/2024","16:44:53","1","default","166358087","001","37.183","min","244.837","μmol/L","Humid","24.414","deg","35818","µV","27.000","°C","1024.000","hPa","38.4","pmil","0","59.850","deg","20.000","°C","100.000","%a.s.","26.990","deg","23.835","°C","1018.000","hPa","0.808","-0.065","0.00038","-0.00034","0","31","Humid","5.00","0","2500.00","34838.23","SADD0002000339 Box 1","ABF1.0.0.0","4.0.0.2353","PSt3","221014-001","6/4/2024 1:58:11 PM","0000-00","0","no battery","V","","µV","","µV"
"07/08/2024","16:44:54","1","default","166358087","001","37.200","min","244.837","μmol/L","Humid","24.414","deg","35814","µV","27.000","°C","1024.000","hPa","38.4","pmil","0","59.850","deg","20.000","°C","100.000","%a.s.","26.990","deg","23.835","°C","1018.000","hPa","0.808","-0.065","0.00038","-0.00034","0","31","Humid","5.00","0","2500.00","34835.97","SADD0002000339 Box 1","ABF1.0.0.0","4.0.0.2353","PSt3","221014-001","6/4/2024 1:58:11 PM","0000-00","0","no battery","V","","µV","","µV"
"07/08/2024","16:44:55","1","default","166358087","001","37.216","min","244.812","μmol/L","Humid","24.415","deg","35825","µV","27.000","°C","1024.000","hPa","38.4","pmil","0","59.850","deg","20.000","°C","100.000","%a.s.","26.990","deg","23.835","°C","1018.000","hPa","0.808","-0.065","0.00038","-0.00034","0","31","Humid","5.00","0","2500.00","34833.89","SADD0002000339 Box 1","ABF1.0.0.0","4.0.0.2353","PSt3","221014-001","6/4/2024 1:58:11 PM","0000-00","0","no battery","V","","µV","","µV"
"07/08/2024","16:44:56","1","default","166358087","001","37.233","min","244.937","μmol/L","Humid","24.410","deg","35815","µV","27.000","°C","1024.000","hPa","38.4","pmil","0","59.850","deg","20.000","°C","100.000","%a.s.","26.990","deg","23.835","°C","1018.000","hPa","0.808","-0.065","0.00038","-0.00034","0","31","Humid","5.00","0","2500.00","34833.30","SADD0002000339 Box 1","ABF1.0.0.0","4.0.0.2353","PSt3","221014-001","6/4/2024 1:58:11 PM","0000-00","0","no battery","V","","µV","","µV"
"07/08/2024","16:44:57","1","default","166358087","001","37.250","min","244.837","μmol/L","Humid","24.414","deg","35820","µV","27.000","°C","1024.000","hPa","38.4","pmil","0","59.850","deg","20.000","°C","100.000","%a.s.","26.990","deg","23.835","°C","1018.000","hPa","0.808","-0.065","0.00038","-0.00034","0","31","Humid","5.00","0","2500.00","34842.89","SADD0002000339 Box 1","ABF1.0.0.0","4.0.0.2353","PSt3","221014-001","6/4/2024 1:58:11 PM","0000-00","0","no battery","V","","µV","","µV"
"07/08/2024","16:44:58","1","default","166358087","001","37.266","min","244.462","μmol/L","Humid","24.429","deg","35820","µV","27.000","°C","1024.000","hPa","38.4","pmil","0","59.850","deg","20.000","°C","100.000","%a.s.","26.990","deg","23.835","°C","1018.000","hPa","0.808","-0.065","0.00038","-0.00034","0","31","Humid","5.00","0","2500.00","34836.71","SADD0002000339 Box 1","ABF1.0.0.0","4.0.0.2353","PSt3","221014-001","6/4/2024 1:58:11 PM","0000-00","0","no battery","V","","µV","","µV"
"07/08/2024","16:44:59","1","default","166358087","001","37.283","min","244.787","μmol/L","Humid","24.416","deg","35823","µV","27.000","°C","1024.000","hPa","38.4","pmil","0","59.850","deg","20.000","°C","100.000","%a.s.","26.990","deg","23.835","°C","1018.000","hPa","0.808","-0.065","0.00038","-0.00034","0","31","Humid","5.00","0","2500.00","34833.39","SADD0002000339 Box 1","ABF1.0.0.0","4.0.0.2353","PSt3","221014-001","6/4/2024 1:58:11 PM","0000-00","0","no battery","V","","µV","","µV"
"07/08/2024","16:45:00","1","default","166358087","001","37.300","min","244.687","μmol/L","Humid","24.420","deg","35819","µV","27.000","°C","1024.000","hPa","38.4","pmil","0","59.850","deg","20.000","°C","100.000","%a.s.","26.990","deg","23.835","°C","1018.000","hPa","0.808","-0.065","0.00038","-0.00034","0","31","Humid","5.00","0","2500.00","34828.08","SADD0002000339 Box 1","ABF1.0.0.0","4.0.0.2353","PSt3","221014-001","6/4/2024 1:58:11 PM","0000-00","0","no battery","V","","µV","","µV"
"07/08/2024","16:45:01","1","default","166358087","001","37.316","min","244.962","μmol/L","Humid","24.409","deg","35822","µV","27.000","°C","1024.000","hPa","38.4","pmil","0","59.850","deg","20.000","°C","100.000","%a.s.","26.990","deg","23.835","°C","1018.000","hPa","0.808","-0.065","0.00038","-0.00034","0","31","Humid","5.00","0","2500.00","34835.60","SADD0002000339 Box 1","ABF1.0.0.0","4.0.0.2353","PSt3","221014-001","6/4/2024 1:58:11 PM","0000-00","0","no battery","V","","µV","","µV"
"07/08/2024","16:45:02","1","default","166358087","001","37.333","min","244.812","μmol/L","Humid","24.415","deg","35822","µV","27.000","°C","1024.000","hPa","38.4","pmil","0","59.850","deg","20.000","°C","100.000","%a.s.","26.990","deg","23.835","°C","1018.000","hPa","0.808","-0.065","0.00038","-0.00034","0","31","Humid","5.00","0","2500.00","34828.37","SADD0002000339 Box 1","ABF1.0.0.0","4.0.0.2353","PSt3","221014-001","6/4/2024 1:58:11 PM","0000-00","0","no battery","V","","µV","","µV"
"07/08/2024","16:45:03","1","default","166358087","001","37.350","min","244.862","μmol/L","Humid","24.413","deg","35826","µV","27.000","°C","1024.000","hPa","38.4","pmil","0","59.850","deg","20.000","°C","100.000","%a.s.","26.990","deg","23.835","°C","1018.000","hPa","0.808","-0.065","0.00038","-0.00034","0","31","Humid","5.00","0","2500.00","34841.61","SADD0002000339 Box 1","ABF1.0.0.0","4.0.0.2353","PSt3","221014-001","6/4/2024 1:58:11 PM","0000-00","0","no battery","V","","µV","","µV"
"07/08/2024","16:45:04","1","default","166358087","001","37.366","min","244.912","μmol/L","Humid","24.411","deg","35825","µV","27.000","°C","1024.000","hPa","38.4","pmil","0","59.850","deg","20.000","°C","100.000","%a.s.","26.990","deg","23.835","°C","1018.000","hPa","0.808","-0.065","0.00038","-0.00034","0","31","Humid","5.00","0","2500.00","34834.93","SADD0002000339 Box 1","ABF1.0.0.0","4.0.0.2353","PSt3","221014-001","6/4/2024 1:58:11 PM","0000-00","0","no battery","V","","µV","","µV"
"07/08/2024","16:45:05","1","default","166358087","001","37.383","min","244.862","μmol/L","Humid","24.413","deg","35822","µV","27.000","°C","1024.000","hPa","38.4","pmil","0","59.850","deg","20.000","°C","100.000","%a.s.","26.990","deg","23.835","°C","1018.000","hPa","0.808","-0.065","0.00038","-0.00034","0","31","Humid","5.00","0","2500.00","34835.62","SADD0002000339 Box 1","ABF1.0.0.0","4.0.0.2353","PSt3","221014-001","6/4/2024 1:58:11 PM","0000-00","0","no battery","V","","µV","","µV"
"07/08/2024","16:45:06","1","default","166358087","001","37.400","min","244.437","μmol/L","Humid","24.430","deg","35822","µV","27.000","°C","1024.000","hPa","38.4","pmil","0","59.850","deg","20.000","°C","100.000","%a.s.","26.990","deg","23.835","°C","1018.000","hPa","0.808","-0.065","0.00038","-0.00034","0","31","Humid","5.00","0","2500.00","34833.69","SADD0002000339 Box 1","ABF1.0.0.0","4.0.0.2353","PSt3","221014-001","6/4/2024 1:58:11 PM","0000-00","0","no battery","V","","µV","","µV"
"07/08/2024","16:45:07","1","default","166358087","001","37.416","min","244.912","μmol/L","Humid","24.411","deg","35817","µV","27.000","°C","1024.000","hPa","38.4","pmil","0","59.850","deg","20.000","°C","100.000","%a.s.","26.990","deg","23.835","°C","1018.000","hPa","0.808","-0.065","0.00038","-0.00034","0","31","Humid","5.00","0","2500.00","34832.85","SADD0002000339 Box 1","ABF1.0.0.0","4.0.0.2353","PSt3","221014-001","6/4/2024 1:58:11 PM","0000-00","0","no battery","V","","µV","","µV"
"07/08/2024","16:45:08","1","default","166358087","001","37.433","min","244.962","μmol/L","Humid","24.409","deg","35826","µV","27.000","°C","1024.000","hPa","38.4","pmil","0","59.850","deg","20.000","°C","100.000","%a.s.","26.990","deg","23.835","°C","1018.000","hPa","0.808","-0.065","0.00038","-0.00034","0","31","Humid","5.00","0","2500.00","34835.30","SADD0002000339 Box 1","ABF1.0.0.0","4.0.0.2353","PSt3","221014-001","6/4/2024 1:58:11 PM","0000-00","0","no battery","V","","µV","","µV"
"07/08/2024","16:45:09","1","default","166358087","001","37.450","min","244.437","μmol/L","Humid","24.430","deg","35820","µV","27.000","°C","1024.000","hPa","38.4","pmil","0","59.850","deg","20.000","°C","100.000","%a.s.","26.990","deg","23.835","°C","1018.000","hPa","0.808","-0.065","0.00038","-0.00034","0","31","Humid","5.00","0","2500.00","34834.39","SADD0002000339 Box 1","ABF1.0.0.0","4.0.0.2353","PSt3","221014-001","6/4/2024 1:58:11 PM","0000-00","0","no battery","V","","µV","","µV"
"07/08/2024","16:45:10","1","default","166358087","001","37.467","min","244.962","μmol/L","Humid","24.409","deg","35822","µV","27.000","°C","1024.000","hPa","38.4","pmil","0","59.850","deg","20.000","°C","100.000","%a.s.","26.990","deg","23.835","°C","1018.000","hPa","0.808","-0.065","0.00038","-0.00034","0","31","Humid","5.00","0","2500.00","34832.58","SADD0002000339 Box 1","ABF1.0.0.0","4.0.0.2353","PSt3","221014-001","6/4/2024 1:58:11 PM","0000-00","0","no battery","V","","µV","","µV"
"07/08/2024","16:45:11","1","default","166358087","001","37.483","min","244.787","μmol/L","Humid","24.416","deg","35826","µV","27.000","°C","1024.000","hPa","38.4","pmil","0","59.850","deg","20.000","°C","100.000","%a.s.","26.990","deg","23.835","°C","1018.000","hPa","0.808","-0.065","0.00038","-0.00034","0","31","Humid","5.00","0","2500.00","34835.31","SADD0002000339 Box 1","ABF1.0.0.0","4.0.0.2353","PSt3","221014-001","6/4/2024 1:58:11 PM","0000-00","0","no battery","V","","µV","","µV"
"07/08/2024","16:45:12","1","default","166358087","001","37.500","min","244.637","μmol/L","Humid","24.422","deg","35826","µV","27.000","°C","1024.000","hPa","38.4","pmil","0","59.850","deg","20.000","°C","100.000","%a.s.","26.990","deg","23.835","°C","1018.000","hPa","0.808","-0.065","0.00038","-0.00034","0","31","Humid","5.00","0","2500.00","34841.13","SADD0002000339 Box 1","ABF1.0.0.0","4.0.0.2353","PSt3","221014-001","6/4/2024 1:58:11 PM","0000-00","0","no battery","V","","µV","","µV"
"07/08/2024","16:45:13","1","default","166358087","001","37.517","min","244.462","μmol/L","Humid","24.429","deg","35824","µV","27.000","°C","1024.000","hPa","38.4","pmil","0","59.850","deg","20.000","°C","100.000","%a.s.","26.990","deg","23.835","°C","1018.000","hPa","0.808","-0.065","0.00038","-0.00034","0","31","Humid","5.00","0","2500.00","34832.73","SADD0002000339 Box 1","ABF1.0.0.0","4.0.0.2353","PSt3","221014-001","6/4/2024 1:58:11 PM","0000-00","0","no battery","V","","µV","","µV"
"07/08/2024","16:45:14","1","default","166358087","001","37.533","min","244.837","μmol/L","Humid","24.414","deg","35821","µV","27.000","°C","1024.000","hPa","38.4","pmil","0","59.850","deg","20.000","°C","100.000","%a.s.","26.990","deg","23.835","°C","1018.000","hPa","0.808","-0.065","0.00038","-0.00034","0","31","Humid","5.00","0","2500.00","34837.02","SADD0002000339 Box 1","ABF1.0.0.0","4.0.0.2353","PSt3","221014-001","6/4/2024 1:58:11 PM","0000-00","0","no battery","V","","µV","","µV"
"07/08/2024","16:45:15","1","default","166358087","001","37.550","min","244.387","μmol/L","Humid","24.432","deg","35829","µV","27.000","°C","1024.000","hPa","38.4","pmil","0","59.850","deg","20.000","°C","100.000","%a.s.","26.990","deg","23.835","°C","1018.000","hPa","0.808","-0.065","0.00038","-0.00034","0","31","Humid","5.00","0","2500.00","34838.82","SADD0002000339 Box 1","ABF1.0.0.0","4.0.0.2353","PSt3","221014-001","6/4/2024 1:58:11 PM","0000-00","0","no battery","V","","µV","","µV"
"07/08/2024","16:45:16","1","default","166358087","001","37.566","min","244.937","μmol/L","Humid","24.410","deg","35821","µV","27.000","°C","1024.000","hPa","38.4","pmil","0","59.850","deg","20.000","°C","100.000","%a.s.","26.990","deg","23.835","°C","1018.000","hPa","0.808","-0.065","0.00038","-0.00034","0","31","Humid","5.00","0","2500.00","34836.08","SADD0002000339 Box 1","ABF1.0.0.0","4.0.0.2353","PSt3","221014-001","6/4/2024 1:58:11 PM","0000-00","0","no battery","V","","µV","","µV"
"07/08/2024","16:45:17","1","default","166358087","001","37.583","min","244.962","μmol/L","Humid","24.409","deg","35824","µV","27.000","°C","1024.000","hPa","38.4","pmil","0","59.850","deg","20.000","°C","100.000","%a.s.","26.990","deg","23.835","°C","1018.000","hPa","0.808","-0.065","0.00038","-0.00034","0","31","Humid","5.00","0","2500.00","34834.78","SADD0002000339 Box 1","ABF1.0.0.0","4.0.0.2353","PSt3","221014-001","6/4/2024 1:58:11 PM","0000-00","0","no battery","V","","µV","","µV"
"07/08/2024","16:45:18","1","default","166358087","001","37.600","min","245.063","μmol/L","Humid","24.405","deg","35825","µV","27.000","°C","1024.000","hPa","38.4","pmil","0","59.850","deg","20.000","°C","100.000","%a.s.","26.990","deg","23.835","°C","1018.000","hPa","0.808","-0.065","0.00038","-0.00034","0","31","Humid","5.00","0","2500.00","34834.96","SADD0002000339 Box 1","ABF1.0.0.0","4.0.0.2353","PSt3","221014-001","6/4/2024 1:58:11 PM","0000-00","0","no battery","V","","µV","","µV"
"07/08/2024","16:45:19","1","default","166358087","001","37.617","min","244.637","μmol/L","Humid","24.422","deg","35826","µV","27.000","°C","1024.000","hPa","38.4","pmil","0","59.850","deg","20.000","°C","100.000","%a.s.","26.990","deg","23.835","°C","1018.000","hPa","0.808","-0.065","0.00038","-0.00034","0","31","Humid","5.00","0","2500.00","34833.95","SADD0002000339 Box 1","ABF1.0.0.0","4.0.0.2353","PSt3","221014-001","6/4/2024 1:58:11 PM","0000-00","0","no battery","V","","µV","","µV"
"07/08/2024","16:45:20","1","default","166358087","001","37.633","min","244.712","μmol/L","Humid","24.419","deg","35829","µV","27.000","°C","1024.000","hPa","38.4","pmil","0","59.850","deg","20.000","°C","100.000","%a.s.","26.990","deg","23.835","°C","1018.000","hPa","0.808","-0.065","0.00038","-0.00034","0","31","Humid","5.00","0","2500.00","34835.31","SADD0002000339 Box 1","ABF1.0.0.0","4.0.0.2353","PSt3","221014-001","6/4/2024 1:58:11 PM","0000-00","0","no battery","V","","µV","","µV"
"07/08/2024","16:45:21","1","default","166358087","001","37.650","min","244.712","μmol/L","Humid","24.419","deg","35824","µV","27.000","°C","1024.000","hPa","38.4","pmil","0","59.850","deg","20.000","°C","100.000","%a.s.","26.990","deg","23.835","°C","1018.000","hPa","0.808","-0.065","0.00038","-0.00034","0","31","Humid","5.00","0","2500.00","34832.09","SADD0002000339 Box 1","ABF1.0.0.0","4.0.0.2353","PSt3","221014-001","6/4/2024 1:58:11 PM","0000-00","0","no battery","V","","µV","","µV"
"07/08/2024","16:45:22","1","default","166358087","001","37.667","min","244.587","μmol/L","Humid","24.424","deg","35825","µV","27.000","°C","1024.000","hPa","38.4","pmil","0","59.850","deg","20.000","°C","100.000","%a.s.","26.990","deg","23.835","°C","1018.000","hPa","0.808","-0.065","0.00038","-0.00034","0","31","Humid","5.00","0","2500.00","34834.14","SADD0002000339 Box 1","ABF1.0.0.0","4.0.0.2353","PSt3","221014-001","6/4/2024 1:58:11 PM","0000-00","0","no battery","V","","µV","","µV"
"07/08/2024","16:45:23","1","default","166358087","001","37.683","min","244.437","μmol/L","Humid","24.430","deg","35832","µV","27.000","°C","1024.000","hPa","38.4","pmil","0","59.850","deg","20.000","°C","100.000","%a.s.","26.990","deg","23.835","°C","1018.000","hPa","0.808","-0.065","0.00038","-0.00034","0","31","Humid","5.00","0","2500.00","34834.83","SADD0002000339 Box 1","ABF1.0.0.0","4.0.0.2353","PSt3","221014-001","6/4/2024 1:58:11 PM","0000-00","0","no battery","V","","µV","","µV"
"07/08/2024","16:45:24","1","default","166358087","001","37.700","min","244.612","μmol/L","Humid","24.423","deg","35827","µV","27.000","°C","1024.000","hPa","38.4","pmil","0","59.850","deg","20.000","°C","100.000","%a.s.","26.990","deg","23.835","°C","1018.000","hPa","0.808","-0.065","0.00038","-0.00034","0","31","Humid","5.00","0","2500.00","34833.55","SADD0002000339 Box 1","ABF1.0.0.0","4.0.0.2353","PSt3","221014-001","6/4/2024 1:58:11 PM","0000-00","0","no battery","V","","µV","","µV"
"07/08/2024","16:45:25","1","default","166358087","001","37.716","min","244.587","μmol/L","Humid","24.424","deg","35831","µV","27.000","°C","1024.000","hPa","38.4","pmil","0","59.850","deg","20.000","°C","100.000","%a.s.","26.990","deg","23.835","°C","1018.000","hPa","0.808","-0.065","0.00038","-0.00034","0","31","Humid","5.00","0","2500.00","34836.08","SADD0002000339 Box 1","ABF1.0.0.0","4.0.0.2353","PSt3","221014-001","6/4/2024 1:58:11 PM","0000-00","0","no battery","V","","µV","","µV"
"07/08/2024","16:45:26","1","default","166358087","001","37.733","min","244.812","μmol/L","Humid","24.415","deg","35829","µV","27.000","°C","1024.000","hPa","38.4","pmil","0","59.850","deg","20.000","°C","100.000","%a.s.","26.990","deg","23.835","°C","1018.000","hPa","0.808","-0.065","0.00038","-0.00034","0","31","Humid","5.00","0","2500.00","34833.28","SADD0002000339 Box 1","ABF1.0.0.0","4.0.0.2353","PSt3","221014-001","6/4/2024 1:58:11 PM","0000-00","0","no battery","V","","µV","","µV"
"07/08/2024","16:45:27","1","default","166358087","001","37.750","min","244.862","μmol/L","Humid","24.413","deg","35831","µV","27.000","°C","1024.000","hPa","38.4","pmil","0","59.850","deg","20.000","°C","100.000","%a.s.","26.990","deg","23.835","°C","1018.000","hPa","0.808","-0.065","0.00038","-0.00034","0","31","Humid","5.00","0","2500.00","34835.41","SADD0002000339 Box 1","ABF1.0.0.0","4.0.0.2353","PSt3","221014-001","6/4/2024 1:58:11 PM","0000-00","0","no battery","V","","µV","","µV"
"07/08/2024","16:45:28","1","default","166358087","001","37.766","min","244.737","μmol/L","Humid","24.418","deg","35831","µV","27.000","°C","1024.000","hPa","38.4","pmil","0","59.850","deg","20.000","°C","100.000","%a.s.","26.990","deg","23.835","°C","1018.000","hPa","0.808","-0.065","0.00038","-0.00034","0","31","Humid","5.00","0","2500.00","34839.82","SADD0002000339 Box 1","ABF1.0.0.0","4.0.0.2353","PSt3","221014-001","6/4/2024 1:58:11 PM","0000-00","0","no battery","V","","µV","","µV"
"07/08/2024","16:45:29","1","default","166358087","001","37.783","min","244.762","μmol/L","Humid","24.417","deg","35832","µV","27.000","°C","1024.000","hPa","38.4","pmil","0","59.850","deg","20.000","°C","100.000","%a.s.","26.990","deg","23.835","°C","1018.000","hPa","0.808","-0.065","0.00038","-0.00034","0","31","Humid","5.00","0","2500.00","34836.77","SADD0002000339 Box 1","ABF1.0.0.0","4.0.0.2353","PSt3","221014-001","6/4/2024 1:58:11 PM","0000-00","0","no battery","V","","µV","","µV"
"07/08/2024","16:45:30","1","default","166358087","001","37.800","min","244.812","μmol/L","Humid","24.415","deg","35829","µV","27.000","°C","1024.000","hPa","38.4","pmil","0","59.850","deg","20.000","°C","100.000","%a.s.","26.990","deg","23.835","°C","1018.000","hPa","0.808","-0.065","0.00038","-0.00034","0","31","Humid","5.00","0","2500.00","34838.77","SADD0002000339 Box 1","ABF1.0.0.0","4.0.0.2353","PSt3","221014-001","6/4/2024 1:58:11 PM","0000-00","0","no battery","V","","µV","","µV"
"07/08/2024","16:45:31","1","default","166358087","001","37.816","min","244.662","μmol/L","Humid","24.421","deg","35835","µV","27.000","°C","1024.000","hPa","38.4","pmil","0","59.850","deg","20.000","°C","100.000","%a.s.","26.990","deg","23.835","°C","1018.000","hPa","0.808","-0.065","0.00038","-0.00034","0","31","Humid","5.00","0","2500.00","34835.69","SADD0002000339 Box 1","ABF1.0.0.0","4.0.0.2353","PSt3","221014-001","6/4/2024 1:58:11 PM","0000-00","0","no battery","V","","µV","","µV"
"07/08/2024","16:45:32","1","default","166358087","001","37.833","min","244.562","μmol/L","Humid","24.425","deg","35835","µV","27.000","°C","1024.000","hPa","38.4","pmil","0","59.850","deg","20.000","°C","100.000","%a.s.","26.990","deg","23.835","°C","1018.000","hPa","0.808","-0.065","0.00038","-0.00034","0","31","Humid","5.00","0","2500.00","34835.05","SADD0002000339 Box 1","ABF1.0.0.0","4.0.0.2353","PSt3","221014-001","6/4/2024 1:58:11 PM","0000-00","0","no battery","V","","µV","","µV"
"07/08/2024","16:45:33","1","default","166358087","001","37.849","min","244.587","μmol/L","Humid","24.424","deg","35836","µV","27.000","°C","1024.000","hPa","38.4","pmil","0","59.850","deg","20.000","°C","100.000","%a.s.","26.990","deg","23.835","°C","1018.000","hPa","0.808","-0.065","0.00038","-0.00034","0","31","Humid","5.00","0","2500.00","34835.99","SADD0002000339 Box 1","ABF1.0.0.0","4.0.0.2353","PSt3","221014-001","6/4/2024 1:58:11 PM","0000-00","0","no battery","V","","µV","","µV"
"07/08/2024","16:45:34","1","default","166358087","001","37.867","min","244.687","μmol/L","Humid","24.420","deg","35835","µV","27.000","°C","1024.000","hPa","38.4","pmil","0","59.850","deg","20.000","°C","100.000","%a.s.","26.990","deg","23.835","°C","1018.000","hPa","0.808","-0.065","0.00038","-0.00034","0","31","Humid","5.00","0","2500.00","34841.28","SADD0002000339 Box 1","ABF1.0.0.0","4.0.0.2353","PSt3","221014-001","6/4/2024 1:58:11 PM","0000-00","0","no battery","V","","µV","","µV"
"07/08/2024","16:45:35","1","default","166358087","001","37.883","min","244.462","μmol/L","Humid","24.429","deg","35840","µV","27.000","°C","1024.000","hPa","38.4","pmil","0","59.850","deg","20.000","°C","100.000","%a.s.","26.990","deg","23.835","°C","1018.000","hPa","0.808","-0.065","0.00038","-0.00034","0","31","Humid","5.00","0","2500.00","34837.75","SADD0002000339 Box 1","ABF1.0.0.0","4.0.0.2353","PSt3","221014-001","6/4/2024 1:58:11 PM","0000-00","0","no battery","V","","µV","","µV"
"07/08/2024","16:45:36","1","default","166358087","001","37.900","min","244.462","μmol/L","Humid","24.429","deg","35834","µV","27.000","°C","1024.000","hPa","38.4","pmil","0","59.850","deg","20.000","°C","100.000","%a.s.","26.990","deg","23.835","°C","1018.000","hPa","0.808","-0.065","0.00038","-0.00034","0","31","Humid","5.00","0","2500.00","34831.04","SADD0002000339 Box 1","ABF1.0.0.0","4.0.0.2353","PSt3","221014-001","6/4/2024 1:58:11 PM","0000-00","0","no battery","V","","µV","","µV"
"07/08/2024","16:45:37","1","default","166358087","001","37.916","min","244.412","μmol/L","Humid","24.431","deg","35833","µV","27.000","°C","1024.000","hPa","38.4","pmil","0","59.850","deg","20.000","°C","100.000","%a.s.","26.990","deg","23.835","°C","1018.000","hPa","0.808","-0.065","0.00038","-0.00034","0","31","Humid","5.00","0","2500.00","34833.76","SADD0002000339 Box 1","ABF1.0.0.0","4.0.0.2353","PSt3","221014-001","6/4/2024 1:58:11 PM","0000-00","0","no battery","V","","µV","","µV"
"07/08/2024","16:45:38","1","default","166358087","001","37.934","min","244.537","μmol/L","Humid","24.426","deg","35831","µV","27.000","°C","1024.000","hPa","38.4","pmil","0","59.850","deg","20.000","°C","100.000","%a.s.","26.990","deg","23.835","°C","1018.000","hPa","0.808","-0.065","0.00038","-0.00034","0","31","Humid","5.00","0","2500.00","34835.29","SADD0002000339 Box 1","ABF1.0.0.0","4.0.0.2353","PSt3","221014-001","6/4/2024 1:58:11 PM","0000-00","0","no battery","V","","µV","","µV"
"07/08/2024","16:45:39","1","default","166358087","001","37.950","min","244.437","μmol/L","Humid","24.430","deg","35834","µV","27.000","°C","1024.000","hPa","38.4","pmil","0","59.850","deg","20.000","°C","100.000","%a.s.","26.990","deg","23.835","°C","1018.000","hPa","0.808","-0.065","0.00038","-0.00034","0","31","Humid","5.00","0","2500.00","34834.37","SADD0002000339 Box 1","ABF1.0.0.0","4.0.0.2353","PSt3","221014-001","6/4/2024 1:58:11 PM","0000-00","0","no battery","V","","µV","","µV"
"07/08/2024","16:45:40","1","default","166358087","001","37.967","min","244.512","μmol/L","Humid","24.427","deg","35830","µV","27.000","°C","1024.000","hPa","38.4","pmil","0","59.850","deg","20.000","°C","100.000","%a.s.","26.990","deg","23.835","°C","1018.000","hPa","0.808","-0.065","0.00038","-0.00034","0","31","Humid","5.00","0","2500.00","34836.21","SADD0002000339 Box 1","ABF1.0.0.0","4.0.0.2353","PSt3","221014-001","6/4/2024 1:58:11 PM","0000-00","0","no battery","V","","µV","","µV"
"07/08/2024","16:45:41","1","default","166358087","001","37.984","min","244.687","μmol/L","Humid","24.420","deg","35832","µV","27.000","°C","1024.000","hPa","38.4","pmil","0","59.850","deg","20.000","°C","100.000","%a.s.","26.990","deg","23.835","°C","1018.000","hPa","0.808","-0.065","0.00038","-0.00034","0","31","Humid","5.00","0","2500.00","34834.05","SADD0002000339 Box 1","ABF1.0.0.0","4.0.0.2353","PSt3","221014-001","6/4/2024 1:58:11 PM","0000-00","0","no battery","V","","µV","","µV"
"07/08/2024","16:45:42","1","default","166358087","001","38.000","min","244.762","μmol/L","Humid","24.417","deg","35835","µV","27.000","°C","1024.000","hPa","38.4","pmil","0","59.850","deg","20.000","°C","100.000","%a.s.","26.990","deg","23.835","°C","1018.000","hPa","0.808","-0.065","0.00038","-0.00034","0","31","Humid","5.00","0","2500.00","34834.56","SADD0002000339 Box 1","ABF1.0.0.0","4.0.0.2353","PSt3","221014-001","6/4/2024 1:58:11 PM","0000-00","0","no battery","V","","µV","","µV"
"07/08/2024","16:45:43","1","default","166358087","001","38.017","min","244.512","μmol/L","Humid","24.427","deg","35829","µV","27.000","°C","1024.000","hPa","38.4","pmil","0","59.850","deg","20.000","°C","100.000","%a.s.","26.990","deg","23.835","°C","1018.000","hPa","0.808","-0.065","0.00038","-0.00034","0","31","Humid","5.00","0","2500.00","34835.72","SADD0002000339 Box 1","ABF1.0.0.0","4.0.0.2353","PSt3","221014-001","6/4/2024 1:58:11 PM","0000-00","0","no battery","V","","µV","","µV"
"07/08/2024","16:45:44","1","default","166358087","001","38.033","min","244.637","μmol/L","Humid","24.422","deg","35833","µV","27.000","°C","1024.000","hPa","38.4","pmil","0","59.850","deg","20.000","°C","100.000","%a.s.","26.990","deg","23.835","°C","1018.000","hPa","0.808","-0.065","0.00038","-0.00034","0","31","Humid","5.00","0","2500.00","34839.32","SADD0002000339 Box 1","ABF1.0.0.0","4.0.0.2353","PSt3","221014-001","6/4/2024 1:58:11 PM","0000-00","0","no battery","V","","µV","","µV"
"07/08/2024","16:45:45","1","default","166358087","001","38.050","min","244.337","μmol/L","Humid","24.434","deg","35835","µV","27.000","°C","1024.000","hPa","38.4","pmil","0","59.850","deg","20.000","°C","100.000","%a.s.","26.990","deg","23.835","°C","1018.000","hPa","0.808","-0.065","0.00038","-0.00034","0","31","Humid","5.00","0","2500.00","34838.13","SADD0002000339 Box 1","ABF1.0.0.0","4.0.0.2353","PSt3","221014-001","6/4/2024 1:58:11 PM","0000-00","0","no battery","V","","µV","","µV"
"07/08/2024","16:45:46","1","default","166358087","001","38.067","min","244.312","μmol/L","Humid","24.435","deg","35833","µV","27.000","°C","1024.000","hPa","38.4","pmil","0","59.850","deg","20.000","°C","100.000","%a.s.","26.990","deg","23.835","°C","1018.000","hPa","0.808","-0.065","0.00038","-0.00034","0","31","Humid","5.00","0","2500.00","34834.73","SADD0002000339 Box 1","ABF1.0.0.0","4.0.0.2353","PSt3","221014-001","6/4/2024 1:58:11 PM","0000-00","0","no battery","V","","µV","","µV"
"07/08/2024","16:45:47","1","default","166358087","001","38.083","min","244.887","μmol/L","Humid","24.412","deg","35836","µV","27.000","°C","1024.000","hPa","38.4","pmil","0","59.850","deg","20.000","°C","100.000","%a.s.","26.990","deg","23.835","°C","1018.000","hPa","0.808","-0.065","0.00038","-0.00034","0","31","Humid","5.00","0","2500.00","34832.23","SADD0002000339 Box 1","ABF1.0.0.0","4.0.0.2353","PSt3","221014-001","6/4/2024 1:58:11 PM","0000-00","0","no battery","V","","µV","","µV"
"07/08/2024","16:45:48","1","default","166358087","001","38.100","min","244.637","μmol/L","Humid","24.422","deg","35834","µV","27.000","°C","1024.000","hPa","38.4","pmil","0","59.850","deg","20.000","°C","100.000","%a.s.","26.990","deg","23.835","°C","1018.000","hPa","0.808","-0.065","0.00038","-0.00034","0","31","Humid","5.00","0","2500.00","34835.13","SADD0002000339 Box 1","ABF1.0.0.0","4.0.0.2353","PSt3","221014-001","6/4/2024 1:58:11 PM","0000-00","0","no battery","V","","µV","","µV"
"07/08/2024","16:45:49","1","default","166358087","001","38.117","min","244.462","μmol/L","Humid","24.429","deg","35829","µV","27.000","°C","1024.000","hPa","38.4","pmil","0","59.850","deg","20.000","°C","100.000","%a.s.","26.990","deg","23.835","°C","1018.000","hPa","0.808","-0.065","0.00038","-0.00034","0","31","Humid","5.00","0","2500.00","34836.11","SADD0002000339 Box 1","ABF1.0.0.0","4.0.0.2353","PSt3","221014-001","6/4/2024 1:58:11 PM","0000-00","0","no battery","V","","µV","","µV"
"07/08/2024","16:45:50","1","default","166358087","001","38.133","min","244.762","μmol/L","Humid","24.417","deg","35836","µV","27.000","°C","1024.000","hPa","38.4","pmil","0","59.850","deg","20.000","°C","100.000","%a.s.","26.990","deg","23.835","°C","1018.000","hPa","0.808","-0.065","0.00038","-0.00034","0","31","Humid","5.00","0","2500.00","34834.17","SADD0002000339 Box 1","ABF1.0.0.0","4.0.0.2353","PSt3","221014-001","6/4/2024 1:58:11 PM","0000-00","0","no battery","V","","µV","","µV"
"07/08/2024","16:45:51","1","default","166358087","001","38.150","min","244.212","μmol/L","Humid","24.439","deg","35835","µV","27.000","°C","1024.000","hPa","38.4","pmil","0","59.850","deg","20.000","°C","100.000","%a.s.","26.990","deg","23.835","°C","1018.000","hPa","0.808","-0.065","0.00038","-0.00034","0","31","Humid","5.00","0","2500.00","34834.54","SADD0002000339 Box 1","ABF1.0.0.0","4.0.0.2353","PSt3","221014-001","6/4/2024 1:58:11 PM","0000-00","0","no battery","V","","µV","","µV"
"07/08/2024","16:45:52","1","default","166358087","001","38.167","min","244.687","μmol/L","Humid","24.420","deg","35835","µV","27.000","°C","1024.000","hPa","38.4","pmil","0","59.850","deg","20.000","°C","100.000","%a.s.","26.990","deg","23.835","°C","1018.000","hPa","0.808","-0.065","0.00038","-0.00034","0","31","Humid","5.00","0","2500.00","34832.69","SADD0002000339 Box 1","ABF1.0.0.0","4.0.0.2353","PSt3","221014-001","6/4/2024 1:58:11 PM","0000-00","0","no battery","V","","µV","","µV"
"07/08/2024","16:45:53","1","default","166358087","001","38.183","min","244.662","μmol/L","Humid","24.421","deg","35839","µV","27.000","°C","1024.000","hPa","38.4","pmil","0","59.850","deg","20.000","°C","100.000","%a.s.","26.990","deg","23.835","°C","1018.000","hPa","0.808","-0.065","0.00038","-0.00034","0","31","Humid","5.00","0","2500.00","34840.71","SADD0002000339 Box 1","ABF1.0.0.0","4.0.0.2353","PSt3","221014-001","6/4/2024 1:58:11 PM","0000-00","0","no battery","V","","µV","","µV"
"07/08/2024","16:45:54","1","default","166358087","001","38.200","min","244.287","μmol/L","Humid","24.436","deg","35831","µV","27.000","°C","1024.000","hPa","38.4","pmil","0","59.850","deg","20.000","°C","100.000","%a.s.","26.990","deg","23.835","°C","1018.000","hPa","0.808","-0.065","0.00038","-0.00034","0","31","Humid","5.00","0","2500.00","34832.15","SADD0002000339 Box 1","ABF1.0.0.0","4.0.0.2353","PSt3","221014-001","6/4/2024 1:58:11 PM","0000-00","0","no battery","V","","µV","","µV"
"07/08/2024","16:45:55","1","default","166358087","001","38.217","min","244.812","μmol/L","Humid","24.415","deg","35826","µV","27.000","°C","1024.000","hPa","38.4","pmil","0","59.850","deg","20.000","°C","100.000","%a.s.","26.990","deg","23.835","°C","1018.000","hPa","0.808","-0.065","0.00038","-0.00034","0","31","Humid","5.00","0","2500.00","34832.04","SADD0002000339 Box 1","ABF1.0.0.0","4.0.0.2353","PSt3","221014-001","6/4/2024 1:58:11 PM","0000-00","0","no battery","V","","µV","","µV"
"07/08/2024","16:45:56","1","default","166358087","001","38.234","min","244.687","μmol/L","Humid","24.420","deg","35836","µV","27.000","°C","1024.000","hPa","38.4","pmil","0","59.850","deg","20.000","°C","100.000","%a.s.","26.990","deg","23.835","°C","1018.000","hPa","0.808","-0.065","0.00038","-0.00034","0","31","Humid","5.00","0","2500.00","34838.86","SADD0002000339 Box 1","ABF1.0.0.0","4.0.0.2353","PSt3","221014-001","6/4/2024 1:58:11 PM","0000-00","0","no battery","V","","µV","","µV"
"07/08/2024","16:45:57","1","default","166358087","001","38.250","min","244.562","μmol/L","Humid","24.425","deg","35839","µV","27.000","°C","1024.000","hPa","38.4","pmil","0","59.850","deg","20.000","°C","100.000","%a.s.","26.990","deg","23.835","°C","1018.000","hPa","0.808","-0.065","0.00038","-0.00034","0","31","Humid","5.00","0","2500.00","34833.30","SADD0002000339 Box 1","ABF1.0.0.0","4.0.0.2353","PSt3","221014-001","6/4/2024 1:58:11 PM","0000-00","0","no battery","V","","µV","","µV"
"07/08/2024","16:45:58","1","default","166358087","001","38.267","min","244.687","μmol/L","Humid","24.420","deg","35836","µV","27.000","°C","1024.000","hPa","38.4","pmil","0","59.850","deg","20.000","°C","100.000","%a.s.","26.990","deg","23.835","°C","1018.000","hPa","0.808","-0.065","0.00038","-0.00034","0","31","Humid","5.00","0","2500.00","34829.61","SADD0002000339 Box 1","ABF1.0.0.0","4.0.0.2353","PSt3","221014-001","6/4/2024 1:58:11 PM","0000-00","0","no battery","V","","µV","","µV"
"07/08/2024","16:45:59","1","default","166358087","001","38.284","min","244.812","μmol/L","Humid","24.415","deg","35835","µV","27.000","°C","1024.000","hPa","38.4","pmil","0","59.850","deg","20.000","°C","100.000","%a.s.","26.990","deg","23.835","°C","1018.000","hPa","0.808","-0.065","0.00038","-0.00034","0","31","Humid","5.00","0","2500.00","34831.32","SADD0002000339 Box 1","ABF1.0.0.0","4.0.0.2353","PSt3","221014-001","6/4/2024 1:58:11 PM","0000-00","0","no battery","V","","µV","","µV"
"07/08/2024","16:46:00","1","default","166358087","001","38.300","min","244.187","μmol/L","Humid","24.440","deg","35845","µV","27.000","°C","1024.000","hPa","38.4","pmil","0","59.850","deg","20.000","°C","100.000","%a.s.","26.990","deg","23.835","°C","1018.000","hPa","0.808","-0.065","0.00038","-0.00034","0","31","Humid","5.00","0","2500.00","34834.99","SADD0002000339 Box 1","ABF1.0.0.0","4.0.0.2353","PSt3","221014-001","6/4/2024 1:58:11 PM","0000-00","0","no battery","V","","µV","","µV"
"07/08/2024","16:46:01","1","default","166358087","001","38.317","min","244.762","μmol/L","Humid","24.417","deg","35836","µV","27.000","°C","1024.000","hPa","38.4","pmil","0","59.850","deg","20.000","°C","100.000","%a.s.","26.990","deg","23.835","°C","1018.000","hPa","0.808","-0.065","0.00038","-0.00034","0","31","Humid","5.00","0","2500.00","34840.11","SADD0002000339 Box 1","ABF1.0.0.0","4.0.0.2353","PSt3","221014-001","6/4/2024 1:58:11 PM","0000-00","0","no battery","V","","µV","","µV"
"07/08/2024","16:46:02","1","default","166358087","001","38.333","min","244.637","μmol/L","Humid","24.422","deg","35843","µV","27.000","°C","1024.000","hPa","38.4","pmil","0","59.850","deg","20.000","°C","100.000","%a.s.","26.990","deg","23.835","°C","1018.000","hPa","0.808","-0.065","0.00038","-0.00034","0","31","Humid","5.00","0","2500.00","34837.85","SADD0002000339 Box 1","ABF1.0.0.0","4.0.0.2353","PSt3","221014-001","6/4/2024 1:58:11 PM","0000-00","0","no battery","V","","µV","","µV"
"07/08/2024","16:46:03","1","default","166358087","001","38.350","min","244.662","μmol/L","Humid","24.421","deg","35839","µV","27.000","°C","1024.000","hPa","38.4","pmil","0","59.850","deg","20.000","°C","100.000","%a.s.","26.990","deg","23.835","°C","1018.000","hPa","0.808","-0.065","0.00038","-0.00034","0","31","Humid","5.00","0","2500.00","34834.06","SADD0002000339 Box 1","ABF1.0.0.0","4.0.0.2353","PSt3","221014-001","6/4/2024 1:58:11 PM","0000-00","0","no battery","V","","µV","","µV"
"07/08/2024","16:46:04","1","default","166358087","001","38.367","min","244.687","μmol/L","Humid","24.420","deg","35842","µV","27.000","°C","1024.000","hPa","38.4","pmil","0","59.850","deg","20.000","°C","100.000","%a.s.","26.990","deg","23.835","°C","1018.000","hPa","0.808","-0.065","0.00038","-0.00034","0","31","Humid","5.00","0","2500.00","34832.13","SADD0002000339 Box 1","ABF1.0.0.0","4.0.0.2353","PSt3","221014-001","6/4/2024 1:58:11 PM","0000-00","0","no battery","V","","µV","","µV"
"07/08/2024","16:46:05","1","default","166358087","001","38.384","min","244.487","μmol/L","Humid","24.428","deg","35840","µV","27.000","°C","1024.000","hPa","38.4","pmil","0","59.850","deg","20.000","°C","100.000","%a.s.","26.990","deg","23.835","°C","1018.000","hPa","0.808","-0.065","0.00038","-0.00034","0","31","Humid","5.00","0","2500.00","34834.15","SADD0002000339 Box 1","ABF1.0.0.0","4.0.0.2353","PSt3","221014-001","6/4/2024 1:58:11 PM","0000-00","0","no battery","V","","µV","","µV"
"07/08/2024","16:46:06","1","default","166358087","001","38.400","min","244.862","μmol/L","Humid","24.413","deg","35840","µV","27.000","°C","1024.000","hPa","38.4","pmil","0","59.850","deg","20.000","°C","100.000","%a.s.","26.990","deg","23.835","°C","1018.000","hPa","0.808","-0.065","0.00038","-0.00034","0","31","Humid","5.00","0","2500.00","34830.39","SADD0002000339 Box 1","ABF1.0.0.0","4.0.0.2353","PSt3","221014-001","6/4/2024 1:58:11 PM","0000-00","0","no battery","V","","µV","","µV"
"07/08/2024","16:46:07","1","default","166358087","001","38.417","min","244.287","μmol/L","Humid","24.436","deg","35839","µV","27.000","°C","1024.000","hPa","38.4","pmil","0","59.850","deg","20.000","°C","100.000","%a.s.","26.990","deg","23.835","°C","1018.000","hPa","0.808","-0.065","0.00038","-0.00034","0","31","Humid","5.00","0","2500.00","34836.72","SADD0002000339 Box 1","ABF1.0.0.0","4.0.0.2353","PSt3","221014-001","6/4/2024 1:58:11 PM","0000-00","0","no battery","V","","µV","","µV"
"07/08/2024","16:46:08","1","default","166358087","001","38.434","min","245.063","μmol/L","Humid","24.405","deg","35840","µV","27.000","°C","1024.000","hPa","38.4","pmil","0","59.850","deg","20.000","°C","100.000","%a.s.","26.990","deg","23.835","°C","1018.000","hPa","0.808","-0.065","0.00038","-0.00034","0","31","Humid","5.00","0","2500.00","34829.41","SADD0002000339 Box 1","ABF1.0.0.0","4.0.0.2353","PSt3","221014-001","6/4/2024 1:58:11 PM","0000-00","0","no battery","V","","µV","","µV"
"07/08/2024","16:46:09","1","default","166358087","001","38.450","min","244.712","μmol/L","Humid","24.419","deg","35847","µV","27.000","°C","1024.000","hPa","38.4","pmil","0","59.850","deg","20.000","°C","100.000","%a.s.","26.990","deg","23.835","°C","1018.000","hPa","0.808","-0.065","0.00038","-0.00034","0","31","Humid","5.00","0","2500.00","34832.64","SADD0002000339 Box 1","ABF1.0.0.0","4.0.0.2353","PSt3","221014-001","6/4/2024 1:58:11 PM","0000-00","0","no battery","V","","µV","","µV"
"07/08/2024","16:46:10","1","default","166358087","001","38.467","min","244.887","μmol/L","Humid","24.412","deg","35838","µV","27.000","°C","1024.000","hPa","38.4","pmil","0","59.850","deg","20.000","°C","100.000","%a.s.","26.990","deg","23.835","°C","1018.000","hPa","0.808","-0.065","0.00038","-0.00034","0","31","Humid","5.00","0","2500.00","34833.18","SADD0002000339 Box 1","ABF1.0.0.0","4.0.0.2353","PSt3","221014-001","6/4/2024 1:58:11 PM","0000-00","0","no battery","V","","µV","","µV"
"07/08/2024","16:46:11","1","default","166358087","001","38.483","min","244.312","μmol/L","Humid","24.435","deg","35838","µV","27.000","°C","1024.000","hPa","38.4","pmil","0","59.850","deg","20.000","°C","100.000","%a.s.","26.990","deg","23.835","°C","1018.000","hPa","0.808","-0.065","0.00038","-0.00034","0","31","Humid","5.00","0","2500.00","34834.34","SADD0002000339 Box 1","ABF1.0.0.0","4.0.0.2353","PSt3","221014-001","6/4/2024 1:58:11 PM","0000-00","0","no battery","V","","µV","","µV"
"07/08/2024","16:46:12","1","default","166358087","001","38.500","min","244.412","μmol/L","Humid","24.431","deg","35835","µV","27.000","°C","1024.000","hPa","38.4","pmil","0","59.850","deg","20.000","°C","100.000","%a.s.","26.990","deg","23.835","°C","1018.000","hPa","0.808","-0.065","0.00038","-0.00034","0","31","Humid","5.00","0","2500.00","34829.95","SADD0002000339 Box 1","ABF1.0.0.0","4.0.0.2353","PSt3","221014-001","6/4/2024 1:58:11 PM","0000-00","0","no battery","V","","µV","","µV"
"07/08/2024","16:46:13","1","default","166358087","001","38.516","min","244.412","μmol/L","Humid","24.431","deg","35848","µV","27.000","°C","1024.000","hPa","38.4","pmil","0","59.850","deg","20.000","°C","100.000","%a.s.","26.990","deg","23.835","°C","1018.000","hPa","0.808","-0.065","0.00038","-0.00034","0","31","Humid","5.00","0","2500.00","34829.35","SADD0002000339 Box 1","ABF1.0.0.0","4.0.0.2353","PSt3","221014-001","6/4/2024 1:58:11 PM","0000-00","0","no battery","V","","µV","","µV"
"07/08/2024","16:46:14","1","default","166358087","001","38.533","min","244.287","μmol/L","Humid","24.436","deg","35845","µV","27.000","°C","1024.000","hPa","38.4","pmil","0","59.850","deg","20.000","°C","100.000","%a.s.","26.990","deg","23.835","°C","1018.000","hPa","0.808","-0.065","0.00038","-0.00034","0","31","Humid","5.00","0","2500.00","34827.72","SADD0002000339 Box 1","ABF1.0.0.0","4.0.0.2353","PSt3","221014-001","6/4/2024 1:58:11 PM","0000-00","0","no battery","V","","µV","","µV"
"07/08/2024","16:46:15","1","default","166358087","001","38.550","min","244.462","μmol/L","Humid","24.429","deg","35838","µV","27.000","°C","1024.000","hPa","38.4","pmil","0","59.850","deg","20.000","°C","100.000","%a.s.","26.990","deg","23.835","°C","1018.000","hPa","0.808","-0.065","0.00038","-0.00034","0","31","Humid","5.00","0","2500.00","34835.11","SADD0002000339 Box 1","ABF1.0.0.0","4.0.0.2353","PSt3","221014-001","6/4/2024 1:58:11 PM","0000-00","0","no battery","V","","µV","","µV"
"07/08/2024","16:46:16","1","default","166358087","001","38.566","min","244.512","μmol/L","Humid","24.427","deg","35841","µV","27.000","°C","1024.000","hPa","38.4","pmil","0","59.850","deg","20.000","°C","100.000","%a.s.","26.990","deg","23.835","°C","1018.000","hPa","0.808","-0.065","0.00038","-0.00034","0","31","Humid","5.00","0","2500.00","34832.07","SADD0002000339 Box 1","ABF1.0.0.0","4.0.0.2353","PSt3","221014-001","6/4/2024 1:58:11 PM","0000-00","0","no battery","V","","µV","","µV"
"07/08/2024","16:46:17","1","default","166358087","001","38.583","min","244.537","μmol/L","Humid","24.426","deg","35841","µV","27.000","°C","1024.000","hPa","38.4","pmil","0","59.850","deg","20.000","°C","100.000","%a.s.","26.990","deg","23.835","°C","1018.000","hPa","0.808","-0.065","0.00038","-0.00034","0","31","Humid","5.00","0","2500.00","34831.93","SADD0002000339 Box 1","ABF1.0.0.0","4.0.0.2353","PSt3","221014-001","6/4/2024 1:58:11 PM","0000-00","0","no battery","V","","µV","","µV"
"07/08/2024","16:46:18","1","default","166358087","001","38.600","min","244.487","μmol/L","Humid","24.428","deg","35842","µV","27.000","°C","1024.000","hPa","38.4","pmil","0","59.850","deg","20.000","°C","100.000","%a.s.","26.990","deg","23.835","°C","1018.000","hPa","0.808","-0.065","0.00038","-0.00034","0","31","Humid","5.00","0","2500.00","34830.92","SADD0002000339 Box 1","ABF1.0.0.0","4.0.0.2353","PSt3","221014-001","6/4/2024 1:58:11 PM","0000-00","0","no battery","V","","µV","","µV"
"07/08/2024","16:46:19","1","default","166358087","001","38.616","min","244.362","μmol/L","Humid","24.433","deg","35842","µV","27.000","°C","1024.000","hPa","38.4","pmil","0","59.850","deg","20.000","°C","100.000","%a.s.","26.990","deg","23.835","°C","1018.000","hPa","0.808","-0.065","0.00038","-0.00034","0","31","Humid","5.00","0","2500.00","34838.53","SADD0002000339 Box 1","ABF1.0.0.0","4.0.0.2353","PSt3","221014-001","6/4/2024 1:58:11 PM","0000-00","0","no battery","V","","µV","","µV"
"07/08/2024","16:46:20","1","default","166358087","001","38.633","min","244.362","μmol/L","Humid","24.433","deg","35843","µV","27.000","°C","1024.000","hPa","38.4","pmil","0","59.850","deg","20.000","°C","100.000","%a.s.","26.990","deg","23.835","°C","1018.000","hPa","0.808","-0.065","0.00038","-0.00034","0","31","Humid","5.00","0","2500.00","34832.87","SADD0002000339 Box 1","ABF1.0.0.0","4.0.0.2353","PSt3","221014-001","6/4/2024 1:58:11 PM","0000-00","0","no battery","V","","µV","","µV"
"07/08/2024","16:46:21","1","default","166358087","001","38.651","min","244.562","μmol/L","Humid","24.425","deg","35842","µV","27.000","°C","1024.000","hPa","38.4","pmil","0","59.850","deg","20.000","°C","100.000","%a.s.","26.990","deg","23.835","°C","1018.000","hPa","0.808","-0.065","0.00038","-0.00034","0","31","Humid","5.00","0","2500.00","34831.65","SADD0002000339 Box 1","ABF1.0.0.0","4.0.0.2353","PSt3","221014-001","6/4/2024 1:58:11 PM","0000-00","0","no battery","V","","µV","","µV"
"07/08/2024","16:46:22","1","default","166358087","001","38.666","min","244.287","μmol/L","Humid","24.436","deg","35851","µV","27.000","°C","1024.000","hPa","38.4","pmil","0","59.850","deg","20.000","°C","100.000","%a.s.","26.990","deg","23.835","°C","1018.000","hPa","0.808","-0.065","0.00038","-0.00034","0","31","Humid","5.00","0","2500.00","34832.39","SADD0002000339 Box 1","ABF1.0.0.0","4.0.0.2353","PSt3","221014-001","6/4/2024 1:58:11 PM","0000-00","0","no battery","V","","µV","","µV"
"07/08/2024","16:46:23","1","default","166358087","001","38.683","min","244.362","μmol/L","Humid","24.433","deg","35847","µV","27.000","°C","1024.000","hPa","38.4","pmil","0","59.850","deg","20.000","°C","100.000","%a.s.","26.990","deg","23.835","°C","1018.000","hPa","0.808","-0.065","0.00038","-0.00034","0","31","Humid","5.00","0","2500.00","34833.50","SADD0002000339 Box 1","ABF1.0.0.0","4.0.0.2353","PSt3","221014-001","6/4/2024 1:58:11 PM","0000-00","0","no battery","V","","µV","","µV"
"07/08/2024","16:46:24","1","default","166358087","001","38.700","min","244.387","μmol/L","Humid","24.432","deg","35848","µV","27.000","°C","1024.000","hPa","38.4","pmil","0","59.850","deg","20.000","°C","100.000","%a.s.","26.990","deg","23.835","°C","1018.000","hPa","0.808","-0.065","0.00038","-0.00034","0","31","Humid","5.00","0","2500.00","34830.72","SADD0002000339 Box 1","ABF1.0.0.0","4.0.0.2353","PSt3","221014-001","6/4/2024 1:58:11 PM","0000-00","0","no battery","V","","µV","","µV"
"07/08/2024","16:46:25","1","default","166358087","001","38.716","min","244.237","μmol/L","Humid","24.438","deg","35848","µV","27.000","°C","1024.000","hPa","38.4","pmil","0","59.850","deg","20.000","°C","100.000","%a.s.","26.990","deg","23.835","°C","1018.000","hPa","0.808","-0.065","0.00038","-0.00034","0","31","Humid","5.00","0","2500.00","34834.64","SADD0002000339 Box 1","ABF1.0.0.0","4.0.0.2353","PSt3","221014-001","6/4/2024 1:58:11 PM","0000-00","0","no battery","V","","µV","","µV"
"07/08/2024","16:46:26","1","default","166358087","001","38.733","min","244.562","μmol/L","Humid","24.425","deg","35845","µV","27.000","°C","1024.000","hPa","38.4","pmil","0","59.850","deg","20.000","°C","100.000","%a.s.","26.990","deg","23.835","°C","1018.000","hPa","0.808","-0.065","0.00038","-0.00034","0","31","Humid","5.00","0","2500.00","34829.01","SADD0002000339 Box 1","ABF1.0.0.0","4.0.0.2353","PSt3","221014-001","6/4/2024 1:58:11 PM","0000-00","0","no battery","V","","µV","","µV"
"07/08/2024","16:46:27","1","default","166358087","001","38.750","min","244.312","μmol/L","Humid","24.435","deg","35848","µV","27.000","°C","1024.000","hPa","38.4","pmil","0","59.850","deg","20.000","°C","100.000","%a.s.","26.990","deg","23.835","°C","1018.000","hPa","0.808","-0.065","0.00038","-0.00034","0","31","Humid","5.00","0","2500.00","34833.41","SADD0002000339 Box 1","ABF1.0.0.0","4.0.0.2353","PSt3","221014-001","6/4/2024 1:58:11 PM","0000-00","0","no battery","V","","µV","","µV"
"07/08/2024","16:46:28","1","default","166358087","001","38.766","min","244.362","μmol/L","Humid","24.433","deg","35852","µV","27.000","°C","1024.000","hPa","38.4","pmil","0","59.850","deg","20.000","°C","100.000","%a.s.","26.990","deg","23.835","°C","1018.000","hPa","0.808","-0.065","0.00038","-0.00034","0","31","Humid","5.00","0","2500.00","34830.91","SADD0002000339 Box 1","ABF1.0.0.0","4.0.0.2353","PSt3","221014-001","6/4/2024 1:58:11 PM","0000-00","0","no battery","V","","µV","","µV"
"07/08/2024","16:46:29","1","default","166358087","001","38.783","min","244.637","μmol/L","Humid","24.422","deg","35853","µV","27.000","°C","1024.000","hPa","38.4","pmil","0","59.850","deg","20.000","°C","100.000","%a.s.","26.990","deg","23.835","°C","1018.000","hPa","0.808","-0.065","0.00038","-0.00034","0","31","Humid","5.00","0","2500.00","34832.00","SADD0002000339 Box 1","ABF1.0.0.0","4.0.0.2353","PSt3","221014-001","6/4/2024 1:58:11 PM","0000-00","0","no battery","V","","µV","","µV"
"07/08/2024","16:46:30","1","default","166358087","001","38.801","min","244.362","μmol/L","Humid","24.433","deg","35855","µV","27.000","°C","1024.000","hPa","38.4","pmil","0","59.850","deg","20.000","°C","100.000","%a.s.","26.990","deg","23.835","°C","1018.000","hPa","0.808","-0.065","0.00038","-0.00034","0","31","Humid","5.00","0","2500.00","34832.33","SADD0002000339 Box 1","ABF1.0.0.0","4.0.0.2353","PSt3","221014-001","6/4/2024 1:58:11 PM","0000-00","0","no battery","V","","µV","","µV"
"07/08/2024","16:46:31","1","default","166358087","001","38.816","min","244.387","μmol/L","Humid","24.432","deg","35858","µV","27.000","°C","1024.000","hPa","38.4","pmil","0","59.850","deg","20.000","°C","100.000","%a.s.","26.990","deg","23.835","°C","1018.000","hPa","0.808","-0.065","0.00038","-0.00034","0","31","Humid","5.00","0","2500.00","34834.99","SADD0002000339 Box 1","ABF1.0.0.0","4.0.0.2353","PSt3","221014-001","6/4/2024 1:58:11 PM","0000-00","0","no battery","V","","µV","","µV"
"07/08/2024","16:46:32","1","default","166358087","001","38.833","min","244.362","μmol/L","Humid","24.433","deg","35853","µV","27.000","°C","1024.000","hPa","38.4","pmil","0","59.850","deg","20.000","°C","100.000","%a.s.","26.990","deg","23.835","°C","1018.000","hPa","0.808","-0.065","0.00038","-0.00034","0","31","Humid","5.00","0","2500.00","34837.44","SADD0002000339 Box 1","ABF1.0.0.0","4.0.0.2353","PSt3","221014-001","6/4/2024 1:58:11 PM","0000-00","0","no battery","V","","µV","","µV"
"07/08/2024","16:46:33","1","default","166358087","001","38.850","min","244.237","μmol/L","Humid","24.438","deg","35858","µV","27.000","°C","1024.000","hPa","38.4","pmil","0","59.850","deg","20.000","°C","100.000","%a.s.","26.990","deg","23.835","°C","1018.000","hPa","0.808","-0.065","0.00038","-0.00034","0","31","Humid","5.00","0","2500.00","34825.67","SADD0002000339 Box 1","ABF1.0.0.0","4.0.0.2353","PSt3","221014-001","6/4/2024 1:58:11 PM","0000-00","0","no battery","V","","µV","","µV"
"07/08/2024","16:46:34","1","default","166358087","001","38.866","min","244.587","μmol/L","Humid","24.424","deg","35857","µV","27.000","°C","1024.000","hPa","38.4","pmil","0","59.850","deg","20.000","°C","100.000","%a.s.","26.990","deg","23.835","°C","1018.000","hPa","0.808","-0.065","0.00038","-0.00034","0","31","Humid","5.00","0","2500.00","34834.39","SADD0002000339 Box 1","ABF1.0.0.0","4.0.0.2353","PSt3","221014-001","6/4/2024 1:58:11 PM","0000-00","0","no battery","V","","µV","","µV"
"07/08/2024","16:46:35","1","default","166358087","001","38.883","min","244.587","μmol/L","Humid","24.424","deg","35858","µV","27.000","°C","1024.000","hPa","38.4","pmil","0","59.850","deg","20.000","°C","100.000","%a.s.","26.990","deg","23.835","°C","1018.000","hPa","0.808","-0.065","0.00038","-0.00034","0","31","Humid","5.00","0","2500.00","34834.62","SADD0002000339 Box 1","ABF1.0.0.0","4.0.0.2353","PSt3","221014-001","6/4/2024 1:58:11 PM","0000-00","0","no battery","V","","µV","","µV"
"07/08/2024","16:46:36","1","default","166358087","001","38.900","min","244.112","μmol/L","Humid","24.443","deg","35858","µV","27.000","°C","1024.000","hPa","38.4","pmil","0","59.850","deg","20.000","°C","100.000","%a.s.","26.990","deg","23.835","°C","1018.000","hPa","0.808","-0.065","0.00038","-0.00034","0","31","Humid","5.00","0","2500.00","34836.93","SADD0002000339 Box 1","ABF1.0.0.0","4.0.0.2353","PSt3","221014-001","6/4/2024 1:58:11 PM","0000-00","0","no battery","V","","µV","","µV"
"07/08/2024","16:46:37","1","default","166358087","001","38.917","min","244.412","μmol/L","Humid","24.431","deg","35856","µV","27.000","°C","1024.000","hPa","38.4","pmil","0","59.850","deg","20.000","°C","100.000","%a.s.","26.990","deg","23.835","°C","1018.000","hPa","0.808","-0.065","0.00038","-0.00034","0","31","Humid","5.00","0","2500.00","34831.45","SADD0002000339 Box 1","ABF1.0.0.0","4.0.0.2353","PSt3","221014-001","6/4/2024 1:58:11 PM","0000-00","0","no battery","V","","µV","","µV"
"07/08/2024","16:46:38","1","default","166358087","001","38.933","min","244.512","μmol/L","Humid","24.427","deg","35857","µV","27.000","°C","1024.000","hPa","38.4","pmil","0","59.850","deg","20.000","°C","100.000","%a.s.","26.990","deg","23.835","°C","1018.000","hPa","0.808","-0.065","0.00038","-0.00034","0","31","Humid","5.00","0","2500.00","34827.76","SADD0002000339 Box 1","ABF1.0.0.0","4.0.0.2353","PSt3","221014-001","6/4/2024 1:58:11 PM","0000-00","0","no battery","V","","µV","","µV"
"07/08/2024","16:46:39","1","default","166358087","001","38.950","min","244.312","μmol/L","Humid","24.435","deg","35861","µV","27.000","°C","1024.000","hPa","38.4","pmil","0","59.850","deg","20.000","°C","100.000","%a.s.","26.990","deg","23.835","°C","1018.000","hPa","0.808","-0.065","0.00038","-0.00034","0","31","Humid","5.00","0","2500.00","34835.18","SADD0002000339 Box 1","ABF1.0.0.0","4.0.0.2353","PSt3","221014-001","6/4/2024 1:58:11 PM","0000-00","0","no battery","V","","µV","","µV"
"07/08/2024","16:46:40","1","default","166358087","001","38.966","min","243.937","μmol/L","Humid","24.450","deg","35857","µV","27.000","°C","1024.000","hPa","38.4","pmil","0","59.850","deg","20.000","°C","100.000","%a.s.","26.990","deg","23.835","°C","1018.000","hPa","0.808","-0.065","0.00038","-0.00034","0","31","Humid","5.00","0","2500.00","34833.37","SADD0002000339 Box 1","ABF1.0.0.0","4.0.0.2353","PSt3","221014-001","6/4/2024 1:58:11 PM","0000-00","0","no battery","V","","µV","","µV"
"07/08/2024","16:46:41","1","default","166358087","001","38.983","min","244.237","μmol/L","Humid","24.438","deg","35853","µV","27.000","°C","1024.000","hPa","38.4","pmil","0","59.850","deg","20.000","°C","100.000","%a.s.","26.990","deg","23.835","°C","1018.000","hPa","0.808","-0.065","0.00038","-0.00034","0","31","Humid","5.00","0","2500.00","34826.56","SADD0002000339 Box 1","ABF1.0.0.0","4.0.0.2353","PSt3","221014-001","6/4/2024 1:58:11 PM","0000-00","0","no battery","V","","µV","","µV"
"07/08/2024","16:46:42","1","default","166358087","001","39.000","min","244.137","μmol/L","Humid","24.442","deg","35866","µV","27.000","°C","1024.000","hPa","38.4","pmil","0","59.850","deg","20.000","°C","100.000","%a.s.","26.990","deg","23.835","°C","1018.000","hPa","0.808","-0.065","0.00038","-0.00034","0","31","Humid","5.00","0","2500.00","34835.95","SADD0002000339 Box 1","ABF1.0.0.0","4.0.0.2353","PSt3","221014-001","6/4/2024 1:58:11 PM","0000-00","0","no battery","V","","µV","","µV"
"07/08/2024","16:46:43","1","default","166358087","001","39.016","min","244.462","μmol/L","Humid","24.429","deg","35856","µV","27.000","°C","1024.000","hPa","38.4","pmil","0","59.850","deg","20.000","°C","100.000","%a.s.","26.990","deg","23.835","°C","1018.000","hPa","0.808","-0.065","0.00038","-0.00034","0","31","Humid","5.00","0","2500.00","34832.35","SADD0002000339 Box 1","ABF1.0.0.0","4.0.0.2353","PSt3","221014-001","6/4/2024 1:58:11 PM","0000-00","0","no battery","V","","µV","","µV"
"07/08/2024","16:46:44","1","default","166358087","001","39.033","min","244.237","μmol/L","Humid","24.438","deg","35861","µV","27.000","°C","1024.000","hPa","38.4","pmil","0","59.850","deg","20.000","°C","100.000","%a.s.","26.990","deg","23.835","°C","1018.000","hPa","0.808","-0.065","0.00038","-0.00034","0","31","Humid","5.00","0","2500.00","34828.96","SADD0002000339 Box 1","ABF1.0.0.0","4.0.0.2353","PSt3","221014-001","6/4/2024 1:58:11 PM","0000-00","0","no battery","V","","µV","","µV"
"07/08/2024","16:46:45","1","default","166358087","001","39.050","min","243.912","μmol/L","Humid","24.451","deg","35868","µV","27.000","°C","1024.000","hPa","38.4","pmil","0","59.850","deg","20.000","°C","100.000","%a.s.","26.990","deg","23.835","°C","1018.000","hPa","0.808","-0.065","0.00038","-0.00034","0","31","Humid","5.00","0","2500.00","34830.54","SADD0002000339 Box 1","ABF1.0.0.0","4.0.0.2353","PSt3","221014-001","6/4/2024 1:58:11 PM","0000-00","0","no battery","V","","µV","","µV"
"07/08/2024","16:46:46","1","default","166358087","001","39.066","min","244.562","μmol/L","Humid","24.425","deg","35861","µV","27.000","°C","1024.000","hPa","38.4","pmil","0","59.850","deg","20.000","°C","100.000","%a.s.","26.990","deg","23.835","°C","1018.000","hPa","0.808","-0.065","0.00038","-0.00034","0","31","Humid","5.00","0","2500.00","34823.54","SADD0002000339 Box 1","ABF1.0.0.0","4.0.0.2353","PSt3","221014-001","6/4/2024 1:58:11 PM","0000-00","0","no battery","V","","µV","","µV"
"07/08/2024","16:46:47","1","default","166358087","001","39.083","min","244.487","μmol/L","Humid","24.428","deg","35861","µV","27.000","°C","1024.000","hPa","38.4","pmil","0","59.850","deg","20.000","°C","100.000","%a.s.","26.990","deg","23.835","°C","1018.000","hPa","0.808","-0.065","0.00038","-0.00034","0","31","Humid","5.00","0","2500.00","34828.49","SADD0002000339 Box 1","ABF1.0.0.0","4.0.0.2353","PSt3","221014-001","6/4/2024 1:58:11 PM","0000-00","0","no battery","V","","µV","","µV"
"07/08/2024","16:46:48","1","default","166358087","001","39.100","min","244.212","μmol/L","Humid","24.439","deg","35863","µV","27.000","°C","1024.000","hPa","38.4","pmil","0","59.850","deg","20.000","°C","100.000","%a.s.","26.990","deg","23.835","°C","1018.000","hPa","0.808","-0.065","0.00038","-0.00034","0","31","Humid","5.00","0","2500.00","34827.43","SADD0002000339 Box 1","ABF1.0.0.0","4.0.0.2353","PSt3","221014-001","6/4/2024 1:58:11 PM","0000-00","0","no battery","V","","µV","","µV"
"07/08/2024","16:46:49","1","default","166358087","001","39.116","min","244.437","μmol/L","Humid","24.430","deg","35864","µV","27.000","°C","1024.000","hPa","38.4","pmil","0","59.850","deg","20.000","°C","100.000","%a.s.","26.990","deg","23.835","°C","1018.000","hPa","0.808","-0.065","0.00038","-0.00034","0","31","Humid","5.00","0","2500.00","34831.72","SADD0002000339 Box 1","ABF1.0.0.0","4.0.0.2353","PSt3","221014-001","6/4/2024 1:58:11 PM","0000-00","0","no battery","V","","µV","","µV"
"07/08/2024","16:46:50","1","default","166358087","001","39.133","min","244.137","μmol/L","Humid","24.442","deg","35857","µV","27.000","°C","1024.000","hPa","38.4","pmil","0","59.850","deg","20.000","°C","100.000","%a.s.","26.990","deg","23.835","°C","1018.000","hPa","0.808","-0.065","0.00038","-0.00034","0","31","Humid","5.00","0","2500.00","34827.68","SADD0002000339 Box 1","ABF1.0.0.0","4.0.0.2353","PSt3","221014-001","6/4/2024 1:58:11 PM","0000-00","0","no battery","V","","µV","","µV"
"07/08/2024","16:46:51","1","default","166358087","001","39.150","min","244.587","μmol/L","Humid","24.424","deg","35865","µV","27.000","°C","1024.000","hPa","38.4","pmil","0","59.850","deg","20.000","°C","100.000","%a.s.","26.990","deg","23.835","°C","1018.000","hPa","0.808","-0.065","0.00038","-0.00034","0","31","Humid","5.00","0","2500.00","34833.50","SADD0002000339 Box 1","ABF1.0.0.0","4.0.0.2353","PSt3","221014-001","6/4/2024 1:58:11 PM","0000-00","0","no battery","V","","µV","","µV"
"07/08/2024","16:46:52","1","default","166358087","001","39.166","min","244.337","μmol/L","Humid","24.434","deg","35867","µV","27.000","°C","1024.000","hPa","38.4","pmil","0","59.850","deg","20.000","°C","100.000","%a.s.","26.990","deg","23.835","°C","1018.000","hPa","0.808","-0.065","0.00038","-0.00034","0","31","Humid","5.00","0","2500.00","34831.46","SADD0002000339 Box 1","ABF1.0.0.0","4.0.0.2353","PSt3","221014-001","6/4/2024 1:58:11 PM","0000-00","0","no battery","V","","µV","","µV"
"07/08/2024","16:46:53","1","default","166358087","001","39.183","min","244.237","μmol/L","Humid","24.438","deg","35866","µV","27.000","°C","1024.000","hPa","38.4","pmil","0","59.850","deg","20.000","°C","100.000","%a.s.","26.990","deg","23.835","°C","1018.000","hPa","0.808","-0.065","0.00038","-0.00034","0","31","Humid","5.00","0","2500.00","34831.62","SADD0002000339 Box 1","ABF1.0.0.0","4.0.0.2353","PSt3","221014-001","6/4/2024 1:58:11 PM","0000-00","0","no battery","V","","µV","","µV"
"07/08/2024","16:46:54","1","default","166358087","001","39.200","min","244.137","μmol/L","Humid","24.442","deg","35901","µV","27.000","°C","1024.000","hPa","38.4","pmil","0","59.850","deg","20.000","°C","100.000","%a.s.","26.990","deg","23.835","°C","1018.000","hPa","0.808","-0.065","0.00038","-0.00034","0","31","Humid","5.00","0","2500.00","34835.45","SADD0002000339 Box 1","ABF1.0.0.0","4.0.0.2353","PSt3","221014-001","6/4/2024 1:58:11 PM","0000-00","0","no battery","V","","µV","","µV"
"07/08/2024","16:46:55","1","default","166358087","001","39.217","min","244.387","μmol/L","Humid","24.432","deg","35900","µV","27.000","°C","1024.000","hPa","38.4","pmil","0","59.850","deg","20.000","°C","100.000","%a.s.","26.990","deg","23.835","°C","1018.000","hPa","0.808","-0.065","0.00038","-0.00034","0","31","Humid","5.00","0","2500.00","34828.13","SADD0002000339 Box 1","ABF1.0.0.0","4.0.0.2353","PSt3","221014-001","6/4/2024 1:58:11 PM","0000-00","0","no battery","V","","µV","","µV"
"07/08/2024","16:46:56","1","default","166358087","001","39.233","min","244.162","μmol/L","Humid","24.441","deg","35920","µV","27.000","°C","1024.000","hPa","38.4","pmil","0","59.850","deg","20.000","°C","100.000","%a.s.","26.990","deg","23.835","°C","1018.000","hPa","0.808","-0.065","0.00038","-0.00034","0","31","Humid","5.00","0","2500.00","34837.12","SADD0002000339 Box 1","ABF1.0.0.0","4.0.0.2353","PSt3","221014-001","6/4/2024 1:58:11 PM","0000-00","0","no battery","V","","µV","","µV"
"07/08/2024","16:46:57","1","default","166358087","001","39.250","min","244.437","μmol/L","Humid","24.430","deg","35922","µV","27.000","°C","1024.000","hPa","38.4","pmil","0","59.850","deg","20.000","°C","100.000","%a.s.","26.990","deg","23.835","°C","1018.000","hPa","0.808","-0.065","0.00038","-0.00034","0","31","Humid","5.00","0","2500.00","34830.48","SADD0002000339 Box 1","ABF1.0.0.0","4.0.0.2353","PSt3","221014-001","6/4/2024 1:58:11 PM","0000-00","0","no battery","V","","µV","","µV"
"07/08/2024","16:46:58","1","default","166358087","001","39.266","min","244.337","μmol/L","Humid","24.434","deg","35915","µV","27.000","°C","1024.000","hPa","38.4","pmil","0","59.850","deg","20.000","°C","100.000","%a.s.","26.990","deg","23.835","°C","1018.000","hPa","0.808","-0.065","0.00038","-0.00034","0","31","Humid","5.00","0","2500.00","34829.05","SADD0002000339 Box 1","ABF1.0.0.0","4.0.0.2353","PSt3","221014-001","6/4/2024 1:58:11 PM","0000-00","0","no battery","V","","µV","","µV"
"07/08/2024","16:46:59","1","default","166358087","001","39.283","min","244.137","μmol/L","Humid","24.442","deg","35920","µV","27.000","°C","1024.000","hPa","38.4","pmil","0","59.850","deg","20.000","°C","100.000","%a.s.","26.990","deg","23.835","°C","1018.000","hPa","0.808","-0.065","0.00038","-0.00034","0","31","Humid","5.00","0","2500.00","34829.67","SADD0002000339 Box 1","ABF1.0.0.0","4.0.0.2353","PSt3","221014-001","6/4/2024 1:58:11 PM","0000-00","0","no battery","V","","µV","","µV"
"07/08/2024","16:47:00","1","default","166358087","001","39.300","min","244.112","μmol/L","Humid","24.443","deg","35921","µV","27.000","°C","1024.000","hPa","38.4","pmil","0","59.850","deg","20.000","°C","100.000","%a.s.","26.990","deg","23.835","°C","1018.000","hPa","0.808","-0.065","0.00038","-0.00034","0","31","Humid","5.00","0","2500.00","34828.22","SADD0002000339 Box 1","ABF1.0.0.0","4.0.0.2353","PSt3","221014-001","6/4/2024 1:58:11 PM","0000-00","0","no battery","V","","µV","","µV"
"07/08/2024","16:47:01","1","default","166358087","001","39.316","min","244.362","μmol/L","Humid","24.433","deg","35915","µV","27.000","°C","1024.000","hPa","38.4","pmil","0","59.850","deg","20.000","°C","100.000","%a.s.","26.990","deg","23.835","°C","1018.000","hPa","0.808","-0.065","0.00038","-0.00034","0","31","Humid","5.00","0","2500.00","34833.82","SADD0002000339 Box 1","ABF1.0.0.0","4.0.0.2353","PSt3","221014-001","6/4/2024 1:58:11 PM","0000-00","0","no battery","V","","µV","","µV"
"07/08/2024","16:47:02","1","default","166358087","001","39.333","min","244.362","μmol/L","Humid","24.433","deg","35918","µV","27.000","°C","1024.000","hPa","38.4","pmil","0","59.850","deg","20.000","°C","100.000","%a.s.","26.990","deg","23.835","°C","1018.000","hPa","0.808","-0.065","0.00038","-0.00034","0","31","Humid","5.00","0","2500.00","34835.65","SADD0002000339 Box 1","ABF1.0.0.0","4.0.0.2353","PSt3","221014-001","6/4/2024 1:58:11 PM","0000-00","0","no battery","V","","µV","","µV"
"07/08/2024","16:47:03","1","default","166358087","001","39.350","min","244.437","μmol/L","Humid","24.430","deg","35917","µV","27.000","°C","1024.000","hPa","38.4","pmil","0","59.850","deg","20.000","°C","100.000","%a.s.","26.990","deg","23.835","°C","1018.000","hPa","0.808","-0.065","0.00038","-0.00034","0","31","Humid","5.00","0","2500.00","34833.08","SADD0002000339 Box 1","ABF1.0.0.0","4.0.0.2353","PSt3","221014-001","6/4/2024 1:58:11 PM","0000-00","0","no battery","V","","µV","","µV"
"07/08/2024","16:47:04","1","default","166358087","001","39.366","min","244.062","μmol/L","Humid","24.445","deg","35926","µV","27.000","°C","1024.000","hPa","38.4","pmil","0","59.850","deg","20.000","°C","100.000","%a.s.","26.990","deg","23.835","°C","1018.000","hPa","0.808","-0.065","0.00038","-0.00034","0","31","Humid","5.00","0","2500.00","34831.83","SADD0002000339 Box 1","ABF1.0.0.0","4.0.0.2353","PSt3","221014-001","6/4/2024 1:58:11 PM","0000-00","0","no battery","V","","µV","","µV"
"07/08/2024","16:47:05","1","default","166358087","001","39.383","min","244.312","μmol/L","Humid","24.435","deg","35923","µV","27.000","°C","1024.000","hPa","38.4","pmil","0","59.850","deg","20.000","°C","100.000","%a.s.","26.990","deg","23.835","°C","1018.000","hPa","0.808","-0.065","0.00038","-0.00034","0","31","Humid","5.00","0","2500.00","34832.95","SADD0002000339 Box 1","ABF1.0.0.0","4.0.0.2353","PSt3","221014-001","6/4/2024 1:58:11 PM","0000-00","0","no battery","V","","µV","","µV"
"07/08/2024","16:47:06","1","default","166358087","001","39.400","min","244.187","μmol/L","Humid","24.440","deg","35925","µV","27.000","°C","1024.000","hPa","38.4","pmil","0","59.850","deg","20.000","°C","100.000","%a.s.","26.990","deg","23.835","°C","1018.000","hPa","0.808","-0.065","0.00038","-0.00034","0","31","Humid","5.00","0","2500.00","34827.21","SADD0002000339 Box 1","ABF1.0.0.0","4.0.0.2353","PSt3","221014-001","6/4/2024 1:58:11 PM","0000-00","0","no battery","V","","µV","","µV"
"07/08/2024","16:47:07","1","default","166358087","001","39.416","min","243.862","μmol/L","Humid","24.453","deg","35930","µV","27.000","°C","1024.000","hPa","38.4","pmil","0","59.850","deg","20.000","°C","100.000","%a.s.","26.990","deg","23.835","°C","1018.000","hPa","0.808","-0.065","0.00038","-0.00034","0","31","Humid","5.00","0","2500.00","34828.35","SADD0002000339 Box 1","ABF1.0.0.0","4.0.0.2353","PSt3","221014-001","6/4/2024 1:58:11 PM","0000-00","0","no battery","V","","µV","","µV"
"07/08/2024","16:47:08","1","default","166358087","001","39.433","min","243.937","μmol/L","Humid","24.450","deg","35923","µV","27.000","°C","1024.000","hPa","38.4","pmil","0","59.850","deg","20.000","°C","100.000","%a.s.","26.990","deg","23.835","°C","1018.000","hPa","0.808","-0.065","0.00038","-0.00034","0","31","Humid","5.00","0","2500.00","34833.91","SADD0002000339 Box 1","ABF1.0.0.0","4.0.0.2353","PSt3","221014-001","6/4/2024 1:58:11 PM","0000-00","0","no battery","V","","µV","","µV"
"07/08/2024","16:47:09","1","default","166358087","001","39.450","min","244.487","μmol/L","Humid","24.428","deg","35928","µV","27.000","°C","1024.000","hPa","38.4","pmil","0","59.850","deg","20.000","°C","100.000","%a.s.","26.990","deg","23.835","°C","1018.000","hPa","0.808","-0.065","0.00038","-0.00034","0","31","Humid","5.00","0","2500.00","34828.99","SADD0002000339 Box 1","ABF1.0.0.0","4.0.0.2353","PSt3","221014-001","6/4/2024 1:58:11 PM","0000-00","0","no battery","V","","µV","","µV"
"07/08/2024","16:47:10","1","default","166358087","001","39.466","min","244.337","μmol/L","Humid","24.434","deg","35926","µV","27.000","°C","1024.000","hPa","38.4","pmil","0","59.850","deg","20.000","°C","100.000","%a.s.","26.990","deg","23.835","°C","1018.000","hPa","0.808","-0.065","0.00038","-0.00034","0","31","Humid","5.00","0","2500.00","34830.11","SADD0002000339 Box 1","ABF1.0.0.0","4.0.0.2353","PSt3","221014-001","6/4/2024 1:58:11 PM","0000-00","0","no battery","V","","µV","","µV"
"07/08/2024","16:47:11","1","default","166358087","001","39.483","min","244.062","μmol/L","Humid","24.445","deg","35937","µV","27.000","°C","1024.000","hPa","38.4","pmil","0","59.850","deg","20.000","°C","100.000","%a.s.","26.990","deg","23.835","°C","1018.000","hPa","0.808","-0.065","0.00038","-0.00034","0","31","Humid","5.00","0","2500.00","34831.98","SADD0002000339 Box 1","ABF1.0.0.0","4.0.0.2353","PSt3","221014-001","6/4/2024 1:58:11 PM","0000-00","0","no battery","V","","µV","","µV"
"07/08/2024","16:47:12","1","default","166358087","001","39.500","min","244.187","μmol/L","Humid","24.440","deg","35931","µV","27.000","°C","1024.000","hPa","38.4","pmil","0","59.850","deg","20.000","°C","100.000","%a.s.","26.990","deg","23.835","°C","1018.000","hPa","0.808","-0.065","0.00038","-0.00034","0","31","Humid","5.00","0","2500.00","34834.12","SADD0002000339 Box 1","ABF1.0.0.0","4.0.0.2353","PSt3","221014-001","6/4/2024 1:58:11 PM","0000-00","0","no battery","V","","µV","","µV"
"07/08/2024","16:47:13","1","default","166358087","001","39.517","min","244.437","μmol/L","Humid","24.430","deg","35938","µV","27.000","°C","1024.000","hPa","38.4","pmil","0","59.850","deg","20.000","°C","100.000","%a.s.","26.990","deg","23.835","°C","1018.000","hPa","0.808","-0.065","0.00038","-0.00034","0","31","Humid","5.00","0","2500.00","34829.19","SADD0002000339 Box 1","ABF1.0.0.0","4.0.0.2353","PSt3","221014-001","6/4/2024 1:58:11 PM","0000-00","0","no battery","V","","µV","","µV"
"07/08/2024","16:47:14","1","default","166358087","001","39.533","min","244.212","μmol/L","Humid","24.439","deg","35933","µV","27.000","°C","1024.000","hPa","38.4","pmil","0","59.850","deg","20.000","°C","100.000","%a.s.","26.990","deg","23.835","°C","1018.000","hPa","0.808","-0.065","0.00038","-0.00034","0","31","Humid","5.00","0","2500.00","34832.08","SADD0002000339 Box 1","ABF1.0.0.0","4.0.0.2353","PSt3","221014-001","6/4/2024 1:58:11 PM","0000-00","0","no battery","V","","µV","","µV"
"07/08/2024","16:47:15","1","default","166358087","001","39.550","min","244.237","μmol/L","Humid","24.438","deg","35932","µV","27.000","°C","1024.000","hPa","38.4","pmil","0","59.850","deg","20.000","°C","100.000","%a.s.","26.990","deg","23.835","°C","1018.000","hPa","0.808","-0.065","0.00038","-0.00034","0","31","Humid","5.00","0","2500.00","34823.45","SADD0002000339 Box 1","ABF1.0.0.0","4.0.0.2353","PSt3","221014-001","6/4/2024 1:58:11 PM","0000-00","0","no battery","V","","µV","","µV"
"07/08/2024","16:47:16","1","default","166358087","001","39.567","min","244.387","μmol/L","Humid","24.432","deg","35937","µV","27.000","°C","1024.000","hPa","38.4","pmil","0","59.850","deg","20.000","°C","100.000","%a.s.","26.990","deg","23.835","°C","1018.000","hPa","0.808","-0.065","0.00038","-0.00034","0","31","Humid","5.00","0","2500.00","34832.18","SADD0002000339 Box 1","ABF1.0.0.0","4.0.0.2353","PSt3","221014-001","6/4/2024 1:58:11 PM","0000-00","0","no battery","V","","µV","","µV"
"07/08/2024","16:47:17","1","default","166358087","001","39.583","min","244.137","μmol/L","Humid","24.442","deg","35932","µV","27.000","°C","1024.000","hPa","38.4","pmil","0","59.850","deg","20.000","°C","100.000","%a.s.","26.990","deg","23.835","°C","1018.000","hPa","0.808","-0.065","0.00038","-0.00034","0","31","Humid","5.00","0","2500.00","34832.37","SADD0002000339 Box 1","ABF1.0.0.0","4.0.0.2353","PSt3","221014-001","6/4/2024 1:58:11 PM","0000-00","0","no battery","V","","µV","","µV"
"07/08/2024","16:47:18","1","default","166358087","001","39.600","min","244.212","μmol/L","Humid","24.439","deg","35931","µV","27.000","°C","1024.000","hPa","38.4","pmil","0","59.850","deg","20.000","°C","100.000","%a.s.","26.990","deg","23.835","°C","1018.000","hPa","0.808","-0.065","0.00038","-0.00034","0","31","Humid","5.00","0","2500.00","34832.15","SADD0002000339 Box 1","ABF1.0.0.0","4.0.0.2353","PSt3","221014-001","6/4/2024 1:58:11 PM","0000-00","0","no battery","V","","µV","","µV"
"07/08/2024","16:47:19","1","default","166358087","001","39.617","min","244.037","μmol/L","Humid","24.446","deg","35929","µV","27.000","°C","1024.000","hPa","38.4","pmil","0","59.850","deg","20.000","°C","100.000","%a.s.","26.990","deg","23.835","°C","1018.000","hPa","0.808","-0.065","0.00038","-0.00034","0","31","Humid","5.00","0","2500.00","34836.32","SADD0002000339 Box 1","ABF1.0.0.0","4.0.0.2353","PSt3","221014-001","6/4/2024 1:58:11 PM","0000-00","0","no battery","V","","µV","","µV"
"07/08/2024","16:47:20","1","default","166358087","001","39.633","min","243.937","μmol/L","Humid","24.450","deg","35935","µV","27.000","°C","1024.000","hPa","38.4","pmil","0","59.850","deg","20.000","°C","100.000","%a.s.","26.990","deg","23.835","°C","1018.000","hPa","0.808","-0.065","0.00038","-0.00034","0","31","Humid","5.00","0","2500.00","34827.79","SADD0002000339 Box 1","ABF1.0.0.0","4.0.0.2353","PSt3","221014-001","6/4/2024 1:58:11 PM","0000-00","0","no battery","V","","µV","","µV"
"07/08/2024","16:47:21","1","default","166358087","001","39.650","min","244.212","μmol/L","Humid","24.439","deg","35933","µV","27.000","°C","1024.000","hPa","38.4","pmil","0","59.850","deg","20.000","°C","100.000","%a.s.","26.990","deg","23.835","°C","1018.000","hPa","0.808","-0.065","0.00038","-0.00034","0","31","Humid","5.00","0","2500.00","34829.77","SADD0002000339 Box 1","ABF1.0.0.0","4.0.0.2353","PSt3","221014-001","6/4/2024 1:58:11 PM","0000-00","0","no battery","V","","µV","","µV"
"07/08/2024","16:47:22","1","default","166358087","001","39.667","min","244.062","μmol/L","Humid","24.445","deg","35942","µV","27.000","°C","1024.000","hPa","38.4","pmil","0","59.850","deg","20.000","°C","100.000","%a.s.","26.990","deg","23.835","°C","1018.000","hPa","0.808","-0.065","0.00038","-0.00034","0","31","Humid","5.00","0","2500.00","34825.82","SADD0002000339 Box 1","ABF1.0.0.0","4.0.0.2353","PSt3","221014-001","6/4/2024 1:58:11 PM","0000-00","0","no battery","V","","µV","","µV"
"07/08/2024","16:47:23","1","default","166358087","001","39.683","min","244.012","μmol/L","Humid","24.447","deg","35938","µV","27.000","°C","1024.000","hPa","38.4","pmil","0","59.850","deg","20.000","°C","100.000","%a.s.","26.990","deg","23.835","°C","1018.000","hPa","0.808","-0.065","0.00038","-0.00034","0","31","Humid","5.00","0","2500.00","34827.91","SADD0002000339 Box 1","ABF1.0.0.0","4.0.0.2353","PSt3","221014-001","6/4/2024 1:58:11 PM","0000-00","0","no battery","V","","µV","","µV"
"07/08/2024","16:47:24","1","default","166358087","001","39.700","min","244.312","μmol/L","Humid","24.435","deg","35936","µV","27.000","°C","1024.000","hPa","38.4","pmil","0","59.850","deg","20.000","°C","100.000","%a.s.","26.990","deg","23.835","°C","1018.000","hPa","0.808","-0.065","0.00038","-0.00034","0","31","Humid","5.00","0","2500.00","34827.93","SADD0002000339 Box 1","ABF1.0.0.0","4.0.0.2353","PSt3","221014-001","6/4/2024 1:58:11 PM","0000-00","0","no battery","V","","µV","","µV"
"07/08/2024","16:47:25","1","default","166358087","001","39.717","min","244.062","μmol/L","Humid","24.445","deg","35940","µV","27.000","°C","1024.000","hPa","38.4","pmil","0","59.850","deg","20.000","°C","100.000","%a.s.","26.990","deg","23.835","°C","1018.000","hPa","0.808","-0.065","0.00038","-0.00034","0","31","Humid","5.00","0","2500.00","34832.66","SADD0002000339 Box 1","ABF1.0.0.0","4.0.0.2353","PSt3","221014-001","6/4/2024 1:58:11 PM","0000-00","0","no battery","V","","µV","","µV"
"07/08/2024","16:47:26","1","default","166358087","001","39.734","min","244.062","μmol/L","Humid","24.445","deg","35933","µV","27.000","°C","1024.000","hPa","38.4","pmil","0","59.850","deg","20.000","°C","100.000","%a.s.","26.990","deg","23.835","°C","1018.000","hPa","0.808","-0.065","0.00038","-0.00034","0","31","Humid","5.00","0","2500.00","34832.74","SADD0002000339 Box 1","ABF1.0.0.0","4.0.0.2353","PSt3","221014-001","6/4/2024 1:58:11 PM","0000-00","0","no battery","V","","µV","","µV"
"07/08/2024","16:47:27","1","default","166358087","001","39.750","min","244.362","μmol/L","Humid","24.433","deg","35942","µV","27.000","°C","1024.000","hPa","38.4","pmil","0","59.850","deg","20.000","°C","100.000","%a.s.","26.990","deg","23.835","°C","1018.000","hPa","0.808","-0.065","0.00038","-0.00034","0","31","Humid","5.00","0","2500.00","34831.92","SADD0002000339 Box 1","ABF1.0.0.0","4.0.0.2353","PSt3","221014-001","6/4/2024 1:58:11 PM","0000-00","0","no battery","V","","µV","","µV"
"07/08/2024","16:47:28","1","default","166358087","001","39.767","min","243.912","μmol/L","Humid","24.451","deg","35937","µV","27.000","°C","1024.000","hPa","38.4","pmil","0","59.850","deg","20.000","°C","100.000","%a.s.","26.990","deg","23.835","°C","1018.000","hPa","0.808","-0.065","0.00038","-0.00034","0","31","Humid","5.00","0","2500.00","34832.95","SADD0002000339 Box 1","ABF1.0.0.0","4.0.0.2353","PSt3","221014-001","6/4/2024 1:58:11 PM","0000-00","0","no battery","V","","µV","","µV"
"07/08/2024","16:47:29","1","default","166358087","001","39.784","min","243.987","μmol/L","Humid","24.448","deg","35934","µV","27.000","°C","1024.000","hPa","38.4","pmil","0","59.850","deg","20.000","°C","100.000","%a.s.","26.990","deg","23.835","°C","1018.000","hPa","0.808","-0.065","0.00038","-0.00034","0","31","Humid","5.00","0","2500.00","34830.61","SADD0002000339 Box 1","ABF1.0.0.0","4.0.0.2353","PSt3","221014-001","6/4/2024 1:58:11 PM","0000-00","0","no battery","V","","µV","","µV"
"07/08/2024","16:47:30","1","default","166358087","001","39.800","min","244.062","μmol/L","Humid","24.445","deg","35937","µV","27.000","°C","1024.000","hPa","38.4","pmil","0","59.850","deg","20.000","°C","100.000","%a.s.","26.990","deg","23.835","°C","1018.000","hPa","0.808","-0.065","0.00038","-0.00034","0","31","Humid","5.00","0","2500.00","34830.87","SADD0002000339 Box 1","ABF1.0.0.0","4.0.0.2353","PSt3","221014-001","6/4/2024 1:58:11 PM","0000-00","0","no battery","V","","µV","","µV"
"07/08/2024","16:47:31","1","default","166358087","001","39.817","min","244.137","μmol/L","Humid","24.442","deg","35940","µV","27.000","°C","1024.000","hPa","38.4","pmil","0","59.850","deg","20.000","°C","100.000","%a.s.","26.990","deg","23.835","°C","1018.000","hPa","0.808","-0.065","0.00038","-0.00034","0","31","Humid","5.00","0","2500.00","34830.51","SADD0002000339 Box 1","ABF1.0.0.0","4.0.0.2353","PSt3","221014-001","6/4/2024 1:58:11 PM","0000-00","0","no battery","V","","µV","","µV"
"07/08/2024","16:47:32","1","default","166358087","001","39.834","min","244.012","μmol/L","Humid","24.447","deg","35939","µV","27.000","°C","1024.000","hPa","38.4","pmil","0","59.850","deg","20.000","°C","100.000","%a.s.","26.990","deg","23.835","°C","1018.000","hPa","0.808","-0.065","0.00038","-0.00034","0","31","Humid","5.00","0","2500.00","34837.07","SADD0002000339 Box 1","ABF1.0.0.0","4.0.0.2353","PSt3","221014-001","6/4/2024 1:58:11 PM","0000-00","0","no battery","V","","µV","","µV"
"07/08/2024","16:47:33","1","default","166358087","001","39.850","min","243.887","μmol/L","Humid","24.452","deg","35940","µV","27.000","°C","1024.000","hPa","38.4","pmil","0","59.850","deg","20.000","°C","100.000","%a.s.","26.990","deg","23.835","°C","1018.000","hPa","0.808","-0.065","0.00038","-0.00034","0","31","Humid","5.00","0","2500.00","34831.13","SADD0002000339 Box 1","ABF1.0.0.0","4.0.0.2353","PSt3","221014-001","6/4/2024 1:58:11 PM","0000-00","0","no battery","V","","µV","","µV"
"07/08/2024","16:47:34","1","default","166358087","001","39.867","min","244.087","μmol/L","Humid","24.444","deg","35944","µV","27.000","°C","1024.000","hPa","38.4","pmil","0","59.850","deg","20.000","°C","100.000","%a.s.","26.990","deg","23.835","°C","1018.000","hPa","0.808","-0.065","0.00038","-0.00034","0","31","Humid","5.00","0","2500.00","34831.43","SADD0002000339 Box 1","ABF1.0.0.0","4.0.0.2353","PSt3","221014-001","6/4/2024 1:58:11 PM","0000-00","0","no battery","V","","µV","","µV"
"07/08/2024","16:47:35","1","default","166358087","001","39.883","min","243.813","μmol/L","Humid","24.455","deg","35942","µV","27.000","°C","1024.000","hPa","38.4","pmil","0","59.850","deg","20.000","°C","100.000","%a.s.","26.990","deg","23.835","°C","1018.000","hPa","0.808","-0.065","0.00038","-0.00034","0","31","Humid","5.00","0","2500.00","34831.50","SADD0002000339 Box 1","ABF1.0.0.0","4.0.0.2353","PSt3","221014-001","6/4/2024 1:58:11 PM","0000-00","0","no battery","V","","µV","","µV"
"07/08/2024","16:47:36","1","default","166358087","001","39.900","min","244.312","μmol/L","Humid","24.435","deg","35943","µV","27.000","°C","1024.000","hPa","38.4","pmil","0","59.850","deg","20.000","°C","100.000","%a.s.","26.990","deg","23.835","°C","1018.000","hPa","0.808","-0.065","0.00038","-0.00034","0","31","Humid","5.00","0","2500.00","34831.44","SADD0002000339 Box 1","ABF1.0.0.0","4.0.0.2353","PSt3","221014-001","6/4/2024 1:58:11 PM","0000-00","0","no battery","V","","µV","","µV"
"07/08/2024","16:47:37","1","default","166358087","001","39.916","min","244.212","μmol/L","Humid","24.439","deg","35940","µV","27.000","°C","1024.000","hPa","38.4","pmil","0","59.850","deg","20.000","°C","100.000","%a.s.","26.990","deg","23.835","°C","1018.000","hPa","0.808","-0.065","0.00038","-0.00034","0","31","Humid","5.00","0","2500.00","34831.50","SADD0002000339 Box 1","ABF1.0.0.0","4.0.0.2353","PSt3","221014-001","6/4/2024 1:58:11 PM","0000-00","0","no battery","V","","µV","","µV"
"07/08/2024","16:47:38","1","default","166358087","001","39.934","min","244.162","μmol/L","Humid","24.441","deg","35947","µV","27.000","°C","1024.000","hPa","38.4","pmil","0","59.850","deg","20.000","°C","100.000","%a.s.","26.990","deg","23.835","°C","1018.000","hPa","0.808","-0.065","0.00038","-0.00034","0","31","Humid","5.00","0","2500.00","34823.32","SADD0002000339 Box 1","ABF1.0.0.0","4.0.0.2353","PSt3","221014-001","6/4/2024 1:58:11 PM","0000-00","0","no battery","V","","µV","","µV"
"07/08/2024","16:47:39","1","default","166358087","001","39.950","min","244.237","μmol/L","Humid","24.438","deg","35941","µV","27.000","°C","1024.000","hPa","38.4","pmil","0","59.850","deg","20.000","°C","100.000","%a.s.","26.990","deg","23.835","°C","1018.000","hPa","0.808","-0.065","0.00038","-0.00034","0","31","Humid","5.00","0","2500.00","34828.45","SADD0002000339 Box 1","ABF1.0.0.0","4.0.0.2353","PSt3","221014-001","6/4/2024 1:58:11 PM","0000-00","0","no battery","V","","µV","","µV"
"07/08/2024","16:47:40","1","default","166358087","001","39.967","min","243.713","μmol/L","Humid","24.459","deg","35939","µV","27.000","°C","1024.000","hPa","38.4","pmil","0","59.850","deg","20.000","°C","100.000","%a.s.","26.990","deg","23.835","°C","1018.000","hPa","0.808","-0.065","0.00038","-0.00034","0","31","Humid","5.00","0","2500.00","34832.92","SADD0002000339 Box 1","ABF1.0.0.0","4.0.0.2353","PSt3","221014-001","6/4/2024 1:58:11 PM","0000-00","0","no battery","V","","µV","","µV"
"07/08/2024","16:47:41","1","default","166358087","001","39.983","min","243.713","μmol/L","Humid","24.459","deg","35942","µV","27.000","°C","1024.000","hPa","38.4","pmil","0","59.850","deg","20.000","°C","100.000","%a.s.","26.990","deg","23.835","°C","1018.000","hPa","0.808","-0.065","0.00038","-0.00034","0","31","Humid","5.00","0","2500.00","34827.78","SADD0002000339 Box 1","ABF1.0.0.0","4.0.0.2353","PSt3","221014-001","6/4/2024 1:58:11 PM","0000-00","0","no battery","V","","µV","","µV"
"07/08/2024","16:47:42","1","default","166358087","001","40.000","min","244.012","μmol/L","Humid","24.447","deg","35945","µV","27.000","°C","1024.000","hPa","38.4","pmil","0","59.850","deg","20.000","°C","100.000","%a.s.","26.990","deg","23.835","°C","1018.000","hPa","0.808","-0.065","0.00038","-0.00034","0","31","Humid","5.00","0","2500.00","34827.07","SADD0002000339 Box 1","ABF1.0.0.0","4.0.0.2353","PSt3","221014-001","6/4/2024 1:58:11 PM","0000-00","0","no battery","V","","µV","","µV"
"07/08/2024","16:47:43","1","default","166358087","001","40.017","min","243.738","μmol/L","Humid","24.458","deg","35948","µV","27.000","°C","1024.000","hPa","38.4","pmil","0","59.850","deg","20.000","°C","100.000","%a.s.","26.990","deg","23.835","°C","1018.000","hPa","0.808","-0.065","0.00038","-0.00034","0","31","Humid","5.00","0","2500.00","34830.33","SADD0002000339 Box 1","ABF1.0.0.0","4.0.0.2353","PSt3","221014-001","6/4/2024 1:58:11 PM","0000-00","0","no battery","V","","µV","","µV"
"07/08/2024","16:47:44","1","default","166358087","001","40.034","min","243.788","μmol/L","Humid","24.456","deg","35947","µV","27.000","°C","1024.000","hPa","38.4","pmil","0","59.850","deg","20.000","°C","100.000","%a.s.","26.990","deg","23.835","°C","1018.000","hPa","0.808","-0.065","0.00038","-0.00034","0","31","Humid","5.00","0","2500.00","34834.41","SADD0002000339 Box 1","ABF1.0.0.0","4.0.0.2353","PSt3","221014-001","6/4/2024 1:58:11 PM","0000-00","0","no battery","V","","µV","","µV"
"07/08/2024","16:47:45","1","default","166358087","001","40.050","min","243.887","μmol/L","Humid","24.452","deg","35945","µV","27.000","°C","1024.000","hPa","38.4","pmil","0","59.850","deg","20.000","°C","100.000","%a.s.","26.990","deg","23.835","°C","1018.000","hPa","0.808","-0.065","0.00038","-0.00034","0","31","Humid","5.00","0","2500.00","34827.13","SADD0002000339 Box 1","ABF1.0.0.0","4.0.0.2353","PSt3","221014-001","6/4/2024 1:58:11 PM","0000-00","0","no battery","V","","µV","","µV"
"07/08/2024","16:47:46","1","default","166358087","001","40.067","min","244.137","μmol/L","Humid","24.442","deg","35952","µV","27.000","°C","1024.000","hPa","38.4","pmil","0","59.850","deg","20.000","°C","100.000","%a.s.","26.990","deg","23.835","°C","1018.000","hPa","0.808","-0.065","0.00038","-0.00034","0","31","Humid","5.00","0","2500.00","34827.83","SADD0002000339 Box 1","ABF1.0.0.0","4.0.0.2353","PSt3","221014-001","6/4/2024 1:58:11 PM","0000-00","0","no battery","V","","µV","","µV"
"07/08/2024","16:47:47","1","default","166358087","001","40.084","min","244.112","μmol/L","Humid","24.443","deg","35946","µV","27.000","°C","1024.000","hPa","38.4","pmil","0","59.850","deg","20.000","°C","100.000","%a.s.","26.990","deg","23.835","°C","1018.000","hPa","0.808","-0.065","0.00038","-0.00034","0","31","Humid","5.00","0","2500.00","34827.39","SADD0002000339 Box 1","ABF1.0.0.0","4.0.0.2353","PSt3","221014-001","6/4/2024 1:58:11 PM","0000-00","0","no battery","V","","µV","","µV"
"07/08/2024","16:47:48","1","default","166358087","001","40.100","min","244.037","μmol/L","Humid","24.446","deg","35945","µV","27.000","°C","1024.000","hPa","38.4","pmil","0","59.850","deg","20.000","°C","100.000","%a.s.","26.990","deg","23.835","°C","1018.000","hPa","0.808","-0.065","0.00038","-0.00034","0","31","Humid","5.00","0","2500.00","34832.05","SADD0002000339 Box 1","ABF1.0.0.0","4.0.0.2353","PSt3","221014-001","6/4/2024 1:58:11 PM","0000-00","0","no battery","V","","µV","","µV"
"07/08/2024","16:47:49","1","default","166358087","001","40.117","min","244.037","μmol/L","Humid","24.446","deg","35949","µV","27.000","°C","1024.000","hPa","38.4","pmil","0","59.850","deg","20.000","°C","100.000","%a.s.","26.990","deg","23.835","°C","1018.000","hPa","0.808","-0.065","0.00038","-0.00034","0","31","Humid","5.00","0","2500.00","34832.43","SADD0002000339 Box 1","ABF1.0.0.0","4.0.0.2353","PSt3","221014-001","6/4/2024 1:58:11 PM","0000-00","0","no battery","V","","µV","","µV"
"07/08/2024","16:47:50","1","default","166358087","001","40.134","min","243.788","μmol/L","Humid","24.456","deg","35940","µV","27.000","°C","1024.000","hPa","38.4","pmil","0","59.850","deg","20.000","°C","100.000","%a.s.","26.990","deg","23.835","°C","1018.000","hPa","0.808","-0.065","0.00038","-0.00034","0","31","Humid","5.00","0","2500.00","34824.58","SADD0002000339 Box 1","ABF1.0.0.0","4.0.0.2353","PSt3","221014-001","6/4/2024 1:58:11 PM","0000-00","0","no battery","V","","µV","","µV"
"07/08/2024","16:47:51","1","default","166358087","001","40.150","min","243.987","μmol/L","Humid","24.448","deg","35945","µV","27.000","°C","1024.000","hPa","38.4","pmil","0","59.850","deg","20.000","°C","100.000","%a.s.","26.990","deg","23.835","°C","1018.000","hPa","0.808","-0.065","0.00038","-0.00034","0","31","Humid","5.00","0","2500.00","34824.20","SADD0002000339 Box 1","ABF1.0.0.0","4.0.0.2353","PSt3","221014-001","6/4/2024 1:58:11 PM","0000-00","0","no battery","V","","µV","","µV"
"07/08/2024","16:47:52","1","default","166358087","001","40.167","min","244.037","μmol/L","Humid","24.446","deg","35940","µV","27.000","°C","1024.000","hPa","38.4","pmil","0","59.850","deg","20.000","°C","100.000","%a.s.","26.990","deg","23.835","°C","1018.000","hPa","0.808","-0.065","0.00038","-0.00034","0","31","Humid","5.00","0","2500.00","34826.32","SADD0002000339 Box 1","ABF1.0.0.0","4.0.0.2353","PSt3","221014-001","6/4/2024 1:58:11 PM","0000-00","0","no battery","V","","µV","","µV"
"07/08/2024","16:47:53","1","default","166358087","001","40.183","min","244.212","μmol/L","Humid","24.439","deg","35946","µV","27.000","°C","1024.000","hPa","38.4","pmil","0","59.850","deg","20.000","°C","100.000","%a.s.","26.990","deg","23.835","°C","1018.000","hPa","0.808","-0.065","0.00038","-0.00034","0","31","Humid","5.00","0","2500.00","34826.45","SADD0002000339 Box 1","ABF1.0.0.0","4.0.0.2353","PSt3","221014-001","6/4/2024 1:58:11 PM","0000-00","0","no battery","V","","µV","","µV"
"07/08/2024","16:47:54","1","default","166358087","001","40.200","min","244.162","μmol/L","Humid","24.441","deg","35945","µV","27.000","°C","1024.000","hPa","38.4","pmil","0","59.850","deg","20.000","°C","100.000","%a.s.","26.990","deg","23.835","°C","1018.000","hPa","0.808","-0.065","0.00038","-0.00034","0","31","Humid","5.00","0","2500.00","34828.45","SADD0002000339 Box 1","ABF1.0.0.0","4.0.0.2353","PSt3","221014-001","6/4/2024 1:58:11 PM","0000-00","0","no battery","V","","µV","","µV"
"07/08/2024","16:47:55","1","default","166358087","001","40.217","min","243.688","μmol/L","Humid","24.460","deg","35948","µV","27.000","°C","1024.000","hPa","38.4","pmil","0","59.850","deg","20.000","°C","100.000","%a.s.","26.990","deg","23.835","°C","1018.000","hPa","0.808","-0.065","0.00038","-0.00034","0","31","Humid","5.00","0","2500.00","34827.58","SADD0002000339 Box 1","ABF1.0.0.0","4.0.0.2353","PSt3","221014-001","6/4/2024 1:58:11 PM","0000-00","0","no battery","V","","µV","","µV"
"07/08/2024","16:47:56","1","default","166358087","001","40.233","min","244.237","μmol/L","Humid","24.438","deg","35947","µV","27.000","°C","1024.000","hPa","38.4","pmil","0","59.850","deg","20.000","°C","100.000","%a.s.","26.990","deg","23.835","°C","1018.000","hPa","0.808","-0.065","0.00038","-0.00034","0","31","Humid","5.00","0","2500.00","34831.10","SADD0002000339 Box 1","ABF1.0.0.0","4.0.0.2353","PSt3","221014-001","6/4/2024 1:58:11 PM","0000-00","0","no battery","V","","µV","","µV"
"07/08/2024","16:47:57","1","default","166358087","001","40.250","min","244.162","μmol/L","Humid","24.441","deg","35954","µV","27.000","°C","1024.000","hPa","38.4","pmil","0","59.850","deg","20.000","°C","100.000","%a.s.","26.990","deg","23.835","°C","1018.000","hPa","0.808","-0.065","0.00038","-0.00034","0","31","Humid","5.00","0","2500.00","34827.87","SADD0002000339 Box 1","ABF1.0.0.0","4.0.0.2353","PSt3","221014-001","6/4/2024 1:58:11 PM","0000-00","0","no battery","V","","µV","","µV"
"07/08/2024","16:47:58","1","default","166358087","001","40.267","min","244.137","μmol/L","Humid","24.442","deg","35953","µV","27.000","°C","1024.000","hPa","38.4","pmil","0","59.850","deg","20.000","°C","100.000","%a.s.","26.990","deg","23.835","°C","1018.000","hPa","0.808","-0.065","0.00038","-0.00034","0","31","Humid","5.00","0","2500.00","34829.03","SADD0002000339 Box 1","ABF1.0.0.0","4.0.0.2353","PSt3","221014-001","6/4/2024 1:58:11 PM","0000-00","0","no battery","V","","µV","","µV"
"07/08/2024","16:47:59","1","default","166358087","001","40.283","min","244.112","μmol/L","Humid","24.443","deg","35956","µV","27.000","°C","1024.000","hPa","38.4","pmil","0","59.850","deg","20.000","°C","100.000","%a.s.","26.990","deg","23.835","°C","1018.000","hPa","0.808","-0.065","0.00038","-0.00034","0","31","Humid","5.00","0","2500.00","34830.43","SADD0002000339 Box 1","ABF1.0.0.0","4.0.0.2353","PSt3","221014-001","6/4/2024 1:58:11 PM","0000-00","0","no battery","V","","µV","","µV"
"07/08/2024","16:48:00","1","default","166358087","001","40.300","min","244.237","μmol/L","Humid","24.438","deg","35948","µV","27.000","°C","1024.000","hPa","38.4","pmil","0","59.850","deg","20.000","°C","100.000","%a.s.","26.990","deg","23.835","°C","1018.000","hPa","0.808","-0.065","0.00038","-0.00034","0","31","Humid","5.00","0","2500.00","34827.77","SADD0002000339 Box 1","ABF1.0.0.0","4.0.0.2353","PSt3","221014-001","6/4/2024 1:58:11 PM","0000-00","0","no battery","V","","µV","","µV"
"07/08/2024","16:48:01","1","default","166358087","001","40.317","min","244.012","μmol/L","Humid","24.447","deg","35952","µV","27.000","°C","1024.000","hPa","38.4","pmil","0","59.850","deg","20.000","°C","100.000","%a.s.","26.990","deg","23.835","°C","1018.000","hPa","0.808","-0.065","0.00038","-0.00034","0","31","Humid","5.00","0","2500.00","34832.24","SADD0002000339 Box 1","ABF1.0.0.0","4.0.0.2353","PSt3","221014-001","6/4/2024 1:58:11 PM","0000-00","0","no battery","V","","µV","","µV"
"07/08/2024","16:48:02","1","default","166358087","001","40.333","min","244.087","μmol/L","Humid","24.444","deg","35954","µV","27.000","°C","1024.000","hPa","38.4","pmil","0","59.850","deg","20.000","°C","100.000","%a.s.","26.990","deg","23.835","°C","1018.000","hPa","0.808","-0.065","0.00038","-0.00034","0","31","Humid","5.00","0","2500.00","34822.15","SADD0002000339 Box 1","ABF1.0.0.0","4.0.0.2353","PSt3","221014-001","6/4/2024 1:58:11 PM","0000-00","0","no battery","V","","µV","","µV"
"07/08/2024","16:48:03","1","default","166358087","001","40.350","min","244.037","μmol/L","Humid","24.446","deg","35953","µV","27.000","°C","1024.000","hPa","38.4","pmil","0","59.850","deg","20.000","°C","100.000","%a.s.","26.990","deg","23.835","°C","1018.000","hPa","0.808","-0.065","0.00038","-0.00034","0","31","Humid","5.00","0","2500.00","34823.88","SADD0002000339 Box 1","ABF1.0.0.0","4.0.0.2353","PSt3","221014-001","6/4/2024 1:58:11 PM","0000-00","0","no battery","V","","µV","","µV"
"07/08/2024","16:48:04","1","default","166358087","001","40.367","min","243.788","μmol/L","Humid","24.456","deg","35949","µV","27.000","°C","1024.000","hPa","38.4","pmil","0","59.850","deg","20.000","°C","100.000","%a.s.","26.990","deg","23.835","°C","1018.000","hPa","0.808","-0.065","0.00038","-0.00034","0","31","Humid","5.00","0","2500.00","34830.60","SADD0002000339 Box 1","ABF1.0.0.0","4.0.0.2353","PSt3","221014-001","6/4/2024 1:58:11 PM","0000-00","0","no battery","V","","µV","","µV"
"07/08/2024","16:48:05","1","default","166358087","001","40.383","min","243.788","μmol/L","Humid","24.456","deg","35960","µV","27.000","°C","1024.000","hPa","38.4","pmil","0","59.850","deg","20.000","°C","100.000","%a.s.","26.990","deg","23.835","°C","1018.000","hPa","0.808","-0.065","0.00038","-0.00034","0","31","Humid","5.00","0","2500.00","34826.11","SADD0002000339 Box 1","ABF1.0.0.0","4.0.0.2353","PSt3","221014-001","6/4/2024 1:58:11 PM","0000-00","0","no battery","V","","µV","","µV"
"07/08/2024","16:48:06","1","default","166358087","001","40.400","min","243.912","μmol/L","Humid","24.451","deg","35958","µV","27.000","°C","1024.000","hPa","38.4","pmil","0","59.850","deg","20.000","°C","100.000","%a.s.","26.990","deg","23.835","°C","1018.000","hPa","0.808","-0.065","0.00038","-0.00034","0","31","Humid","5.00","0","2500.00","34828.31","SADD0002000339 Box 1","ABF1.0.0.0","4.0.0.2353","PSt3","221014-001","6/4/2024 1:58:11 PM","0000-00","0","no battery","V","","µV","","µV"
"07/08/2024","16:48:07","1","default","166358087","001","40.417","min","244.237","μmol/L","Humid","24.438","deg","35956","µV","27.000","°C","1024.000","hPa","38.4","pmil","0","59.850","deg","20.000","°C","100.000","%a.s.","26.990","deg","23.835","°C","1018.000","hPa","0.808","-0.065","0.00038","-0.00034","0","31","Humid","5.00","0","2500.00","34826.89","SADD0002000339 Box 1","ABF1.0.0.0","4.0.0.2353","PSt3","221014-001","6/4/2024 1:58:11 PM","0000-00","0","no battery","V","","µV","","µV"
"07/08/2024","16:48:08","1","default","166358087","001","40.433","min","243.887","μmol/L","Humid","24.452","deg","35958","µV","27.000","°C","1024.000","hPa","38.4","pmil","0","59.850","deg","20.000","°C","100.000","%a.s.","26.990","deg","23.835","°C","1018.000","hPa","0.808","-0.065","0.00038","-0.00034","0","31","Humid","5.00","0","2500.00","34831.50","SADD0002000339 Box 1","ABF1.0.0.0","4.0.0.2353","PSt3","221014-001","6/4/2024 1:58:11 PM","0000-00","0","no battery","V","","µV","","µV"
"07/08/2024","16:48:09","1","default","166358087","001","40.450","min","243.962","μmol/L","Humid","24.449","deg","35961","µV","27.000","°C","1024.000","hPa","38.4","pmil","0","59.850","deg","20.000","°C","100.000","%a.s.","26.990","deg","23.835","°C","1018.000","hPa","0.808","-0.065","0.00038","-0.00034","0","31","Humid","5.00","0","2500.00","34825.39","SADD0002000339 Box 1","ABF1.0.0.0","4.0.0.2353","PSt3","221014-001","6/4/2024 1:58:11 PM","0000-00","0","no battery","V","","µV","","µV"
"07/08/2024","16:48:10","1","default","166358087","001","40.467","min","244.012","μmol/L","Humid","24.447","deg","35955","µV","27.000","°C","1024.000","hPa","38.4","pmil","0","59.850","deg","20.000","°C","100.000","%a.s.","26.990","deg","23.835","°C","1018.000","hPa","0.808","-0.065","0.00038","-0.00034","0","31","Humid","5.00","0","2500.00","34828.14","SADD0002000339 Box 1","ABF1.0.0.0","4.0.0.2353","PSt3","221014-001","6/4/2024 1:58:11 PM","0000-00","0","no battery","V","","µV","","µV"
"07/08/2024","16:48:11","1","default","166358087","001","40.483","min","244.112","μmol/L","Humid","24.443","deg","35953","µV","27.000","°C","1024.000","hPa","38.4","pmil","0","59.850","deg","20.000","°C","100.000","%a.s.","26.990","deg","23.835","°C","1018.000","hPa","0.808","-0.065","0.00038","-0.00034","0","31","Humid","5.00","0","2500.00","34830.23","SADD0002000339 Box 1","ABF1.0.0.0","4.0.0.2353","PSt3","221014-001","6/4/2024 1:58:11 PM","0000-00","0","no battery","V","","µV","","µV"
"07/08/2024","16:48:12","1","default","166358087","001","40.500","min","244.037","μmol/L","Humid","24.446","deg","35955","µV","27.000","°C","1024.000","hPa","38.4","pmil","0","59.850","deg","20.000","°C","100.000","%a.s.","26.990","deg","23.835","°C","1018.000","hPa","0.808","-0.065","0.00038","-0.00034","0","31","Humid","5.00","0","2500.00","34828.00","SADD0002000339 Box 1","ABF1.0.0.0","4.0.0.2353","PSt3","221014-001","6/4/2024 1:58:11 PM","0000-00","0","no battery","V","","µV","","µV"
"07/08/2024","16:48:13","1","default","166358087","001","40.516","min","243.713","μmol/L","Humid","24.459","deg","35965","µV","27.000","°C","1024.000","hPa","38.4","pmil","0","59.850","deg","20.000","°C","100.000","%a.s.","26.990","deg","23.835","°C","1018.000","hPa","0.808","-0.065","0.00038","-0.00034","0","31","Humid","5.00","0","2500.00","34827.23","SADD0002000339 Box 1","ABF1.0.0.0","4.0.0.2353","PSt3","221014-001","6/4/2024 1:58:11 PM","0000-00","0","no battery","V","","µV","","µV"
"07/08/2024","16:48:14","1","default","166358087","001","40.533","min","243.713","μmol/L","Humid","24.459","deg","35956","µV","27.000","°C","1024.000","hPa","38.4","pmil","0","59.850","deg","20.000","°C","100.000","%a.s.","26.990","deg","23.835","°C","1018.000","hPa","0.808","-0.065","0.00038","-0.00034","0","31","Humid","5.00","0","2500.00","34832.38","SADD0002000339 Box 1","ABF1.0.0.0","4.0.0.2353","PSt3","221014-001","6/4/2024 1:58:11 PM","0000-00","0","no battery","V","","µV","","µV"
"07/08/2024","16:48:15","1","default","166358087","001","40.550","min","244.037","μmol/L","Humid","24.446","deg","35963","µV","27.000","°C","1024.000","hPa","38.4","pmil","0","59.850","deg","20.000","°C","100.000","%a.s.","26.990","deg","23.835","°C","1018.000","hPa","0.808","-0.065","0.00038","-0.00034","0","31","Humid","5.00","0","2500.00","34824.55","SADD0002000339 Box 1","ABF1.0.0.0","4.0.0.2353","PSt3","221014-001","6/4/2024 1:58:11 PM","0000-00","0","no battery","V","","µV","","µV"
"07/08/2024","16:48:16","1","default","166358087","001","40.566","min","243.962","μmol/L","Humid","24.449","deg","35956","µV","27.000","°C","1024.000","hPa","38.4","pmil","0","59.850","deg","20.000","°C","100.000","%a.s.","26.990","deg","23.835","°C","1018.000","hPa","0.808","-0.065","0.00038","-0.00034","0","31","Humid","5.00","0","2500.00","34828.55","SADD0002000339 Box 1","ABF1.0.0.0","4.0.0.2353","PSt3","221014-001","6/4/2024 1:58:11 PM","0000-00","0","no battery","V","","µV","","µV"
"07/08/2024","16:48:17","1","default","166358087","001","40.583","min","243.688","μmol/L","Humid","24.460","deg","35962","µV","27.000","°C","1024.000","hPa","38.4","pmil","0","59.850","deg","20.000","°C","100.000","%a.s.","26.990","deg","23.835","°C","1018.000","hPa","0.808","-0.065","0.00038","-0.00034","0","31","Humid","5.00","0","2500.00","34829.35","SADD0002000339 Box 1","ABF1.0.0.0","4.0.0.2353","PSt3","221014-001","6/4/2024 1:58:11 PM","0000-00","0","no battery","V","","µV","","µV"
"07/08/2024","16:48:18","1","default","166358087","001","40.600","min","243.763","μmol/L","Humid","24.457","deg","35966","µV","27.000","°C","1024.000","hPa","38.4","pmil","0","59.850","deg","20.000","°C","100.000","%a.s.","26.990","deg","23.835","°C","1018.000","hPa","0.808","-0.065","0.00038","-0.00034","0","31","Humid","5.00","0","2500.00","34831.30","SADD0002000339 Box 1","ABF1.0.0.0","4.0.0.2353","PSt3","221014-001","6/4/2024 1:58:11 PM","0000-00","0","no battery","V","","µV","","µV"
"07/08/2024","16:48:19","1","default","166358087","001","40.616","min","243.738","μmol/L","Humid","24.458","deg","35957","µV","27.000","°C","1024.000","hPa","38.4","pmil","0","59.850","deg","20.000","°C","100.000","%a.s.","26.990","deg","23.835","°C","1018.000","hPa","0.808","-0.065","0.00038","-0.00034","0","31","Humid","5.00","0","2500.00","34833.64","SADD0002000339 Box 1","ABF1.0.0.0","4.0.0.2353","PSt3","221014-001","6/4/2024 1:58:11 PM","0000-00","0","no battery","V","","µV","","µV"
"07/08/2024","16:48:20","1","default","166358087","001","40.633","min","243.738","μmol/L","Humid","24.458","deg","35956","µV","27.000","°C","1024.000","hPa","38.4","pmil","0","59.850","deg","20.000","°C","100.000","%a.s.","26.990","deg","23.835","°C","1018.000","hPa","0.808","-0.065","0.00038","-0.00034","0","31","Humid","5.00","0","2500.00","34824.93","SADD0002000339 Box 1","ABF1.0.0.0","4.0.0.2353","PSt3","221014-001","6/4/2024 1:58:11 PM","0000-00","0","no battery","V","","µV","","µV"
"07/08/2024","16:48:21","1","default","166358087","001","40.650","min","243.912","μmol/L","Humid","24.451","deg","35956","µV","27.000","°C","1024.000","hPa","38.4","pmil","0","59.850","deg","20.000","°C","100.000","%a.s.","26.990","deg","23.835","°C","1018.000","hPa","0.808","-0.065","0.00038","-0.00034","0","31","Humid","5.00","0","2500.00","34823.73","SADD0002000339 Box 1","ABF1.0.0.0","4.0.0.2353","PSt3","221014-001","6/4/2024 1:58:11 PM","0000-00","0","no battery","V","","µV","","µV"
"07/08/2024","16:48:22","1","default","166358087","001","40.666","min","243.838","μmol/L","Humid","24.454","deg","35967","µV","27.000","°C","1024.000","hPa","38.4","pmil","0","59.850","deg","20.000","°C","100.000","%a.s.","26.990","deg","23.835","°C","1018.000","hPa","0.808","-0.065","0.00038","-0.00034","0","31","Humid","5.00","0","2500.00","34825.51","SADD0002000339 Box 1","ABF1.0.0.0","4.0.0.2353","PSt3","221014-001","6/4/2024 1:58:11 PM","0000-00","0","no battery","V","","µV","","µV"
"07/08/2024","16:48:23","1","default","166358087","001","40.683","min","243.862","μmol/L","Humid","24.453","deg","35962","µV","27.000","°C","1024.000","hPa","38.4","pmil","0","59.850","deg","20.000","°C","100.000","%a.s.","26.990","deg","23.835","°C","1018.000","hPa","0.808","-0.065","0.00038","-0.00034","0","31","Humid","5.00","0","2500.00","34827.19","SADD0002000339 Box 1","ABF1.0.0.0","4.0.0.2353","PSt3","221014-001","6/4/2024 1:58:11 PM","0000-00","0","no battery","V","","µV","","µV"
"07/08/2024","16:48:24","1","default","166358087","001","40.700","min","243.788","μmol/L","Humid","24.456","deg","35958","µV","27.000","°C","1024.000","hPa","38.4","pmil","0","59.850","deg","20.000","°C","100.000","%a.s.","26.990","deg","23.835","°C","1018.000","hPa","0.808","-0.065","0.00038","-0.00034","0","31","Humid","5.00","0","2500.00","34827.52","SADD0002000339 Box 1","ABF1.0.0.0","4.0.0.2353","PSt3","221014-001","6/4/2024 1:58:11 PM","0000-00","0","no battery","V","","µV","","µV"
"07/08/2024","16:48:25","1","default","166358087","001","40.717","min","243.937","μmol/L","Humid","24.450","deg","35961","µV","27.000","°C","1024.000","hPa","38.4","pmil","0","59.850","deg","20.000","°C","100.000","%a.s.","26.990","deg","23.835","°C","1018.000","hPa","0.808","-0.065","0.00038","-0.00034","0","31","Humid","5.00","0","2500.00","34827.67","SADD0002000339 Box 1","ABF1.0.0.0","4.0.0.2353","PSt3","221014-001","6/4/2024 1:58:11 PM","0000-00","0","no battery","V","","µV","","µV"
"07/08/2024","16:48:26","1","default","166358087","001","40.733","min","243.813","μmol/L","Humid","24.455","deg","35962","µV","27.000","°C","1024.000","hPa","38.4","pmil","0","59.850","deg","20.000","°C","100.000","%a.s.","26.990","deg","23.835","°C","1018.000","hPa","0.808","-0.065","0.00038","-0.00034","0","31","Humid","5.00","0","2500.00","34831.74","SADD0002000339 Box 1","ABF1.0.0.0","4.0.0.2353","PSt3","221014-001","6/4/2024 1:58:11 PM","0000-00","0","no battery","V","","µV","","µV"
"07/08/2024","16:48:27","1","default","166358087","001","40.750","min","243.688","μmol/L","Humid","24.460","deg","35956","µV","27.000","°C","1024.000","hPa","38.4","pmil","0","59.850","deg","20.000","°C","100.000","%a.s.","26.990","deg","23.835","°C","1018.000","hPa","0.808","-0.065","0.00038","-0.00034","0","31","Humid","5.00","0","2500.00","34826.93","SADD0002000339 Box 1","ABF1.0.0.0","4.0.0.2353","PSt3","221014-001","6/4/2024 1:58:11 PM","0000-00","0","no battery","V","","µV","","µV"
"07/08/2024","16:48:28","1","default","166358087","001","40.767","min","244.062","μmol/L","Humid","24.445","deg","35958","µV","27.000","°C","1024.000","hPa","38.4","pmil","0","59.850","deg","20.000","°C","100.000","%a.s.","26.990","deg","23.835","°C","1018.000","hPa","0.808","-0.065","0.00038","-0.00034","0","31","Humid","5.00","0","2500.00","34829.37","SADD0002000339 Box 1","ABF1.0.0.0","4.0.0.2353","PSt3","221014-001","6/4/2024 1:58:11 PM","0000-00","0","no battery","V","","µV","","µV"
"07/08/2024","16:48:29","1","default","166358087","001","40.783","min","243.489","μmol/L","Humid","24.468","deg","35963","µV","27.000","°C","1024.000","hPa","38.4","pmil","0","59.850","deg","20.000","°C","100.000","%a.s.","26.990","deg","23.835","°C","1018.000","hPa","0.808","-0.065","0.00038","-0.00034","0","31","Humid","5.00","0","2500.00","34823.51","SADD0002000339 Box 1","ABF1.0.0.0","4.0.0.2353","PSt3","221014-001","6/4/2024 1:58:11 PM","0000-00","0","no battery","V","","µV","","µV"
"07/08/2024","16:48:30","1","default","166358087","001","40.800","min","243.539","μmol/L","Humid","24.466","deg","35962","µV","27.000","°C","1024.000","hPa","38.4","pmil","0","59.850","deg","20.000","°C","100.000","%a.s.","26.990","deg","23.835","°C","1018.000","hPa","0.808","-0.065","0.00038","-0.00034","0","31","Humid","5.00","0","2500.00","34822.74","SADD0002000339 Box 1","ABF1.0.0.0","4.0.0.2353","PSt3","221014-001","6/4/2024 1:58:11 PM","0000-00","0","no battery","V","","µV","","µV"
"07/08/2024","16:48:31","1","default","166358087","001","40.816","min","243.987","μmol/L","Humid","24.448","deg","35965","µV","27.000","°C","1024.000","hPa","38.4","pmil","0","59.850","deg","20.000","°C","100.000","%a.s.","26.990","deg","23.835","°C","1018.000","hPa","0.808","-0.065","0.00038","-0.00034","0","31","Humid","5.00","0","2500.00","34828.88","SADD0002000339 Box 1","ABF1.0.0.0","4.0.0.2353","PSt3","221014-001","6/4/2024 1:58:11 PM","0000-00","0","no battery","V","","µV","","µV"
"07/08/2024","16:48:32","1","default","166358087","001","40.833","min","243.887","μmol/L","Humid","24.452","deg","35965","µV","27.000","°C","1024.000","hPa","38.4","pmil","0","59.850","deg","20.000","°C","100.000","%a.s.","26.990","deg","23.835","°C","1018.000","hPa","0.808","-0.065","0.00038","-0.00034","0","31","Humid","5.00","0","2500.00","34829.27","SADD0002000339 Box 1","ABF1.0.0.0","4.0.0.2353","PSt3","221014-001","6/4/2024 1:58:11 PM","0000-00","0","no battery","V","","µV","","µV"
"07/08/2024","16:48:33","1","default","166358087","001","40.850","min","243.414","μmol/L","Humid","24.471","deg","35966","µV","27.000","°C","1024.000","hPa","38.4","pmil","0","59.850","deg","20.000","°C","100.000","%a.s.","26.990","deg","23.835","°C","1018.000","hPa","0.808","-0.065","0.00038","-0.00034","0","31","Humid","5.00","0","2500.00","34823.33","SADD0002000339 Box 1","ABF1.0.0.0","4.0.0.2353","PSt3","221014-001","6/4/2024 1:58:11 PM","0000-00","0","no battery","V","","µV","","µV"
"07/08/2024","16:48:34","1","default","166358087","001","40.867","min","243.738","μmol/L","Humid","24.458","deg","35964","µV","27.000","°C","1024.000","hPa","38.4","pmil","0","59.850","deg","20.000","°C","100.000","%a.s.","26.990","deg","23.835","°C","1018.000","hPa","0.808","-0.065","0.00038","-0.00034","0","31","Humid","5.00","0","2500.00","34824.52","SADD0002000339 Box 1","ABF1.0.0.0","4.0.0.2353","PSt3","221014-001","6/4/2024 1:58:11 PM","0000-00","0","no battery","V","","µV","","µV"
"07/08/2024","16:48:35","1","default","166358087","001","40.883","min","243.813","μmol/L","Humid","24.455","deg","35970","µV","27.000","°C","1024.000","hPa","38.4","pmil","0","59.850","deg","20.000","°C","100.000","%a.s.","26.990","deg","23.835","°C","1018.000","hPa","0.808","-0.065","0.00038","-0.00034","0","31","Humid","5.00","0","2500.00","34831.26","SADD0002000339 Box 1","ABF1.0.0.0","4.0.0.2353","PSt3","221014-001","6/4/2024 1:58:11 PM","0000-00","0","no battery","V","","µV","","µV"
"07/08/2024","16:48:36","1","default","166358087","001","40.900","min","243.788","μmol/L","Humid","24.456","deg","35967","µV","27.000","°C","1024.000","hPa","38.4","pmil","0","59.850","deg","20.000","°C","100.000","%a.s.","26.990","deg","23.835","°C","1018.000","hPa","0.808","-0.065","0.00038","-0.00034","0","31","Humid","5.00","0","2500.00","34827.29","SADD0002000339 Box 1","ABF1.0.0.0","4.0.0.2353","PSt3","221014-001","6/4/2024 1:58:11 PM","0000-00","0","no battery","V","","µV","","µV"
"07/08/2024","16:48:37","1","default","166358087","001","40.917","min","243.539","μmol/L","Humid","24.466","deg","35968","µV","27.000","°C","1024.000","hPa","38.4","pmil","0","59.850","deg","20.000","°C","100.000","%a.s.","26.990","deg","23.835","°C","1018.000","hPa","0.808","-0.065","0.00038","-0.00034","0","31","Humid","5.00","0","2500.00","34824.63","SADD0002000339 Box 1","ABF1.0.0.0","4.0.0.2353","PSt3","221014-001","6/4/2024 1:58:11 PM","0000-00","0","no battery","V","","µV","","µV"
"07/08/2024","16:48:38","1","default","166358087","001","40.933","min","243.838","μmol/L","Humid","24.454","deg","35978","µV","27.000","°C","1024.000","hPa","38.4","pmil","0","59.850","deg","20.000","°C","100.000","%a.s.","26.990","deg","23.835","°C","1018.000","hPa","0.808","-0.065","0.00038","-0.00034","0","31","Humid","5.00","0","2500.00","34829.25","SADD0002000339 Box 1","ABF1.0.0.0","4.0.0.2353","PSt3","221014-001","6/4/2024 1:58:11 PM","0000-00","0","no battery","V","","µV","","µV"
"07/08/2024","16:48:39","1","default","166358087","001","40.950","min","243.912","μmol/L","Humid","24.451","deg","35969","µV","27.000","°C","1024.000","hPa","38.4","pmil","0","59.850","deg","20.000","°C","100.000","%a.s.","26.990","deg","23.835","°C","1018.000","hPa","0.808","-0.065","0.00038","-0.00034","0","31","Humid","5.00","0","2500.00","34829.46","SADD0002000339 Box 1","ABF1.0.0.0","4.0.0.2353","PSt3","221014-001","6/4/2024 1:58:11 PM","0000-00","0","no battery","V","","µV","","µV"
"07/08/2024","16:48:40","1","default","166358087","001","40.967","min","243.763","μmol/L","Humid","24.457","deg","35968","µV","27.000","°C","1024.000","hPa","38.4","pmil","0","59.850","deg","20.000","°C","100.000","%a.s.","26.990","deg","23.835","°C","1018.000","hPa","0.808","-0.065","0.00038","-0.00034","0","31","Humid","5.00","0","2500.00","34826.33","SADD0002000339 Box 1","ABF1.0.0.0","4.0.0.2353","PSt3","221014-001","6/4/2024 1:58:11 PM","0000-00","0","no battery","V","","µV","","µV"
"07/08/2024","16:48:41","1","default","166358087","001","40.983","min","243.862","μmol/L","Humid","24.453","deg","35970","µV","27.000","°C","1024.000","hPa","38.4","pmil","0","59.850","deg","20.000","°C","100.000","%a.s.","26.990","deg","23.835","°C","1018.000","hPa","0.808","-0.065","0.00038","-0.00034","0","31","Humid","5.00","0","2500.00","34824.06","SADD0002000339 Box 1","ABF1.0.0.0","4.0.0.2353","PSt3","221014-001","6/4/2024 1:58:11 PM","0000-00","0","no battery","V","","µV","","µV"
"07/08/2024","16:48:42","1","default","166358087","001","41.000","min","243.613","μmol/L","Humid","24.463","deg","35978","µV","27.000","°C","1024.000","hPa","38.4","pmil","0","59.850","deg","20.000","°C","100.000","%a.s.","26.990","deg","23.835","°C","1018.000","hPa","0.808","-0.065","0.00038","-0.00034","0","31","Humid","5.00","0","2500.00","34829.03","SADD0002000339 Box 1","ABF1.0.0.0","4.0.0.2353","PSt3","221014-001","6/4/2024 1:58:11 PM","0000-00","0","no battery","V","","µV","","µV"
"07/08/2024","16:48:43","1","default","166358087","001","41.016","min","243.713","μmol/L","Humid","24.459","deg","35969","µV","27.000","°C","1024.000","hPa","38.4","pmil","0","59.850","deg","20.000","°C","100.000","%a.s.","26.990","deg","23.835","°C","1018.000","hPa","0.808","-0.065","0.00038","-0.00034","0","31","Humid","5.00","0","2500.00","34833.19","SADD0002000339 Box 1","ABF1.0.0.0","4.0.0.2353","PSt3","221014-001","6/4/2024 1:58:11 PM","0000-00","0","no battery","V","","µV","","µV"
"07/08/2024","16:48:44","1","default","166358087","001","41.033","min","243.887","μmol/L","Humid","24.452","deg","35973","µV","27.000","°C","1024.000","hPa","38.4","pmil","0","59.850","deg","20.000","°C","100.000","%a.s.","26.990","deg","23.835","°C","1018.000","hPa","0.808","-0.065","0.00038","-0.00034","0","31","Humid","5.00","0","2500.00","34824.70","SADD0002000339 Box 1","ABF1.0.0.0","4.0.0.2353","PSt3","221014-001","6/4/2024 1:58:11 PM","0000-00","0","no battery","V","","µV","","µV"
"07/08/2024","16:48:45","1","default","166358087","001","41.050","min","243.613","μmol/L","Humid","24.463","deg","35971","µV","27.000","°C","1024.000","hPa","38.4","pmil","0","59.850","deg","20.000","°C","100.000","%a.s.","26.990","deg","23.835","°C","1018.000","hPa","0.808","-0.065","0.00038","-0.00034","0","31","Humid","5.00","0","2500.00","34827.43","SADD0002000339 Box 1","ABF1.0.0.0","4.0.0.2353","PSt3","221014-001","6/4/2024 1:58:11 PM","0000-00","0","no battery","V","","µV","","µV"
"07/08/2024","16:48:46","1","default","166358087","001","41.067","min","243.365","μmol/L","Humid","24.473","deg","35974","µV","27.000","°C","1024.000","hPa","38.4","pmil","0","59.850","deg","20.000","°C","100.000","%a.s.","26.990","deg","23.835","°C","1018.000","hPa","0.808","-0.065","0.00038","-0.00034","0","31","Humid","5.00","0","2500.00","34827.70","SADD0002000339 Box 1","ABF1.0.0.0","4.0.0.2353","PSt3","221014-001","6/4/2024 1:58:11 PM","0000-00","0","no battery","V","","µV","","µV"
"07/08/2024","16:48:47","1","default","166358087","001","41.083","min","243.514","μmol/L","Humid","24.467","deg","35975","µV","27.000","°C","1024.000","hPa","38.4","pmil","0","59.850","deg","20.000","°C","100.000","%a.s.","26.990","deg","23.835","°C","1018.000","hPa","0.808","-0.065","0.00038","-0.00034","0","31","Humid","5.00","0","2500.00","34823.42","SADD0002000339 Box 1","ABF1.0.0.0","4.0.0.2353","PSt3","221014-001","6/4/2024 1:58:11 PM","0000-00","0","no battery","V","","µV","","µV"
"07/08/2024","16:48:48","1","default","166358087","001","41.100","min","243.588","μmol/L","Humid","24.464","deg","35975","µV","27.000","°C","1024.000","hPa","38.4","pmil","0","59.850","deg","20.000","°C","100.000","%a.s.","26.990","deg","23.835","°C","1018.000","hPa","0.808","-0.065","0.00038","-0.00034","0","31","Humid","5.00","0","2500.00","34826.15","SADD0002000339 Box 1","ABF1.0.0.0","4.0.0.2353","PSt3","221014-001","6/4/2024 1:58:11 PM","0000-00","0","no battery","V","","µV","","µV"
"07/08/2024","16:48:49","1","default","166358087","001","41.117","min","243.713","μmol/L","Humid","24.459","deg","35976","µV","27.000","°C","1024.000","hPa","38.4","pmil","0","59.850","deg","20.000","°C","100.000","%a.s.","26.990","deg","23.835","°C","1018.000","hPa","0.808","-0.065","0.00038","-0.00034","0","31","Humid","5.00","0","2500.00","34821.15","SADD0002000339 Box 1","ABF1.0.0.0","4.0.0.2353","PSt3","221014-001","6/4/2024 1:58:11 PM","0000-00","0","no battery","V","","µV","","µV"
"07/08/2024","16:48:50","1","default","166358087","001","41.133","min","243.613","μmol/L","Humid","24.463","deg","35976","µV","27.000","°C","1024.000","hPa","38.4","pmil","0","59.850","deg","20.000","°C","100.000","%a.s.","26.990","deg","23.835","°C","1018.000","hPa","0.808","-0.065","0.00038","-0.00034","0","31","Humid","5.00","0","2500.00","34826.51","SADD0002000339 Box 1","ABF1.0.0.0","4.0.0.2353","PSt3","221014-001","6/4/2024 1:58:11 PM","0000-00","0","no battery","V","","µV","","µV"
"07/08/2024","16:48:51","1","default","166358087","001","41.150","min","243.763","μmol/L","Humid","24.457","deg","35971","µV","27.000","°C","1024.000","hPa","38.4","pmil","0","59.850","deg","20.000","°C","100.000","%a.s.","26.990","deg","23.835","°C","1018.000","hPa","0.808","-0.065","0.00038","-0.00034","0","31","Humid","5.00","0","2500.00","34828.65","SADD0002000339 Box 1","ABF1.0.0.0","4.0.0.2353","PSt3","221014-001","6/4/2024 1:58:11 PM","0000-00","0","no battery","V","","µV","","µV"
"07/08/2024","16:48:52","1","default","166358087","001","41.166","min","243.464","μmol/L","Humid","24.469","deg","35974","µV","27.000","°C","1024.000","hPa","38.4","pmil","0","59.850","deg","20.000","°C","100.000","%a.s.","26.990","deg","23.835","°C","1018.000","hPa","0.808","-0.065","0.00038","-0.00034","0","31","Humid","5.00","0","2500.00","34830.05","SADD0002000339 Box 1","ABF1.0.0.0","4.0.0.2353","PSt3","221014-001","6/4/2024 1:58:11 PM","0000-00","0","no battery","V","","µV","","µV"
"07/08/2024","16:48:53","1","default","166358087","001","41.183","min","243.638","μmol/L","Humid","24.462","deg","35980","µV","27.000","°C","1024.000","hPa","38.4","pmil","0","59.850","deg","20.000","°C","100.000","%a.s.","26.990","deg","23.835","°C","1018.000","hPa","0.808","-0.065","0.00038","-0.00034","0","31","Humid","5.00","0","2500.00","34824.15","SADD0002000339 Box 1","ABF1.0.0.0","4.0.0.2353","PSt3","221014-001","6/4/2024 1:58:11 PM","0000-00","0","no battery","V","","µV","","µV"
"07/08/2024","16:48:54","1","default","166358087","001","41.200","min","243.813","μmol/L","Humid","24.455","deg","35979","µV","27.000","°C","1024.000","hPa","38.4","pmil","0","59.850","deg","20.000","°C","100.000","%a.s.","26.990","deg","23.835","°C","1018.000","hPa","0.808","-0.065","0.00038","-0.00034","0","31","Humid","5.00","0","2500.00","34825.22","SADD0002000339 Box 1","ABF1.0.0.0","4.0.0.2353","PSt3","221014-001","6/4/2024 1:58:11 PM","0000-00","0","no battery","V","","µV","","µV"
"07/08/2024","16:48:55","1","default","166358087","001","41.216","min","243.588","μmol/L","Humid","24.464","deg","35975","µV","27.000","°C","1024.000","hPa","38.4","pmil","0","59.850","deg","20.000","°C","100.000","%a.s.","26.990","deg","23.835","°C","1018.000","hPa","0.808","-0.065","0.00038","-0.00034","0","31","Humid","5.00","0","2500.00","34827.49","SADD0002000339 Box 1","ABF1.0.0.0","4.0.0.2353","PSt3","221014-001","6/4/2024 1:58:11 PM","0000-00","0","no battery","V","","µV","","µV"
"07/08/2024","16:48:56","1","default","166358087","001","41.233","min","243.688","μmol/L","Humid","24.460","deg","35973","µV","27.000","°C","1024.000","hPa","38.4","pmil","0","59.850","deg","20.000","°C","100.000","%a.s.","26.990","deg","23.835","°C","1018.000","hPa","0.808","-0.065","0.00038","-0.00034","0","31","Humid","5.00","0","2500.00","34824.57","SADD0002000339 Box 1","ABF1.0.0.0","4.0.0.2353","PSt3","221014-001","6/4/2024 1:58:11 PM","0000-00","0","no battery","V","","µV","","µV"
"07/08/2024","16:48:57","1","default","166358087","001","41.250","min","243.564","μmol/L","Humid","24.465","deg","35981","µV","27.000","°C","1024.000","hPa","38.4","pmil","0","59.850","deg","20.000","°C","100.000","%a.s.","26.990","deg","23.835","°C","1018.000","hPa","0.808","-0.065","0.00038","-0.00034","0","31","Humid","5.00","0","2500.00","34827.23","SADD0002000339 Box 1","ABF1.0.0.0","4.0.0.2353","PSt3","221014-001","6/4/2024 1:58:11 PM","0000-00","0","no battery","V","","µV","","µV"
"07/08/2024","16:48:58","1","default","166358087","001","41.266","min","243.613","μmol/L","Humid","24.463","deg","35976","µV","27.000","°C","1024.000","hPa","38.4","pmil","0","59.850","deg","20.000","°C","100.000","%a.s.","26.990","deg","23.835","°C","1018.000","hPa","0.808","-0.065","0.00038","-0.00034","0","31","Humid","5.00","0","2500.00","34826.53","SADD0002000339 Box 1","ABF1.0.0.0","4.0.0.2353","PSt3","221014-001","6/4/2024 1:58:11 PM","0000-00","0","no battery","V","","µV","","µV"
"07/08/2024","16:48:59","1","default","166358087","001","41.283","min","243.613","μmol/L","Humid","24.463","deg","35974","µV","27.000","°C","1024.000","hPa","38.4","pmil","0","59.850","deg","20.000","°C","100.000","%a.s.","26.990","deg","23.835","°C","1018.000","hPa","0.808","-0.065","0.00038","-0.00034","0","31","Humid","5.00","0","2500.00","34827.56","SADD0002000339 Box 1","ABF1.0.0.0","4.0.0.2353","PSt3","221014-001","6/4/2024 1:58:11 PM","0000-00","0","no battery","V","","µV","","µV"
"07/08/2024","16:49:00","1","default","166358087","001","41.300","min","243.464","μmol/L","Humid","24.469","deg","35974","µV","27.000","°C","1024.000","hPa","38.4","pmil","0","59.850","deg","20.000","°C","100.000","%a.s.","26.990","deg","23.835","°C","1018.000","hPa","0.808","-0.065","0.00038","-0.00034","0","31","Humid","5.00","0","2500.00","34827.49","SADD0002000339 Box 1","ABF1.0.0.0","4.0.0.2353","PSt3","221014-001","6/4/2024 1:58:11 PM","0000-00","0","no battery","V","","µV","","µV"
"07/08/2024","16:49:01","1","default","166358087","001","41.316","min","243.564","μmol/L","Humid","24.465","deg","35976","µV","27.000","°C","1024.000","hPa","38.4","pmil","0","59.850","deg","20.000","°C","100.000","%a.s.","26.990","deg","23.835","°C","1018.000","hPa","0.808","-0.065","0.00038","-0.00034","0","31","Humid","5.00","0","2500.00","34824.24","SADD0002000339 Box 1","ABF1.0.0.0","4.0.0.2353","PSt3","221014-001","6/4/2024 1:58:11 PM","0000-00","0","no battery","V","","µV","","µV"
"07/08/2024","16:49:02","1","default","166358087","001","41.334","min","243.489","μmol/L","Humid","24.468","deg","35983","µV","27.000","°C","1024.000","hPa","38.4","pmil","0","59.850","deg","20.000","°C","100.000","%a.s.","26.990","deg","23.835","°C","1018.000","hPa","0.808","-0.065","0.00038","-0.00034","0","31","Humid","5.00","0","2500.00","34826.51","SADD0002000339 Box 1","ABF1.0.0.0","4.0.0.2353","PSt3","221014-001","6/4/2024 1:58:11 PM","0000-00","0","no battery","V","","µV","","µV"
"07/08/2024","16:49:03","1","default","166358087","001","41.350","min","243.613","μmol/L","Humid","24.463","deg","35984","µV","27.000","°C","1024.000","hPa","38.4","pmil","0","59.850","deg","20.000","°C","100.000","%a.s.","26.990","deg","23.835","°C","1018.000","hPa","0.808","-0.065","0.00038","-0.00034","0","31","Humid","5.00","0","2500.00","34823.73","SADD0002000339 Box 1","ABF1.0.0.0","4.0.0.2353","PSt3","221014-001","6/4/2024 1:58:11 PM","0000-00","0","no battery","V","","µV","","µV"
"07/08/2024","16:49:04","1","default","166358087","001","41.367","min","243.389","μmol/L","Humid","24.472","deg","35978","µV","27.000","°C","1024.000","hPa","38.4","pmil","0","59.850","deg","20.000","°C","100.000","%a.s.","26.990","deg","23.835","°C","1018.000","hPa","0.808","-0.065","0.00038","-0.00034","0","31","Humid","5.00","0","2500.00","34821.94","SADD0002000339 Box 1","ABF1.0.0.0","4.0.0.2353","PSt3","221014-001","6/4/2024 1:58:11 PM","0000-00","0","no battery","V","","µV","","µV"
"07/08/2024","16:49:05","1","default","166358087","001","41.383","min","243.862","μmol/L","Humid","24.453","deg","35987","µV","27.000","°C","1024.000","hPa","38.4","pmil","0","59.850","deg","20.000","°C","100.000","%a.s.","26.990","deg","23.835","°C","1018.000","hPa","0.808","-0.065","0.00038","-0.00034","0","31","Humid","5.00","0","2500.00","34823.94","SADD0002000339 Box 1","ABF1.0.0.0","4.0.0.2353","PSt3","221014-001","6/4/2024 1:58:11 PM","0000-00","0","no battery","V","","µV","","µV"
"07/08/2024","16:49:06","1","default","166358087","001","41.400","min","243.663","μmol/L","Humid","24.461","deg","35979","µV","27.000","°C","1024.000","hPa","38.4","pmil","0","59.850","deg","20.000","°C","100.000","%a.s.","26.990","deg","23.835","°C","1018.000","hPa","0.808","-0.065","0.00038","-0.00034","0","31","Humid","5.00","0","2500.00","34821.05","SADD0002000339 Box 1","ABF1.0.0.0","4.0.0.2353","PSt3","221014-001","6/4/2024 1:58:11 PM","0000-00","0","no battery","V","","µV","","µV"
"07/08/2024","16:49:07","1","default","166358087","001","41.417","min","243.713","μmol/L","Humid","24.459","deg","35985","µV","27.000","°C","1024.000","hPa","38.4","pmil","0","59.850","deg","20.000","°C","100.000","%a.s.","26.990","deg","23.835","°C","1018.000","hPa","0.808","-0.065","0.00038","-0.00034","0","31","Humid","5.00","0","2500.00","34831.12","SADD0002000339 Box 1","ABF1.0.0.0","4.0.0.2353","PSt3","221014-001","6/4/2024 1:58:11 PM","0000-00","0","no battery","V","","µV","","µV"
"07/08/2024","16:49:08","1","default","166358087","001","41.433","min","243.638","μmol/L","Humid","24.462","deg","35984","µV","27.000","°C","1024.000","hPa","38.4","pmil","0","59.850","deg","20.000","°C","100.000","%a.s.","26.990","deg","23.835","°C","1018.000","hPa","0.808","-0.065","0.00038","-0.00034","0","31","Humid","5.00","0","2500.00","34820.15","SADD0002000339 Box 1","ABF1.0.0.0","4.0.0.2353","PSt3","221014-001","6/4/2024 1:58:11 PM","0000-00","0","no battery","V","","µV","","µV"
"07/08/2024","16:49:09","1","default","166358087","001","41.450","min","243.663","μmol/L","Humid","24.461","deg","35980","µV","27.000","°C","1024.000","hPa","38.4","pmil","0","59.850","deg","20.000","°C","100.000","%a.s.","26.990","deg","23.835","°C","1018.000","hPa","0.808","-0.065","0.00038","-0.00034","0","31","Humid","5.00","0","2500.00","34824.21","SADD0002000339 Box 1","ABF1.0.0.0","4.0.0.2353","PSt3","221014-001","6/4/2024 1:58:11 PM","0000-00","0","no battery","V","","µV","","µV"
"07/08/2024","16:49:10","1","default","166358087","001","41.467","min","243.464","μmol/L","Humid","24.469","deg","35988","µV","27.000","°C","1024.000","hPa","38.4","pmil","0","59.850","deg","20.000","°C","100.000","%a.s.","26.990","deg","23.835","°C","1018.000","hPa","0.808","-0.065","0.00038","-0.00034","0","31","Humid","5.00","0","2500.00","34820.79","SADD0002000339 Box 1","ABF1.0.0.0","4.0.0.2353","PSt3","221014-001","6/4/2024 1:58:11 PM","0000-00","0","no battery","V","","µV","","µV"
"07/08/2024","16:49:11","1","default","166358087","001","41.484","min","243.389","μmol/L","Humid","24.472","deg","35985","µV","27.000","°C","1024.000","hPa","38.4","pmil","0","59.850","deg","20.000","°C","100.000","%a.s.","26.990","deg","23.835","°C","1018.000","hPa","0.808","-0.065","0.00038","-0.00034","0","31","Humid","5.00","0","2500.00","34820.32","SADD0002000339 Box 1","ABF1.0.0.0","4.0.0.2353","PSt3","221014-001","6/4/2024 1:58:11 PM","0000-00","0","no battery","V","","µV","","µV"
"07/08/2024","16:49:12","1","default","166358087","001","41.500","min","243.613","μmol/L","Humid","24.463","deg","35989","µV","27.000","°C","1024.000","hPa","38.4","pmil","0","59.850","deg","20.000","°C","100.000","%a.s.","26.990","deg","23.835","°C","1018.000","hPa","0.808","-0.065","0.00038","-0.00034","0","31","Humid","5.00","0","2500.00","34827.87","SADD0002000339 Box 1","ABF1.0.0.0","4.0.0.2353","PSt3","221014-001","6/4/2024 1:58:11 PM","0000-00","0","no battery","V","","µV","","µV"
"07/08/2024","16:49:13","1","default","166358087","001","41.517","min","243.564","μmol/L","Humid","24.465","deg","35985","µV","27.000","°C","1024.000","hPa","38.4","pmil","0","59.850","deg","20.000","°C","100.000","%a.s.","26.990","deg","23.835","°C","1018.000","hPa","0.808","-0.065","0.00038","-0.00034","0","31","Humid","5.00","0","2500.00","34827.81","SADD0002000339 Box 1","ABF1.0.0.0","4.0.0.2353","PSt3","221014-001","6/4/2024 1:58:11 PM","0000-00","0","no battery","V","","µV","","µV"
"07/08/2024","16:49:14","1","default","166358087","001","41.534","min","243.663","μmol/L","Humid","24.461","deg","35987","µV","27.000","°C","1024.000","hPa","38.4","pmil","0","59.850","deg","20.000","°C","100.000","%a.s.","26.990","deg","23.835","°C","1018.000","hPa","0.808","-0.065","0.00038","-0.00034","0","31","Humid","5.00","0","2500.00","34825.93","SADD0002000339 Box 1","ABF1.0.0.0","4.0.0.2353","PSt3","221014-001","6/4/2024 1:58:11 PM","0000-00","0","no battery","V","","µV","","µV"
"07/08/2024","16:49:15","1","default","166358087","001","41.550","min","243.588","μmol/L","Humid","24.464","deg","35987","µV","27.000","°C","1024.000","hPa","38.4","pmil","0","59.850","deg","20.000","°C","100.000","%a.s.","26.990","deg","23.835","°C","1018.000","hPa","0.808","-0.065","0.00038","-0.00034","0","31","Humid","5.00","0","2500.00","34828.21","SADD0002000339 Box 1","ABF1.0.0.0","4.0.0.2353","PSt3","221014-001","6/4/2024 1:58:11 PM","0000-00","0","no battery","V","","µV","","µV"
"07/08/2024","16:49:16","1","default","166358087","001","41.567","min","243.613","μmol/L","Humid","24.463","deg","35991","µV","27.000","°C","1024.000","hPa","38.4","pmil","0","59.850","deg","20.000","°C","100.000","%a.s.","26.990","deg","23.835","°C","1018.000","hPa","0.808","-0.065","0.00038","-0.00034","0","31","Humid","5.00","0","2500.00","34821.94","SADD0002000339 Box 1","ABF1.0.0.0","4.0.0.2353","PSt3","221014-001","6/4/2024 1:58:11 PM","0000-00","0","no battery","V","","µV","","µV"
"07/08/2024","16:49:17","1","default","166358087","001","41.584","min","243.613","μmol/L","Humid","24.463","deg","35988","µV","27.000","°C","1024.000","hPa","38.4","pmil","0","59.850","deg","20.000","°C","100.000","%a.s.","26.990","deg","23.835","°C","1018.000","hPa","0.808","-0.065","0.00038","-0.00034","0","31","Humid","5.00","0","2500.00","34823.83","SADD0002000339 Box 1","ABF1.0.0.0","4.0.0.2353","PSt3","221014-001","6/4/2024 1:58:11 PM","0000-00","0","no battery","V","","µV","","µV"
"07/08/2024","16:49:18","1","default","166358087","001","41.600","min","243.340","μmol/L","Humid","24.474","deg","35991","µV","27.000","°C","1024.000","hPa","38.4","pmil","0","59.850","deg","20.000","°C","100.000","%a.s.","26.990","deg","23.835","°C","1018.000","hPa","0.808","-0.065","0.00038","-0.00034","0","31","Humid","5.00","0","2500.00","34826.84","SADD0002000339 Box 1","ABF1.0.0.0","4.0.0.2353","PSt3","221014-001","6/4/2024 1:58:11 PM","0000-00","0","no battery","V","","µV","","µV"
"07/08/2024","16:49:19","1","default","166358087","001","41.617","min","243.340","μmol/L","Humid","24.474","deg","35991","µV","27.000","°C","1024.000","hPa","38.4","pmil","0","59.850","deg","20.000","°C","100.000","%a.s.","26.990","deg","23.835","°C","1018.000","hPa","0.808","-0.065","0.00038","-0.00034","0","31","Humid","5.00","0","2500.00","34825.06","SADD0002000339 Box 1","ABF1.0.0.0","4.0.0.2353","PSt3","221014-001","6/4/2024 1:58:11 PM","0000-00","0","no battery","V","","µV","","µV"
"07/08/2024","16:49:20","1","default","166358087","001","41.634","min","243.763","μmol/L","Humid","24.457","deg","35990","µV","27.000","°C","1024.000","hPa","38.4","pmil","0","59.850","deg","20.000","°C","100.000","%a.s.","26.990","deg","23.835","°C","1018.000","hPa","0.808","-0.065","0.00038","-0.00034","0","31","Humid","5.00","0","2500.00","34821.88","SADD0002000339 Box 1","ABF1.0.0.0","4.0.0.2353","PSt3","221014-001","6/4/2024 1:58:11 PM","0000-00","0","no battery","V","","µV","","µV"
"07/08/2024","16:49:21","1","default","166358087","001","41.650","min","243.389","μmol/L","Humid","24.472","deg","35987","µV","27.000","°C","1024.000","hPa","38.4","pmil","0","59.850","deg","20.000","°C","100.000","%a.s.","26.990","deg","23.835","°C","1018.000","hPa","0.808","-0.065","0.00038","-0.00034","0","31","Humid","5.00","0","2500.00","34825.64","SADD0002000339 Box 1","ABF1.0.0.0","4.0.0.2353","PSt3","221014-001","6/4/2024 1:58:11 PM","0000-00","0","no battery","V","","µV","","µV"
"07/08/2024","16:49:22","1","default","166358087","001","41.667","min","243.564","μmol/L","Humid","24.465","deg","35995","µV","27.000","°C","1024.000","hPa","38.4","pmil","0","59.850","deg","20.000","°C","100.000","%a.s.","26.990","deg","23.835","°C","1018.000","hPa","0.808","-0.065","0.00038","-0.00034","0","31","Humid","5.00","0","2500.00","34822.22","SADD0002000339 Box 1","ABF1.0.0.0","4.0.0.2353","PSt3","221014-001","6/4/2024 1:58:11 PM","0000-00","0","no battery","V","","µV","","µV"
"07/08/2024","16:49:23","1","default","166358087","001","41.683","min","243.265","μmol/L","Humid","24.477","deg","35989","µV","27.000","°C","1024.000","hPa","38.4","pmil","0","59.850","deg","20.000","°C","100.000","%a.s.","26.990","deg","23.835","°C","1018.000","hPa","0.808","-0.065","0.00038","-0.00034","0","31","Humid","5.00","0","2500.00","34824.08","SADD0002000339 Box 1","ABF1.0.0.0","4.0.0.2353","PSt3","221014-001","6/4/2024 1:58:11 PM","0000-00","0","no battery","V","","µV","","µV"
"07/08/2024","16:49:24","1","default","166358087","001","41.700","min","243.489","μmol/L","Humid","24.468","deg","35990","µV","27.000","°C","1024.000","hPa","38.4","pmil","0","59.850","deg","20.000","°C","100.000","%a.s.","26.990","deg","23.835","°C","1018.000","hPa","0.808","-0.065","0.00038","-0.00034","0","31","Humid","5.00","0","2500.00","34822.55","SADD0002000339 Box 1","ABF1.0.0.0","4.0.0.2353","PSt3","221014-001","6/4/2024 1:58:11 PM","0000-00","0","no battery","V","","µV","","µV"
"07/08/2024","16:49:25","1","default","166358087","001","41.716","min","243.414","μmol/L","Humid","24.471","deg","35997","µV","27.000","°C","1024.000","hPa","38.4","pmil","0","59.850","deg","20.000","°C","100.000","%a.s.","26.990","deg","23.835","°C","1018.000","hPa","0.808","-0.065","0.00038","-0.00034","0","31","Humid","5.00","0","2500.00","34823.15","SADD0002000339 Box 1","ABF1.0.0.0","4.0.0.2353","PSt3","221014-001","6/4/2024 1:58:11 PM","0000-00","0","no battery","V","","µV","","µV"
"07/08/2024","16:49:26","1","default","166358087","001","41.733","min","243.439","μmol/L","Humid","24.470","deg","35990","µV","27.000","°C","1024.000","hPa","38.4","pmil","0","59.850","deg","20.000","°C","100.000","%a.s.","26.990","deg","23.835","°C","1018.000","hPa","0.808","-0.065","0.00038","-0.00034","0","31","Humid","5.00","0","2500.00","34830.28","SADD0002000339 Box 1","ABF1.0.0.0","4.0.0.2353","PSt3","221014-001","6/4/2024 1:58:11 PM","0000-00","0","no battery","V","","µV","","µV"
"07/08/2024","16:49:27","1","default","166358087","001","41.750","min","243.240","μmol/L","Humid","24.478","deg","35990","µV","27.000","°C","1024.000","hPa","38.4","pmil","0","59.850","deg","20.000","°C","100.000","%a.s.","26.990","deg","23.835","°C","1018.000","hPa","0.808","-0.065","0.00038","-0.00034","0","31","Humid","5.00","0","2500.00","34826.17","SADD0002000339 Box 1","ABF1.0.0.0","4.0.0.2353","PSt3","221014-001","6/4/2024 1:58:11 PM","0000-00","0","no battery","V","","µV","","µV"
"07/08/2024","16:49:28","1","default","166358087","001","41.767","min","243.365","μmol/L","Humid","24.473","deg","35993","µV","27.000","°C","1024.000","hPa","38.4","pmil","0","59.850","deg","20.000","°C","100.000","%a.s.","26.990","deg","23.835","°C","1018.000","hPa","0.808","-0.065","0.00038","-0.00034","0","31","Humid","5.00","0","2500.00","34826.82","SADD0002000339 Box 1","ABF1.0.0.0","4.0.0.2353","PSt3","221014-001","6/4/2024 1:58:11 PM","0000-00","0","no battery","V","","µV","","µV"
"07/08/2024","16:49:29","1","default","166358087","001","41.784","min","243.414","μmol/L","Humid","24.471","deg","35992","µV","27.000","°C","1024.000","hPa","38.4","pmil","0","59.850","deg","20.000","°C","100.000","%a.s.","26.990","deg","23.835","°C","1018.000","hPa","0.808","-0.065","0.00038","-0.00034","0","31","Humid","5.00","0","2500.00","34828.39","SADD0002000339 Box 1","ABF1.0.0.0","4.0.0.2353","PSt3","221014-001","6/4/2024 1:58:11 PM","0000-00","0","no battery","V","","µV","","µV"
"07/08/2024","16:49:30","1","default","166358087","001","41.800","min","243.340","μmol/L","Humid","24.474","deg","35994","µV","27.000","°C","1024.000","hPa","38.4","pmil","0","59.850","deg","20.000","°C","100.000","%a.s.","26.990","deg","23.835","°C","1018.000","hPa","0.808","-0.065","0.00038","-0.00034","0","31","Humid","5.00","0","2500.00","34826.84","SADD0002000339 Box 1","ABF1.0.0.0","4.0.0.2353","PSt3","221014-001","6/4/2024 1:58:11 PM","0000-00","0","no battery","V","","µV","","µV"
"07/08/2024","16:49:31","1","default","166358087","001","41.817","min","243.340","μmol/L","Humid","24.474","deg","35988","µV","27.000","°C","1024.000","hPa","38.4","pmil","0","59.850","deg","20.000","°C","100.000","%a.s.","26.990","deg","23.835","°C","1018.000","hPa","0.808","-0.065","0.00038","-0.00034","0","31","Humid","5.00","0","2500.00","34823.90","SADD0002000339 Box 1","ABF1.0.0.0","4.0.0.2353","PSt3","221014-001","6/4/2024 1:58:11 PM","0000-00","0","no battery","V","","µV","","µV"
"07/08/2024","16:49:32","1","default","166358087","001","41.834","min","243.638","μmol/L","Humid","24.462","deg","35998","µV","27.000","°C","1024.000","hPa","38.4","pmil","0","59.850","deg","20.000","°C","100.000","%a.s.","26.990","deg","23.835","°C","1018.000","hPa","0.808","-0.065","0.00038","-0.00034","0","31","Humid","5.00","0","2500.00","34824.15","SADD0002000339 Box 1","ABF1.0.0.0","4.0.0.2353","PSt3","221014-001","6/4/2024 1:58:11 PM","0000-00","0","no battery","V","","µV","","µV"
"07/08/2024","16:49:33","1","default","166358087","001","41.850","min","243.638","μmol/L","Humid","24.462","deg","35998","µV","27.000","°C","1024.000","hPa","38.4","pmil","0","59.850","deg","20.000","°C","100.000","%a.s.","26.990","deg","23.835","°C","1018.000","hPa","0.808","-0.065","0.00038","-0.00034","0","31","Humid","5.00","0","2500.00","34824.67","SADD0002000339 Box 1","ABF1.0.0.0","4.0.0.2353","PSt3","221014-001","6/4/2024 1:58:11 PM","0000-00","0","no battery","V","","µV","","µV"
"07/08/2024","16:49:34","1","default","166358087","001","41.867","min","243.564","μmol/L","Humid","24.465","deg","35993","µV","27.000","°C","1024.000","hPa","38.4","pmil","0","59.850","deg","20.000","°C","100.000","%a.s.","26.990","deg","23.835","°C","1018.000","hPa","0.808","-0.065","0.00038","-0.00034","0","31","Humid","5.00","0","2500.00","34823.64","SADD0002000339 Box 1","ABF1.0.0.0","4.0.0.2353","PSt3","221014-001","6/4/2024 1:58:11 PM","0000-00","0","no battery","V","","µV","","µV"
"07/08/2024","16:49:35","1","default","166358087","001","41.883","min","243.638","μmol/L","Humid","24.462","deg","35990","µV","27.000","°C","1024.000","hPa","38.4","pmil","0","59.850","deg","20.000","°C","100.000","%a.s.","26.990","deg","23.835","°C","1018.000","hPa","0.808","-0.065","0.00038","-0.00034","0","31","Humid","5.00","0","2500.00","34822.51","SADD0002000339 Box 1","ABF1.0.0.0","4.0.0.2353","PSt3","221014-001","6/4/2024 1:58:11 PM","0000-00","0","no battery","V","","µV","","µV"
"07/08/2024","16:49:36","1","default","166358087","001","41.900","min","243.588","μmol/L","Humid","24.464","deg","35993","µV","27.000","°C","1024.000","hPa","38.4","pmil","0","59.850","deg","20.000","°C","100.000","%a.s.","26.990","deg","23.835","°C","1018.000","hPa","0.808","-0.065","0.00038","-0.00034","0","31","Humid","5.00","0","2500.00","34821.48","SADD0002000339 Box 1","ABF1.0.0.0","4.0.0.2353","PSt3","221014-001","6/4/2024 1:58:11 PM","0000-00","0","no battery","V","","µV","","µV"
"07/08/2024","16:49:37","1","default","166358087","001","41.917","min","243.439","μmol/L","Humid","24.470","deg","35993","µV","27.000","°C","1024.000","hPa","38.4","pmil","0","59.850","deg","20.000","°C","100.000","%a.s.","26.990","deg","23.835","°C","1018.000","hPa","0.808","-0.065","0.00038","-0.00034","0","31","Humid","5.00","0","2500.00","34820.11","SADD0002000339 Box 1","ABF1.0.0.0","4.0.0.2353","PSt3","221014-001","6/4/2024 1:58:11 PM","0000-00","0","no battery","V","","µV","","µV"
"07/08/2024","16:49:38","1","default","166358087","001","41.933","min","243.365","μmol/L","Humid","24.473","deg","35998","µV","27.000","°C","1024.000","hPa","38.4","pmil","0","59.850","deg","20.000","°C","100.000","%a.s.","26.990","deg","23.835","°C","1018.000","hPa","0.808","-0.065","0.00038","-0.00034","0","31","Humid","5.00","0","2500.00","34825.35","SADD0002000339 Box 1","ABF1.0.0.0","4.0.0.2353","PSt3","221014-001","6/4/2024 1:58:11 PM","0000-00","0","no battery","V","","µV","","µV"
"07/08/2024","16:49:39","1","default","166358087","001","41.950","min","243.464","μmol/L","Humid","24.469","deg","36000","µV","27.000","°C","1024.000","hPa","38.4","pmil","0","59.850","deg","20.000","°C","100.000","%a.s.","26.990","deg","23.835","°C","1018.000","hPa","0.808","-0.065","0.00038","-0.00034","0","31","Humid","5.00","0","2500.00","34824.36","SADD0002000339 Box 1","ABF1.0.0.0","4.0.0.2353","PSt3","221014-001","6/4/2024 1:58:11 PM","0000-00","0","no battery","V","","µV","","µV"
"07/08/2024","16:49:40","1","default","166358087","001","41.967","min","243.613","μmol/L","Humid","24.463","deg","35994","µV","27.000","°C","1024.000","hPa","38.4","pmil","0","59.850","deg","20.000","°C","100.000","%a.s.","26.990","deg","23.835","°C","1018.000","hPa","0.808","-0.065","0.00038","-0.00034","0","31","Humid","5.00","0","2500.00","34822.54","SADD0002000339 Box 1","ABF1.0.0.0","4.0.0.2353","PSt3","221014-001","6/4/2024 1:58:11 PM","0000-00","0","no battery","V","","µV","","µV"
"07/08/2024","16:49:41","1","default","166358087","001","41.984","min","243.539","μmol/L","Humid","24.466","deg","35996","µV","27.000","°C","1024.000","hPa","38.4","pmil","0","59.850","deg","20.000","°C","100.000","%a.s.","26.990","deg","23.835","°C","1018.000","hPa","0.808","-0.065","0.00038","-0.00034","0","31","Humid","5.00","0","2500.00","34825.16","SADD0002000339 Box 1","ABF1.0.0.0","4.0.0.2353","PSt3","221014-001","6/4/2024 1:58:11 PM","0000-00","0","no battery","V","","µV","","µV"
"07/08/2024","16:49:42","1","default","166358087","001","42.000","min","243.365","μmol/L","Humid","24.473","deg","36000","µV","27.000","°C","1024.000","hPa","38.4","pmil","0","59.850","deg","20.000","°C","100.000","%a.s.","26.990","deg","23.835","°C","1018.000","hPa","0.808","-0.065","0.00038","-0.00034","0","31","Humid","5.00","0","2500.00","34827.96","SADD0002000339 Box 1","ABF1.0.0.0","4.0.0.2353","PSt3","221014-001","6/4/2024 1:58:11 PM","0000-00","0","no battery","V","","µV","","µV"
"07/08/2024","16:49:43","1","default","166358087","001","42.017","min","243.365","μmol/L","Humid","24.473","deg","35990","µV","27.000","°C","1024.000","hPa","38.4","pmil","0","59.850","deg","20.000","°C","100.000","%a.s.","26.990","deg","23.835","°C","1018.000","hPa","0.808","-0.065","0.00038","-0.00034","0","31","Humid","5.00","0","2500.00","34824.29","SADD0002000339 Box 1","ABF1.0.0.0","4.0.0.2353","PSt3","221014-001","6/4/2024 1:58:11 PM","0000-00","0","no battery","V","","µV","","µV"
"07/08/2024","16:49:44","1","default","166358087","001","42.033","min","243.389","μmol/L","Humid","24.472","deg","35999","µV","27.000","°C","1024.000","hPa","38.4","pmil","0","59.850","deg","20.000","°C","100.000","%a.s.","26.990","deg","23.835","°C","1018.000","hPa","0.808","-0.065","0.00038","-0.00034","0","31","Humid","5.00","0","2500.00","34823.83","SADD0002000339 Box 1","ABF1.0.0.0","4.0.0.2353","PSt3","221014-001","6/4/2024 1:58:11 PM","0000-00","0","no battery","V","","µV","","µV"
"07/08/2024","16:49:45","1","default","166358087","001","42.050","min","243.514","μmol/L","Humid","24.467","deg","36002","µV","27.000","°C","1024.000","hPa","38.4","pmil","0","59.850","deg","20.000","°C","100.000","%a.s.","26.990","deg","23.835","°C","1018.000","hPa","0.808","-0.065","0.00038","-0.00034","0","31","Humid","5.00","0","2500.00","34822.90","SADD0002000339 Box 1","ABF1.0.0.0","4.0.0.2353","PSt3","221014-001","6/4/2024 1:58:11 PM","0000-00","0","no battery","V","","µV","","µV"
"07/08/2024","16:49:46","1","default","166358087","001","42.067","min","243.216","μmol/L","Humid","24.479","deg","36000","µV","27.000","°C","1024.000","hPa","38.4","pmil","0","59.850","deg","20.000","°C","100.000","%a.s.","26.990","deg","23.835","°C","1018.000","hPa","0.808","-0.065","0.00038","-0.00034","0","31","Humid","5.00","0","2500.00","34824.21","SADD0002000339 Box 1","ABF1.0.0.0","4.0.0.2353","PSt3","221014-001","6/4/2024 1:58:11 PM","0000-00","0","no battery","V","","µV","","µV"
"07/08/2024","16:49:47","1","default","166358087","001","42.084","min","243.912","μmol/L","Humid","24.451","deg","36002","µV","27.000","°C","1024.000","hPa","38.4","pmil","0","59.850","deg","20.000","°C","100.000","%a.s.","26.990","deg","23.835","°C","1018.000","hPa","0.808","-0.065","0.00038","-0.00034","0","31","Humid","5.00","0","2500.00","34824.79","SADD0002000339 Box 1","ABF1.0.0.0","4.0.0.2353","PSt3","221014-001","6/4/2024 1:58:11 PM","0000-00","0","no battery","V","","µV","","µV"
"07/08/2024","16:49:48","1","default","166358087","001","42.100","min","243.191","μmol/L","Humid","24.480","deg","36001","µV","27.000","°C","1024.000","hPa","38.4","pmil","0","59.850","deg","20.000","°C","100.000","%a.s.","26.990","deg","23.835","°C","1018.000","hPa","0.808","-0.065","0.00038","-0.00034","0","31","Humid","5.00","0","2500.00","34823.01","SADD0002000339 Box 1","ABF1.0.0.0","4.0.0.2353","PSt3","221014-001","6/4/2024 1:58:11 PM","0000-00","0","no battery","V","","µV","","µV"
"07/08/2024","16:49:49","1","default","166358087","001","42.117","min","243.389","μmol/L","Humid","24.472","deg","35996","µV","27.000","°C","1024.000","hPa","38.4","pmil","0","59.850","deg","20.000","°C","100.000","%a.s.","26.990","deg","23.835","°C","1018.000","hPa","0.808","-0.065","0.00038","-0.00034","0","31","Humid","5.00","0","2500.00","34827.95","SADD0002000339 Box 1","ABF1.0.0.0","4.0.0.2353","PSt3","221014-001","6/4/2024 1:58:11 PM","0000-00","0","no battery","V","","µV","","µV"
"07/08/2024","16:49:50","1","default","166358087","001","42.134","min","243.365","μmol/L","Humid","24.473","deg","36002","µV","27.000","°C","1024.000","hPa","38.4","pmil","0","59.850","deg","20.000","°C","100.000","%a.s.","26.990","deg","23.835","°C","1018.000","hPa","0.808","-0.065","0.00038","-0.00034","0","31","Humid","5.00","0","2500.00","34822.69","SADD0002000339 Box 1","ABF1.0.0.0","4.0.0.2353","PSt3","221014-001","6/4/2024 1:58:11 PM","0000-00","0","no battery","V","","µV","","µV"
"07/08/2024","16:49:51","1","default","166358087","001","42.150","min","243.315","μmol/L","Humid","24.475","deg","36007","µV","27.000","°C","1024.000","hPa","38.4","pmil","0","59.850","deg","20.000","°C","100.000","%a.s.","26.990","deg","23.835","°C","1018.000","hPa","0.808","-0.065","0.00038","-0.00034","0","31","Humid","5.00","0","2500.00","34823.96","SADD0002000339 Box 1","ABF1.0.0.0","4.0.0.2353","PSt3","221014-001","6/4/2024 1:58:11 PM","0000-00","0","no battery","V","","µV","","µV"
"07/08/2024","16:49:52","1","default","166358087","001","42.167","min","243.340","μmol/L","Humid","24.474","deg","36002","µV","27.000","°C","1024.000","hPa","38.4","pmil","0","59.850","deg","20.000","°C","100.000","%a.s.","26.990","deg","23.835","°C","1018.000","hPa","0.808","-0.065","0.00038","-0.00034","0","31","Humid","5.00","0","2500.00","34819.74","SADD0002000339 Box 1","ABF1.0.0.0","4.0.0.2353","PSt3","221014-001","6/4/2024 1:58:11 PM","0000-00","0","no battery","V","","µV","","µV"
"07/08/2024","16:49:53","1","default","166358087","001","42.183","min","243.514","μmol/L","Humid","24.467","deg","36001","µV","27.000","°C","1024.000","hPa","38.4","pmil","0","59.850","deg","20.000","°C","100.000","%a.s.","26.990","deg","23.835","°C","1018.000","hPa","0.808","-0.065","0.00038","-0.00034","0","31","Humid","5.00","0","2500.00","34822.27","SADD0002000339 Box 1","ABF1.0.0.0","4.0.0.2353","PSt3","221014-001","6/4/2024 1:58:11 PM","0000-00","0","no battery","V","","µV","","µV"
"07/08/2024","16:49:54","1","default","166358087","001","42.200","min","243.166","μmol/L","Humid","24.481","deg","36003","µV","27.000","°C","1024.000","hPa","38.4","pmil","0","59.850","deg","20.000","°C","100.000","%a.s.","26.990","deg","23.835","°C","1018.000","hPa","0.808","-0.065","0.00038","-0.00034","0","31","Humid","5.00","0","2500.00","34825.44","SADD0002000339 Box 1","ABF1.0.0.0","4.0.0.2353","PSt3","221014-001","6/4/2024 1:58:11 PM","0000-00","0","no battery","V","","µV","","µV"
"07/08/2024","16:49:55","1","default","166358087","001","42.217","min","243.166","μmol/L","Humid","24.481","deg","36001","µV","27.000","°C","1024.000","hPa","38.4","pmil","0","59.850","deg","20.000","°C","100.000","%a.s.","26.990","deg","23.835","°C","1018.000","hPa","0.808","-0.065","0.00038","-0.00034","0","31","Humid","5.00","0","2500.00","34823.30","SADD0002000339 Box 1","ABF1.0.0.0","4.0.0.2353","PSt3","221014-001","6/4/2024 1:58:11 PM","0000-00","0","no battery","V","","µV","","µV"
"07/08/2024","16:49:56","1","default","166358087","001","42.233","min","243.141","μmol/L","Humid","24.482","deg","36001","µV","27.000","°C","1024.000","hPa","38.4","pmil","0","59.850","deg","20.000","°C","100.000","%a.s.","26.990","deg","23.835","°C","1018.000","hPa","0.808","-0.065","0.00038","-0.00034","0","31","Humid","5.00","0","2500.00","34822.29","SADD0002000339 Box 1","ABF1.0.0.0","4.0.0.2353","PSt3","221014-001","6/4/2024 1:58:11 PM","0000-00","0","no battery","V","","µV","","µV"
"07/08/2024","16:49:57","1","default","166358087","001","42.250","min","243.763","μmol/L","Humid","24.457","deg","36001","µV","27.000","°C","1024.000","hPa","38.4","pmil","0","59.850","deg","20.000","°C","100.000","%a.s.","26.990","deg","23.835","°C","1018.000","hPa","0.808","-0.065","0.00038","-0.00034","0","31","Humid","5.00","0","2500.00","34821.10","SADD0002000339 Box 1","ABF1.0.0.0","4.0.0.2353","PSt3","221014-001","6/4/2024 1:58:11 PM","0000-00","0","no battery","V","","µV","","µV"
"07/08/2024","16:49:58","1","default","166358087","001","42.267","min","243.564","μmol/L","Humid","24.465","deg","35998","µV","27.000","°C","1024.000","hPa","38.4","pmil","0","59.850","deg","20.000","°C","100.000","%a.s.","26.990","deg","23.835","°C","1018.000","hPa","0.808","-0.065","0.00038","-0.00034","0","31","Humid","5.00","0","2500.00","34815.49","SADD0002000339 Box 1","ABF1.0.0.0","4.0.0.2353","PSt3","221014-001","6/4/2024 1:58:11 PM","0000-00","0","no battery","V","","µV","","µV"
"07/08/2024","16:49:59","1","default","166358087","001","42.283","min","243.290","μmol/L","Humid","24.476","deg","36003","µV","27.000","°C","1024.000","hPa","38.4","pmil","0","59.850","deg","20.000","°C","100.000","%a.s.","26.990","deg","23.835","°C","1018.000","hPa","0.808","-0.065","0.00038","-0.00034","0","31","Humid","5.00","0","2500.00","34820.15","SADD0002000339 Box 1","ABF1.0.0.0","4.0.0.2353","PSt3","221014-001","6/4/2024 1:58:11 PM","0000-00","0","no battery","V","","µV","","µV"
"07/08/2024","16:50:00","1","default","166358087","001","42.300","min","243.514","μmol/L","Humid","24.467","deg","35998","µV","27.000","°C","1024.000","hPa","38.4","pmil","0","59.850","deg","20.000","°C","100.000","%a.s.","26.990","deg","23.835","°C","1018.000","hPa","0.808","-0.065","0.00038","-0.00034","0","31","Humid","5.00","0","2500.00","34825.75","SADD0002000339 Box 1","ABF1.0.0.0","4.0.0.2353","PSt3","221014-001","6/4/2024 1:58:11 PM","0000-00","0","no battery","V","","µV","","µV"
"07/08/2024","16:50:01","1","default","166358087","001","42.316","min","243.414","μmol/L","Humid","24.471","deg","36001","µV","27.000","°C","1024.000","hPa","38.4","pmil","0","59.850","deg","20.000","°C","100.000","%a.s.","26.990","deg","23.835","°C","1018.000","hPa","0.808","-0.065","0.00038","-0.00034","0","31","Humid","5.00","0","2500.00","34828.70","SADD0002000339 Box 1","ABF1.0.0.0","4.0.0.2353","PSt3","221014-001","6/4/2024 1:58:11 PM","0000-00","0","no battery","V","","µV","","µV"
"07/08/2024","16:50:02","1","default","166358087","001","42.333","min","243.539","μmol/L","Humid","24.466","deg","36004","µV","27.000","°C","1024.000","hPa","38.4","pmil","0","59.850","deg","20.000","°C","100.000","%a.s.","26.990","deg","23.835","°C","1018.000","hPa","0.808","-0.065","0.00038","-0.00034","0","31","Humid","5.00","0","2500.00","34821.99","SADD0002000339 Box 1","ABF1.0.0.0","4.0.0.2353","PSt3","221014-001","6/4/2024 1:58:11 PM","0000-00","0","no battery","V","","µV","","µV"
"07/08/2024","16:50:03","1","default","166358087","001","42.350","min","243.464","μmol/L","Humid","24.469","deg","36002","µV","27.000","°C","1024.000","hPa","38.4","pmil","0","59.850","deg","20.000","°C","100.000","%a.s.","26.990","deg","23.835","°C","1018.000","hPa","0.808","-0.065","0.00038","-0.00034","0","31","Humid","5.00","0","2500.00","34823.39","SADD0002000339 Box 1","ABF1.0.0.0","4.0.0.2353","PSt3","221014-001","6/4/2024 1:58:11 PM","0000-00","0","no battery","V","","µV","","µV"
"07/08/2024","16:50:04","1","default","166358087","001","42.366","min","243.315","μmol/L","Humid","24.475","deg","36007","µV","27.000","°C","1024.000","hPa","38.4","pmil","0","59.850","deg","20.000","°C","100.000","%a.s.","26.990","deg","23.835","°C","1018.000","hPa","0.808","-0.065","0.00038","-0.00034","0","31","Humid","5.00","0","2500.00","34825.13","SADD0002000339 Box 1","ABF1.0.0.0","4.0.0.2353","PSt3","221014-001","6/4/2024 1:58:11 PM","0000-00","0","no battery","V","","µV","","µV"
"07/08/2024","16:50:05","1","default","166358087","001","42.383","min","243.315","μmol/L","Humid","24.475","deg","36006","µV","27.000","°C","1024.000","hPa","38.4","pmil","0","59.850","deg","20.000","°C","100.000","%a.s.","26.990","deg","23.835","°C","1018.000","hPa","0.808","-0.065","0.00038","-0.00034","0","31","Humid","5.00","0","2500.00","34824.23","SADD0002000339 Box 1","ABF1.0.0.0","4.0.0.2353","PSt3","221014-001","6/4/2024 1:58:11 PM","0000-00","0","no battery","V","","µV","","µV"
"07/08/2024","16:50:06","1","default","166358087","001","42.399","min","243.290","μmol/L","Humid","24.476","deg","36006","µV","27.000","°C","1024.000","hPa","38.4","pmil","0","59.850","deg","20.000","°C","100.000","%a.s.","26.990","deg","23.835","°C","1018.000","hPa","0.808","-0.065","0.00038","-0.00034","0","31","Humid","5.00","0","2500.00","34822.65","SADD0002000339 Box 1","ABF1.0.0.0","4.0.0.2353","PSt3","221014-001","6/4/2024 1:58:11 PM","0000-00","0","no battery","V","","µV","","µV"
"07/08/2024","16:50:07","1","default","166358087","001","42.416","min","243.017","μmol/L","Humid","24.487","deg","36002","µV","27.000","°C","1024.000","hPa","38.4","pmil","0","59.850","deg","20.000","°C","100.000","%a.s.","26.990","deg","23.835","°C","1018.000","hPa","0.808","-0.065","0.00038","-0.00034","0","31","Humid","5.00","0","2500.00","34824.21","SADD0002000339 Box 1","ABF1.0.0.0","4.0.0.2353","PSt3","221014-001","6/4/2024 1:58:11 PM","0000-00","0","no battery","V","","µV","","µV"
"07/08/2024","16:50:08","1","default","166358087","001","42.433","min","243.166","μmol/L","Humid","24.481","deg","36007","µV","27.000","°C","1024.000","hPa","38.4","pmil","0","59.850","deg","20.000","°C","100.000","%a.s.","26.990","deg","23.835","°C","1018.000","hPa","0.808","-0.065","0.00038","-0.00034","0","31","Humid","5.00","0","2500.00","34830.15","SADD0002000339 Box 1","ABF1.0.0.0","4.0.0.2353","PSt3","221014-001","6/4/2024 1:58:11 PM","0000-00","0","no battery","V","","µV","","µV"
"07/08/2024","16:50:09","1","default","166358087","001","42.450","min","242.992","μmol/L","Humid","24.488","deg","36008","µV","27.000","°C","1024.000","hPa","38.4","pmil","0","59.850","deg","20.000","°C","100.000","%a.s.","26.990","deg","23.835","°C","1018.000","hPa","0.808","-0.065","0.00038","-0.00034","0","31","Humid","5.00","0","2500.00","34826.93","SADD0002000339 Box 1","ABF1.0.0.0","4.0.0.2353","PSt3","221014-001","6/4/2024 1:58:11 PM","0000-00","0","no battery","V","","µV","","µV"
"07/08/2024","16:50:10","1","default","166358087","001","42.466","min","243.315","μmol/L","Humid","24.475","deg","36011","µV","27.000","°C","1024.000","hPa","38.4","pmil","0","59.850","deg","20.000","°C","100.000","%a.s.","26.990","deg","23.835","°C","1018.000","hPa","0.808","-0.065","0.00038","-0.00034","0","31","Humid","5.00","0","2500.00","34822.31","SADD0002000339 Box 1","ABF1.0.0.0","4.0.0.2353","PSt3","221014-001","6/4/2024 1:58:11 PM","0000-00","0","no battery","V","","µV","","µV"
"07/08/2024","16:50:11","1","default","166358087","001","42.483","min","243.365","μmol/L","Humid","24.473","deg","36010","µV","27.000","°C","1024.000","hPa","38.4","pmil","0","59.850","deg","20.000","°C","100.000","%a.s.","26.990","deg","23.835","°C","1018.000","hPa","0.808","-0.065","0.00038","-0.00034","0","31","Humid","5.00","0","2500.00","34819.18","SADD0002000339 Box 1","ABF1.0.0.0","4.0.0.2353","PSt3","221014-001","6/4/2024 1:58:11 PM","0000-00","0","no battery","V","","µV","","µV"
"07/08/2024","16:50:12","1","default","166358087","001","42.500","min","243.489","μmol/L","Humid","24.468","deg","36016","µV","27.000","°C","1024.000","hPa","38.4","pmil","0","59.850","deg","20.000","°C","100.000","%a.s.","26.990","deg","23.835","°C","1018.000","hPa","0.808","-0.065","0.00038","-0.00034","0","31","Humid","5.00","0","2500.00","34821.28","SADD0002000339 Box 1","ABF1.0.0.0","4.0.0.2353","PSt3","221014-001","6/4/2024 1:58:11 PM","0000-00","0","no battery","V","","µV","","µV"
"07/08/2024","16:50:13","1","default","166358087","001","42.516","min","243.688","μmol/L","Humid","24.460","deg","36014","µV","27.000","°C","1024.000","hPa","38.4","pmil","0","59.850","deg","20.000","°C","100.000","%a.s.","26.990","deg","23.835","°C","1018.000","hPa","0.808","-0.065","0.00038","-0.00034","0","31","Humid","5.00","0","2500.00","34822.57","SADD0002000339 Box 1","ABF1.0.0.0","4.0.0.2353","PSt3","221014-001","6/4/2024 1:58:11 PM","0000-00","0","no battery","V","","µV","","µV"
"07/08/2024","16:50:14","1","default","166358087","001","42.534","min","243.613","μmol/L","Humid","24.463","deg","36008","µV","27.000","°C","1024.000","hPa","38.4","pmil","0","59.850","deg","20.000","°C","100.000","%a.s.","26.990","deg","23.835","°C","1018.000","hPa","0.808","-0.065","0.00038","-0.00034","0","31","Humid","5.00","0","2500.00","34815.94","SADD0002000339 Box 1","ABF1.0.0.0","4.0.0.2353","PSt3","221014-001","6/4/2024 1:58:11 PM","0000-00","0","no battery","V","","µV","","µV"
"07/08/2024","16:50:15","1","default","166358087","001","42.550","min","243.340","μmol/L","Humid","24.474","deg","36010","µV","27.000","°C","1024.000","hPa","38.4","pmil","0","59.850","deg","20.000","°C","100.000","%a.s.","26.990","deg","23.835","°C","1018.000","hPa","0.808","-0.065","0.00038","-0.00034","0","31","Humid","5.00","0","2500.00","34823.24","SADD0002000339 Box 1","ABF1.0.0.0","4.0.0.2353","PSt3","221014-001","6/4/2024 1:58:11 PM","0000-00","0","no battery","V","","µV","","µV"
"07/08/2024","16:50:16","1","default","166358087","001","42.567","min","243.389","μmol/L","Humid","24.472","deg","36008","µV","27.000","°C","1024.000","hPa","38.4","pmil","0","59.850","deg","20.000","°C","100.000","%a.s.","26.990","deg","23.835","°C","1018.000","hPa","0.808","-0.065","0.00038","-0.00034","0","31","Humid","5.00","0","2500.00","34827.28","SADD0002000339 Box 1","ABF1.0.0.0","4.0.0.2353","PSt3","221014-001","6/4/2024 1:58:11 PM","0000-00","0","no battery","V","","µV","","µV"
"07/08/2024","16:50:17","1","default","166358087","001","42.584","min","243.166","μmol/L","Humid","24.481","deg","36010","µV","27.000","°C","1024.000","hPa","38.4","pmil","0","59.850","deg","20.000","°C","100.000","%a.s.","26.990","deg","23.835","°C","1018.000","hPa","0.808","-0.065","0.00038","-0.00034","0","31","Humid","5.00","0","2500.00","34822.04","SADD0002000339 Box 1","ABF1.0.0.0","4.0.0.2353","PSt3","221014-001","6/4/2024 1:58:11 PM","0000-00","0","no battery","V","","µV","","µV"
"07/08/2024","16:50:18","1","default","166358087","001","42.600","min","243.588","μmol/L","Humid","24.464","deg","36014","µV","27.000","°C","1024.000","hPa","38.4","pmil","0","59.850","deg","20.000","°C","100.000","%a.s.","26.990","deg","23.835","°C","1018.000","hPa","0.808","-0.065","0.00038","-0.00034","0","31","Humid","5.00","0","2500.00","34823.56","SADD0002000339 Box 1","ABF1.0.0.0","4.0.0.2353","PSt3","221014-001","6/4/2024 1:58:11 PM","0000-00","0","no battery","V","","µV","","µV"
"07/08/2024","16:50:19","1","default","166358087","001","42.617","min","243.091","μmol/L","Humid","24.484","deg","36014","µV","27.000","°C","1024.000","hPa","38.4","pmil","0","59.850","deg","20.000","°C","100.000","%a.s.","26.990","deg","23.835","°C","1018.000","hPa","0.808","-0.065","0.00038","-0.00034","0","31","Humid","5.00","0","2500.00","34822.59","SADD0002000339 Box 1","ABF1.0.0.0","4.0.0.2353","PSt3","221014-001","6/4/2024 1:58:11 PM","0000-00","0","no battery","V","","µV","","µV"
"07/08/2024","16:50:20","1","default","166358087","001","42.633","min","243.166","μmol/L","Humid","24.481","deg","36016","µV","27.000","°C","1024.000","hPa","38.4","pmil","0","59.850","deg","20.000","°C","100.000","%a.s.","26.990","deg","23.835","°C","1018.000","hPa","0.808","-0.065","0.00038","-0.00034","0","31","Humid","5.00","0","2500.00","34819.90","SADD0002000339 Box 1","ABF1.0.0.0","4.0.0.2353","PSt3","221014-001","6/4/2024 1:58:11 PM","0000-00","0","no battery","V","","µV","","µV"
"07/08/2024","16:50:21","1","default","166358087","001","42.650","min","243.017","μmol/L","Humid","24.487","deg","36015","µV","27.000","°C","1024.000","hPa","38.4","pmil","0","59.850","deg","20.000","°C","100.000","%a.s.","26.990","deg","23.835","°C","1018.000","hPa","0.808","-0.065","0.00038","-0.00034","0","31","Humid","5.00","0","2500.00","34823.32","SADD0002000339 Box 1","ABF1.0.0.0","4.0.0.2353","PSt3","221014-001","6/4/2024 1:58:11 PM","0000-00","0","no battery","V","","µV","","µV"
"07/08/2024","16:50:22","1","default","166358087","001","42.666","min","243.191","μmol/L","Humid","24.480","deg","36014","µV","27.000","°C","1024.000","hPa","38.4","pmil","0","59.850","deg","20.000","°C","100.000","%a.s.","26.990","deg","23.835","°C","1018.000","hPa","0.808","-0.065","0.00038","-0.00034","0","31","Humid","5.00","0","2500.00","34821.95","SADD0002000339 Box 1","ABF1.0.0.0","4.0.0.2353","PSt3","221014-001","6/4/2024 1:58:11 PM","0000-00","0","no battery","V","","µV","","µV"
"07/08/2024","16:50:23","1","default","166358087","001","42.684","min","243.290","μmol/L","Humid","24.476","deg","36013","µV","27.000","°C","1024.000","hPa","38.4","pmil","0","59.850","deg","20.000","°C","100.000","%a.s.","26.990","deg","23.835","°C","1018.000","hPa","0.808","-0.065","0.00038","-0.00034","0","31","Humid","5.00","0","2500.00","34817.17","SADD0002000339 Box 1","ABF1.0.0.0","4.0.0.2353","PSt3","221014-001","6/4/2024 1:58:11 PM","0000-00","0","no battery","V","","µV","","µV"
"07/08/2024","16:50:24","1","default","166358087","001","42.700","min","243.365","μmol/L","Humid","24.473","deg","36012","µV","27.000","°C","1024.000","hPa","38.4","pmil","0","59.850","deg","20.000","°C","100.000","%a.s.","26.990","deg","23.835","°C","1018.000","hPa","0.808","-0.065","0.00038","-0.00034","0","31","Humid","5.00","0","2500.00","34820.91","SADD0002000339 Box 1","ABF1.0.0.0","4.0.0.2353","PSt3","221014-001","6/4/2024 1:58:11 PM","0000-00","0","no battery","V","","µV","","µV"
"07/08/2024","16:50:25","1","default","166358087","001","42.717","min","243.191","μmol/L","Humid","24.480","deg","36017","µV","27.000","°C","1024.000","hPa","38.4","pmil","0","59.850","deg","20.000","°C","100.000","%a.s.","26.990","deg","23.835","°C","1018.000","hPa","0.808","-0.065","0.00038","-0.00034","0","31","Humid","5.00","0","2500.00","34829.09","SADD0002000339 Box 1","ABF1.0.0.0","4.0.0.2353","PSt3","221014-001","6/4/2024 1:58:11 PM","0000-00","0","no battery","V","","µV","","µV"
"07/08/2024","16:50:26","1","default","166358087","001","42.733","min","243.340","μmol/L","Humid","24.474","deg","36016","µV","27.000","°C","1024.000","hPa","38.4","pmil","0","59.850","deg","20.000","°C","100.000","%a.s.","26.990","deg","23.835","°C","1018.000","hPa","0.808","-0.065","0.00038","-0.00034","0","31","Humid","5.00","0","2500.00","34820.99","SADD0002000339 Box 1","ABF1.0.0.0","4.0.0.2353","PSt3","221014-001","6/4/2024 1:58:11 PM","0000-00","0","no battery","V","","µV","","µV"
"07/08/2024","16:50:27","1","default","166358087","001","42.750","min","243.166","μmol/L","Humid","24.481","deg","36010","µV","27.000","°C","1024.000","hPa","38.4","pmil","0","59.850","deg","20.000","°C","100.000","%a.s.","26.990","deg","23.835","°C","1018.000","hPa","0.808","-0.065","0.00038","-0.00034","0","31","Humid","5.00","0","2500.00","34820.39","SADD0002000339 Box 1","ABF1.0.0.0","4.0.0.2353","PSt3","221014-001","6/4/2024 1:58:11 PM","0000-00","0","no battery","V","","µV","","µV"
"07/08/2024","16:50:28","1","default","166358087","001","42.767","min","243.067","μmol/L","Humid","24.485","deg","36013","µV","27.000","°C","1024.000","hPa","38.4","pmil","0","59.850","deg","20.000","°C","100.000","%a.s.","26.990","deg","23.835","°C","1018.000","hPa","0.808","-0.065","0.00038","-0.00034","0","31","Humid","5.00","0","2500.00","34824.63","SADD0002000339 Box 1","ABF1.0.0.0","4.0.0.2353","PSt3","221014-001","6/4/2024 1:58:11 PM","0000-00","0","no battery","V","","µV","","µV"
"07/08/2024","16:50:29","1","default","166358087","001","42.783","min","243.216","μmol/L","Humid","24.479","deg","36007","µV","27.000","°C","1024.000","hPa","38.4","pmil","0","59.850","deg","20.000","°C","100.000","%a.s.","26.990","deg","23.835","°C","1018.000","hPa","0.808","-0.065","0.00038","-0.00034","0","31","Humid","5.00","0","2500.00","34823.86","SADD0002000339 Box 1","ABF1.0.0.0","4.0.0.2353","PSt3","221014-001","6/4/2024 1:58:11 PM","0000-00","0","no battery","V","","µV","","µV"
"07/08/2024","16:50:30","1","default","166358087","001","42.800","min","243.042","μmol/L","Humid","24.486","deg","36018","µV","27.000","°C","1024.000","hPa","38.4","pmil","0","59.850","deg","20.000","°C","100.000","%a.s.","26.990","deg","23.835","°C","1018.000","hPa","0.808","-0.065","0.00038","-0.00034","0","31","Humid","5.00","0","2500.00","34822.50","SADD0002000339 Box 1","ABF1.0.0.0","4.0.0.2353","PSt3","221014-001","6/4/2024 1:58:11 PM","0000-00","0","no battery","V","","µV","","µV"
"07/08/2024","16:50:31","1","default","166358087","001","42.817","min","243.191","μmol/L","Humid","24.480","deg","36019","µV","27.000","°C","1024.000","hPa","38.4","pmil","0","59.850","deg","20.000","°C","100.000","%a.s.","26.990","deg","23.835","°C","1018.000","hPa","0.808","-0.065","0.00038","-0.00034","0","31","Humid","5.00","0","2500.00","34823.87","SADD0002000339 Box 1","ABF1.0.0.0","4.0.0.2353","PSt3","221014-001","6/4/2024 1:58:11 PM","0000-00","0","no battery","V","","µV","","µV"
"07/08/2024","16:50:32","1","default","166358087","001","42.833","min","242.967","μmol/L","Humid","24.489","deg","36015","µV","27.000","°C","1024.000","hPa","38.4","pmil","0","59.850","deg","20.000","°C","100.000","%a.s.","26.990","deg","23.835","°C","1018.000","hPa","0.808","-0.065","0.00038","-0.00034","0","31","Humid","5.00","0","2500.00","34821.85","SADD0002000339 Box 1","ABF1.0.0.0","4.0.0.2353","PSt3","221014-001","6/4/2024 1:58:11 PM","0000-00","0","no battery","V","","µV","","µV"
"07/08/2024","16:50:33","1","default","166358087","001","42.850","min","243.116","μmol/L","Humid","24.483","deg","36020","µV","27.000","°C","1024.000","hPa","38.4","pmil","0","59.850","deg","20.000","°C","100.000","%a.s.","26.990","deg","23.835","°C","1018.000","hPa","0.808","-0.065","0.00038","-0.00034","0","31","Humid","5.00","0","2500.00","34819.22","SADD0002000339 Box 1","ABF1.0.0.0","4.0.0.2353","PSt3","221014-001","6/4/2024 1:58:11 PM","0000-00","0","no battery","V","","µV","","µV"
"07/08/2024","16:50:34","1","default","166358087","001","42.867","min","243.240","μmol/L","Humid","24.478","deg","36016","µV","27.000","°C","1024.000","hPa","38.4","pmil","0","59.850","deg","20.000","°C","100.000","%a.s.","26.990","deg","23.835","°C","1018.000","hPa","0.808","-0.065","0.00038","-0.00034","0","31","Humid","5.00","0","2500.00","34823.56","SADD0002000339 Box 1","ABF1.0.0.0","4.0.0.2353","PSt3","221014-001","6/4/2024 1:58:11 PM","0000-00","0","no battery","V","","µV","","µV"
"07/08/2024","16:50:35","1","default","166358087","001","42.883","min","243.166","μmol/L","Humid","24.481","deg","36019","µV","27.000","°C","1024.000","hPa","38.4","pmil","0","59.850","deg","20.000","°C","100.000","%a.s.","26.990","deg","23.835","°C","1018.000","hPa","0.808","-0.065","0.00038","-0.00034","0","31","Humid","5.00","0","2500.00","34822.57","SADD0002000339 Box 1","ABF1.0.0.0","4.0.0.2353","PSt3","221014-001","6/4/2024 1:58:11 PM","0000-00","0","no battery","V","","µV","","µV"
"07/08/2024","16:50:36","1","default","166358087","001","42.900","min","243.315","μmol/L","Humid","24.475","deg","36018","µV","27.000","°C","1024.000","hPa","38.4","pmil","0","59.850","deg","20.000","°C","100.000","%a.s.","26.990","deg","23.835","°C","1018.000","hPa","0.808","-0.065","0.00038","-0.00034","0","31","Humid","5.00","0","2500.00","34820.77","SADD0002000339 Box 1","ABF1.0.0.0","4.0.0.2353","PSt3","221014-001","6/4/2024 1:58:11 PM","0000-00","0","no battery","V","","µV","","µV"
"07/08/2024","16:50:37","1","default","166358087","001","42.917","min","243.365","μmol/L","Humid","24.473","deg","36030","µV","27.000","°C","1024.000","hPa","38.4","pmil","0","59.850","deg","20.000","°C","100.000","%a.s.","26.990","deg","23.835","°C","1018.000","hPa","0.808","-0.065","0.00038","-0.00034","0","31","Humid","5.00","0","2500.00","34818.78","SADD0002000339 Box 1","ABF1.0.0.0","4.0.0.2353","PSt3","221014-001","6/4/2024 1:58:11 PM","0000-00","0","no battery","V","","µV","","µV"
"07/08/2024","16:50:38","1","default","166358087","001","42.933","min","243.265","μmol/L","Humid","24.477","deg","36030","µV","27.000","°C","1024.000","hPa","38.4","pmil","0","59.850","deg","20.000","°C","100.000","%a.s.","26.990","deg","23.835","°C","1018.000","hPa","0.808","-0.065","0.00038","-0.00034","0","31","Humid","5.00","0","2500.00","34816.48","SADD0002000339 Box 1","ABF1.0.0.0","4.0.0.2353","PSt3","221014-001","6/4/2024 1:58:11 PM","0000-00","0","no battery","V","","µV","","µV"
"07/08/2024","16:50:39","1","default","166358087","001","42.950","min","243.216","μmol/L","Humid","24.479","deg","36032","µV","27.000","°C","1024.000","hPa","38.4","pmil","0","59.850","deg","20.000","°C","100.000","%a.s.","26.990","deg","23.835","°C","1018.000","hPa","0.808","-0.065","0.00038","-0.00034","0","31","Humid","5.00","0","2500.00","34824.65","SADD0002000339 Box 1","ABF1.0.0.0","4.0.0.2353","PSt3","221014-001","6/4/2024 1:58:11 PM","0000-00","0","no battery","V","","µV","","µV"

"Date","Time","delta_t","Device_Serial","Channel","User","Annotation"
